,Step 0,Step 1,Step 2,Step 3,Step 4,Step 5,Step 6,Step 7,Step 8,Step 9,Step 10,Step 11,Step 12,Step 13,Step 14,Step 15,Step 16,Step 17,Step 18,Step 19,Step 20,Step 21,Step 22,Step 23,Step 24,Step 25,Step 26,
100653049,0,0,0,0,0,0,0,0,0,0,0,0,0,0,0,0,0,0,0,0,0,0,0,0,0,0,0,
102723532,0,0,0,0,0,0,0,0,0,0,0,0,0,0,0,0,0,0,0,0,0,0,0,0,0,0,0,
102723996,0,0,0,0,0,0,0,0,0,0,0,0,0,0,0,0,0,0,0,0,0,0,0,0,0,0,0,
102724788,0,0,0,0,0,0,0,0,0,0,0,0,0,0,0,0,0,0,0,0,0,0,0,0,0,0,0,
102725035,0,0,0,0,0,0,0,0,0,0,0,0,0,0,0,0,0,0,0,0,0,0,0,0,0,0,0,
102725035-FCGR1A,0,0,0,0,0,0,0,0,0,0,0,0,0,0,0,0,0,0,0,0,0,0,0,0,0,0,0,
107987478,0,0,0,0,0,0,0,0,0,0,0,0,0,0,0,0,0,0,0,0,0,0,0,0,0,0,0,
112267859,0,0,0,0,0,0,0,0,0,0,0,0,0,0,0,0,0,0,0,0,0,0,0,0,0,0,0,
A2M,5,4,3,2,1,0,0,0,0,0,0,0,0,0,0,0,0,0,0,0,0,0,0,0,0,0,0,
A3GALT2,5,4,3,2,1,0,0,0,0,0,0,0,0,0,0,0,0,0,0,0,0,0,0,0,0,0,0,
A4GALT,5,4,3,2,1,0,0,0,0,0,0,0,0,0,0,0,0,0,0,0,0,0,0,0,0,0,0,
AACS,5,4,3,2,1,0,0,0,0,0,0,0,0,0,0,0,0,0,0,0,0,0,0,0,0,0,0,
AADAT,5,4,3,2,1,0,0,0,0,0,0,0,0,0,0,0,0,0,0,0,0,0,0,0,0,0,0,
AANAT,5,4,3,2,1,0,0,0,0,0,0,0,0,0,0,0,0,0,0,0,0,0,0,0,0,0,0,
AASDHPPT,5,4,3,2,1,0,0,0,0,0,0,0,0,0,0,0,0,0,0,0,0,0,0,0,0,0,0,
AASS,5,4,3,2,1,0,0,0,0,0,0,0,0,0,0,0,0,0,0,0,0,0,0,0,0,0,0,
ABAT,1,0,0,0,0,0,0,0,0,0,0,0,0,0,0,0,0,0,0,0,0,0,0,0,0,0,0,
ABCB11,5,5,4,3,2,1,0,0,0,0,0,0,0,0,0,0,0,0,0,0,0,0,0,0,0,0,0,
ABCB4,5,5,4,3,2,1,0,0,0,0,0,0,0,0,0,0,0,0,0,0,0,0,0,0,0,0,0,
ABCC2,5,5,4,3,2,1,0,0,0,0,0,0,0,0,0,0,0,0,0,0,0,0,0,0,0,0,0,
ABCC8,5,4,3,2,1,0,0,0,0,0,0,0,0,0,0,0,0,0,0,0,0,0,0,0,0,0,0,
ABHD14A-ACY1,5,4,3,2,1,0,0,0,0,0,0,0,0,0,0,0,0,0,0,0,0,0,0,0,0,0,0,
ABHD5,5,4,3,2,1,0,0,0,0,0,0,0,0,0,0,0,0,0,0,0,0,0,0,0,0,0,0,
ABI2-NCKAP1,0,0,0,0,0,0,0,0,0,0,0,0,0,0,0,0,0,0,0,0,0,0,0,0,0,0,0,
ABL1,5,6,7,8,9,9,9,9,9,9,9,9,9,9,9,9,9,9,9,9,9,9,9,9,9,9,9,
ABLIM3,5,6,7,8,9,9,9,9,9,9,9,9,9,9,9,9,9,9,9,9,9,9,9,9,9,9,9,
ABO,5,4,3,2,1,0,0,0,0,0,0,0,0,0,0,0,0,0,0,0,0,0,0,0,0,0,0,
ACAA1,5,4,3,2,1,0,0,0,0,0,0,0,0,0,0,0,0,0,0,0,0,0,0,0,0,0,0,
ACAA2,5,4,3,2,1,0,0,0,0,0,0,0,0,0,0,0,0,0,0,0,0,0,0,0,0,0,0,
ACACA,5,4,3,2,1,0,0,0,0,0,0,0,0,0,0,0,0,0,0,0,0,0,0,0,0,0,0,
ACACB,5,4,3,2,1,0,0,0,0,0,0,0,0,0,0,0,0,0,0,0,0,0,0,0,0,0,0,
ACAD8,5,4,3,2,1,0,0,0,0,0,0,0,0,0,0,0,0,0,0,0,0,0,0,0,0,0,0,
ACADL,9,8,7,6,5,4,3,2,1,0,0,0,0,0,0,0,0,0,0,0,0,0,0,0,0,0,0,
ACADM,5,4,3,2,1,0,0,0,0,0,0,0,0,0,0,0,0,0,0,0,0,0,0,0,0,0,0,
ACADS,5,4,3,2,1,0,0,0,0,0,0,0,0,0,0,0,0,0,0,0,0,0,0,0,0,0,0,
ACADSB,5,4,3,2,1,0,0,0,0,0,0,0,0,0,0,0,0,0,0,0,0,0,0,0,0,0,0,
ACADVL,5,4,3,2,1,0,0,0,0,0,0,0,0,0,0,0,0,0,0,0,0,0,0,0,0,0,0,
ACAT1,5,4,3,2,1,0,0,0,0,0,0,0,0,0,0,0,0,0,0,0,0,0,0,0,0,0,0,
ACER1,5,4,3,2,1,0,0,0,0,0,0,0,0,0,0,0,0,0,0,0,0,0,0,0,0,0,0,
ACER3,5,4,3,2,1,0,0,0,0,0,0,0,0,0,0,0,0,0,0,0,0,0,0,0,0,0,0,
ACHE,5,4,3,2,1,0,0,0,0,0,0,0,0,0,0,0,0,0,0,0,0,0,0,0,0,0,0,
ACIN1,5,4,3,2,1,0,0,0,0,0,0,0,0,0,0,0,0,0,0,0,0,0,0,0,0,0,0,
ACKR3,5,5,4,3,2,1,0,0,0,0,0,0,0,0,0,0,0,0,0,0,0,0,0,0,0,0,0,
ACKR4,5,6,7,8,9,8,7,6,5,4,3,2,1,0,0,0,0,0,0,0,0,0,0,0,0,0,0,
ACLY,9,8,7,6,5,4,3,2,1,0,0,0,0,0,0,0,0,0,0,0,0,0,0,0,0,0,0,
ACMSD,1,0,0,0,0,0,0,0,0,0,0,0,0,0,0,0,0,0,0,0,0,0,0,0,0,0,0,
ACO1,5,4,3,2,1,0,0,0,0,0,0,0,0,0,0,0,0,0,0,0,0,0,0,0,0,0,0,
ACOT12,5,4,3,2,1,0,0,0,0,0,0,0,0,0,0,0,0,0,0,0,0,0,0,0,0,0,0,
ACOT2,5,4,3,2,3,4,5,6,7,8,9,9,9,9,9,9,9,9,9,9,9,9,9,9,9,9,9,
ACOT8,5,4,3,2,1,0,0,0,0,0,0,0,0,0,0,0,0,0,0,0,0,0,0,0,0,0,0,
ACOX1,5,5,6,7,8,7,6,5,4,3,4,5,6,7,8,9,9,9,9,9,9,9,9,9,9,9,9,
ACOX2,5,4,3,2,1,0,0,0,0,0,0,0,0,0,0,0,0,0,0,0,0,0,0,0,0,0,0,
ACP1,5,4,3,2,1,0,0,0,0,0,0,0,0,0,0,0,0,0,0,0,0,0,0,0,0,0,0,
ACP5,5,6,7,8,9,9,9,9,9,9,9,9,9,9,9,9,9,9,9,9,9,9,9,9,9,9,9,
ACSF3,5,4,3,2,1,0,0,0,0,0,0,0,0,0,0,0,0,0,0,0,0,0,0,0,0,0,0,
ACSL1,5,4,3,2,1,0,0,0,0,0,0,0,0,0,0,0,0,0,0,0,0,0,0,0,0,0,0,
ACSM1,5,4,3,2,1,0,0,0,0,0,0,0,0,0,0,0,0,0,0,0,0,0,0,0,0,0,0,
ACSS2,5,4,3,2,1,0,0,0,0,0,0,0,0,0,0,0,0,0,0,0,0,0,0,0,0,0,0,
ACSS3,5,4,3,2,1,0,0,0,0,0,0,0,0,0,0,0,0,0,0,0,0,0,0,0,0,0,0,
ACTA2,9,8,7,6,5,4,3,2,1,0,0,0,0,0,0,0,0,0,0,0,0,0,0,0,0,0,0,
ACTB,5,6,7,8,9,9,9,9,9,9,9,9,9,9,9,9,9,9,9,9,9,9,9,9,9,9,9,
ACTC1,5,4,3,2,1,0,0,0,0,0,0,0,0,0,0,0,0,0,0,0,0,0,0,0,0,0,0,
ACTN4,5,4,3,2,1,0,0,0,0,0,0,0,0,0,0,0,0,0,0,0,0,0,0,0,0,0,0,
ACTR3,5,4,3,2,1,0,0,0,0,0,0,0,0,0,0,0,0,0,0,0,0,0,0,0,0,0,0,
ACTR3-ACTB,0,0,0,0,0,0,0,0,0,0,0,0,0,0,0,0,0,0,0,0,0,0,0,0,0,0,0,
ACVR1,5,4,3,2,1,0,0,0,0,0,0,0,0,0,0,0,0,0,0,0,0,0,0,0,0,0,0,
ACVR1-ACVR2B,0,1,2,3,4,4,3,2,1,0,0,0,0,0,0,0,0,0,0,0,0,0,0,0,0,0,0,
ACVR1B-ACVR2B,0,1,2,3,2,1,0,0,0,0,0,0,0,0,0,0,0,0,0,0,0,0,0,0,0,0,0,
ACVR1C,5,6,7,6,5,4,3,2,1,0,0,0,0,0,0,0,0,0,0,0,0,0,0,0,0,0,0,
ACVR2A,5,6,7,6,5,4,3,2,1,0,0,0,0,0,0,0,0,0,0,0,0,0,0,0,0,0,0,
ACVR2A-ACVR1,0,1,2,3,4,4,3,2,1,0,0,0,0,0,0,0,0,0,0,0,0,0,0,0,0,0,0,
ACVR2A-BMPR1B,0,1,2,3,4,5,6,7,8,9,9,9,9,9,9,9,9,9,9,9,9,9,9,9,9,9,9,
ACYP1,5,4,3,2,1,0,0,0,0,0,0,0,0,0,0,0,0,0,0,0,0,0,0,0,0,0,0,
ADA,5,5,4,3,2,1,0,0,0,0,0,0,0,0,0,0,0,0,0,0,0,0,0,0,0,0,0,
ADAM17,5,4,3,2,1,0,0,0,0,0,0,0,0,0,0,0,0,0,0,0,0,0,0,0,0,0,0,
ADCY1,5,6,7,8,9,9,9,9,9,9,9,9,9,9,9,9,9,9,9,9,9,9,9,9,9,9,9,
ADCY10,5,4,3,2,3,4,5,6,7,8,9,9,9,9,9,9,9,9,9,9,9,9,9,9,9,9,9,
ADCY2,5,5,6,7,8,9,9,9,9,9,9,9,9,9,9,9,9,9,9,9,9,9,9,9,9,9,9,
ADCY3,5,4,3,2,2,2,1,0,0,0,0,0,0,0,0,0,0,0,0,0,0,0,0,0,0,0,0,
ADCY5,1,0,0,0,0,0,0,0,0,0,0,0,0,0,0,0,0,0,0,0,0,0,0,0,0,0,0,
ADCY6,5,5,6,7,8,9,9,9,9,9,9,9,9,9,9,9,9,9,9,9,9,9,9,9,9,9,9,
ADCYAP1,5,4,3,2,1,0,0,0,0,0,0,0,0,0,0,0,0,0,0,0,0,0,0,0,0,0,0,
ADCYAP1R1,5,6,7,8,9,9,9,9,9,9,9,9,9,9,9,9,9,9,9,9,9,9,9,9,9,9,9,
ADGRB1,5,5,6,7,8,9,9,9,9,9,9,9,9,9,9,9,9,9,9,9,9,9,9,9,9,9,9,
ADH1A,5,4,3,2,1,0,0,0,0,0,0,0,0,0,0,0,0,0,0,0,0,0,0,0,0,0,0,
ADI1,5,4,3,2,1,0,0,0,0,0,0,0,0,0,0,0,0,0,0,0,0,0,0,0,0,0,0,
ADIPOQ,5,4,3,2,1,0,0,0,0,0,0,0,0,0,0,0,0,0,0,0,0,0,0,0,0,0,0,
ADIPOR1,5,5,4,3,2,1,0,0,0,0,0,0,0,0,0,0,0,0,0,0,0,0,0,0,0,0,0,
ADK,5,4,3,2,1,0,0,0,0,0,0,0,0,0,0,0,0,0,0,0,0,0,0,0,0,0,0,
ADM,5,4,3,2,1,0,0,0,0,0,0,0,0,0,0,0,0,0,0,0,0,0,0,0,0,0,0,
ADO,5,4,3,2,1,0,0,0,0,0,0,0,0,0,0,0,0,0,0,0,0,0,0,0,0,0,0,
ADORA1,5,5,5,5,4,3,2,1,0,0,0,0,0,0,0,0,0,0,0,0,0,0,0,0,0,0,0,
ADORA2A,5,4,3,2,1,0,0,0,0,0,0,0,0,0,0,0,0,0,0,0,0,0,0,0,0,0,0,
ADPGK,5,4,3,2,1,0,0,0,0,0,0,0,0,0,0,0,0,0,0,0,0,0,0,0,0,0,0,
ADPRM,5,4,3,2,1,0,0,0,0,0,0,0,0,0,0,0,0,0,0,0,0,0,0,0,0,0,0,
ADRA1A,5,4,3,2,1,0,0,0,0,0,0,0,0,0,0,0,0,0,0,0,0,0,0,0,0,0,0,
ADRA1D,5,4,3,2,1,0,0,0,0,0,0,0,0,0,0,0,0,0,0,0,0,0,0,0,0,0,0,
ADRB1,5,4,3,2,1,0,0,0,0,0,0,0,0,0,0,0,0,0,0,0,0,0,0,0,0,0,0,
ADRB2,5,4,3,2,1,0,0,0,0,0,0,0,0,0,0,0,0,0,0,0,0,0,0,0,0,0,0,
ADSL,5,4,3,2,1,0,0,0,0,0,0,0,0,0,0,0,0,0,0,0,0,0,0,0,0,0,0,
ADSS1,1,0,0,0,0,0,0,0,0,0,0,0,0,0,0,0,0,0,0,0,0,0,0,0,0,0,0,
AFDN,5,6,7,8,9,9,9,9,9,9,9,9,9,9,9,9,9,9,9,9,9,9,9,9,9,9,9,
AFMID,5,4,3,2,1,0,0,0,0,0,0,0,0,0,0,0,0,0,0,0,0,0,0,0,0,0,0,
AFP,5,5,4,3,2,1,0,1,0,0,0,0,0,0,0,0,0,0,0,0,0,0,0,0,0,0,0,
AGAP2,5,4,3,2,1,0,0,0,0,0,0,0,0,0,0,0,0,0,0,0,0,0,0,0,0,0,0,
AGK,5,4,3,2,1,0,0,0,0,0,0,0,0,0,0,0,0,0,0,0,0,0,0,0,0,0,0,
AGL,5,4,3,2,1,0,0,0,0,0,0,0,0,0,0,0,0,0,0,0,0,0,0,0,0,0,0,
AGMAT,5,4,3,2,1,0,0,0,0,0,0,0,0,0,0,0,0,0,0,0,0,0,0,0,0,0,0,
AGPAT1,5,4,3,2,1,0,0,0,0,0,0,0,0,0,0,0,0,0,0,0,0,0,0,0,0,0,0,
AGRN,5,4,3,2,1,0,0,0,0,0,0,0,0,0,0,0,0,0,0,0,0,0,0,0,0,0,0,
AGRP,5,4,3,2,1,0,0,0,0,0,0,0,0,0,0,0,0,0,0,0,0,0,0,0,0,0,0,
AGT,5,4,3,2,1,0,0,0,0,0,0,0,0,0,0,0,0,0,0,0,0,0,0,0,0,0,0,
AGTR1,5,5,5,5,5,5,5,5,5,5,5,5,5,5,5,5,5,5,5,5,5,5,5,5,5,5,5,
AGTR2,5,4,3,2,3,4,5,5,5,5,5,5,5,5,5,5,5,5,5,5,5,5,5,5,5,5,5,
AGXT,5,4,3,2,1,0,0,0,0,0,0,0,0,0,0,0,0,0,0,0,0,0,0,0,0,0,0,
AGXT2,5,4,3,2,1,0,0,0,0,0,0,0,0,0,0,0,0,0,0,0,0,0,0,0,0,0,0,
AHCYL1,5,4,3,2,1,0,0,0,0,0,0,0,0,0,0,0,0,0,0,0,0,0,0,0,0,0,0,
AIFM2,5,5,6,7,8,9,9,9,9,9,9,9,9,9,9,9,9,9,9,9,9,9,9,9,9,9,9,
AIM2,5,4,3,2,1,0,0,0,0,0,0,0,0,0,0,0,0,0,0,0,0,0,0,0,0,0,0,
AK3,5,4,3,2,1,0,0,0,0,0,0,0,0,0,0,0,0,0,0,0,0,0,0,0,0,0,0,
AK6,5,4,3,2,1,0,0,0,0,0,0,0,0,0,0,0,0,0,0,0,0,0,0,0,0,0,0,
AK7,1,0,0,0,0,0,0,0,0,0,0,0,0,0,0,0,0,0,0,0,0,0,0,0,0,0,0,
AKR1A1,5,4,3,2,1,0,0,0,0,0,0,0,0,0,0,0,0,0,0,0,0,0,0,0,0,0,0,
AKR1B1,5,4,3,2,1,0,0,0,0,0,0,0,0,0,0,0,0,0,0,0,0,0,0,0,0,0,0,
AKR1C1,5,4,3,2,1,0,0,0,0,0,0,0,0,0,0,0,0,0,0,0,0,0,0,0,0,0,0,
AKR1C2,9,8,7,6,5,4,3,2,1,0,0,0,0,0,0,0,0,0,0,0,0,0,0,0,0,0,0,
AKR1C3,5,4,3,2,1,0,0,0,0,0,0,0,0,0,0,0,0,0,0,0,0,0,0,0,0,0,0,
AKR1C4,5,4,3,2,1,0,0,0,0,0,0,0,0,0,0,0,0,0,0,0,0,0,0,0,0,0,0,
AKR1D1,5,4,3,2,1,0,0,0,0,0,0,0,0,0,0,0,0,0,0,0,0,0,0,0,0,0,0,
AKT1S1,5,4,3,2,1,0,0,0,0,0,0,0,0,0,0,0,0,0,0,0,0,0,0,0,0,0,0,
AKT3,5,4,3,4,5,6,7,8,9,9,9,9,9,9,9,9,9,9,9,9,9,9,9,9,9,9,9,
ALAD,5,4,3,2,1,0,0,0,0,0,0,0,0,0,0,0,0,0,0,0,0,0,0,0,0,0,0,
ALAS1,5,4,3,2,1,0,0,0,0,0,0,0,0,0,0,0,0,0,0,0,0,0,0,0,0,0,0,
ALCAM,5,4,3,2,1,0,0,0,0,0,0,0,0,0,0,0,0,0,0,0,0,0,0,0,0,0,0,
ALDH18A1,5,4,3,2,1,0,0,0,0,0,0,0,0,0,0,0,0,0,0,0,0,0,0,0,0,0,0,
ALDH1A1,5,4,3,2,1,0,0,0,0,0,0,0,0,0,0,0,0,0,0,0,0,0,0,0,0,0,0,
ALDH1L1,5,4,3,2,1,0,0,0,0,0,0,0,0,0,0,0,0,0,0,0,0,0,0,0,0,0,0,
ALDH2,5,4,3,2,1,0,0,0,0,0,0,0,0,0,0,0,0,0,0,0,0,0,0,0,0,0,0,
ALDH3A1,5,4,3,2,1,0,0,0,0,0,0,0,0,0,0,0,0,0,0,0,0,0,0,0,0,0,0,
ALDH4A1,5,4,3,2,1,0,0,0,0,0,0,0,0,0,0,0,0,0,0,0,0,0,0,0,0,0,0,
ALDH5A1,5,4,3,2,1,0,0,0,0,0,0,0,0,0,0,0,0,0,0,0,0,0,0,0,0,0,0,
ALDH6A1,1,0,0,0,0,0,0,0,0,0,0,0,0,0,0,0,0,0,0,0,0,0,0,0,0,0,0,
ALDH7A1,5,4,3,2,1,0,0,0,0,0,0,0,0,0,0,0,0,0,0,0,0,0,0,0,0,0,0,
ALDH8A1,5,4,3,2,1,0,0,0,0,0,0,0,0,0,0,0,0,0,0,0,0,0,0,0,0,0,0,
ALDH9A1,5,4,3,2,1,0,0,0,0,0,0,0,0,0,0,0,0,0,0,0,0,0,0,0,0,0,0,
ALDOA,5,4,3,2,1,0,0,0,0,0,0,0,0,0,0,0,0,0,0,0,0,0,0,0,0,0,0,
ALG1,5,4,3,2,1,0,0,0,0,0,0,0,0,0,0,0,0,0,0,0,0,0,0,0,0,0,0,
ALG10B,5,4,3,2,1,0,0,0,0,0,0,0,0,0,0,0,0,0,0,0,0,0,0,0,0,0,0,
ALG11,5,4,3,2,1,0,0,0,0,0,0,0,0,0,0,0,0,0,0,0,0,0,0,0,0,0,0,
ALG12,5,4,3,2,1,0,0,0,0,0,0,0,0,0,0,0,0,0,0,0,0,0,0,0,0,0,0,
ALG13-ALG14,0,0,0,0,0,0,0,0,0,0,0,0,0,0,0,0,0,0,0,0,0,0,0,0,0,0,0,
ALG2,5,4,3,2,1,0,0,0,0,0,0,0,0,0,0,0,0,0,0,0,0,0,0,0,0,0,0,
ALG3,5,4,3,2,1,0,0,0,0,0,0,0,0,0,0,0,0,0,0,0,0,0,0,0,0,0,0,
ALG5,5,4,3,2,1,0,0,0,0,0,0,0,0,0,0,0,0,0,0,0,0,0,0,0,0,0,0,
ALG6,5,4,3,2,1,0,0,0,0,0,0,0,0,0,0,0,0,0,0,0,0,0,0,0,0,0,0,
ALG9,5,4,3,2,1,0,0,0,0,0,0,0,0,0,0,0,0,0,0,0,0,0,0,0,0,0,0,
ALOX12,5,4,3,2,1,0,0,0,0,0,0,0,0,0,0,0,0,0,0,0,0,0,0,0,0,0,0,
ALOX12B,5,4,3,2,1,0,0,0,0,0,0,0,0,0,0,0,0,0,0,0,0,0,0,0,0,0,0,
ALOX15,5,5,4,3,2,1,0,0,0,0,0,0,0,0,0,0,0,0,0,0,0,0,0,0,0,0,0,
ALOX15B,5,4,3,2,1,0,0,0,0,0,0,0,0,0,0,0,0,0,0,0,0,0,0,0,0,0,0,
ALOX5,5,4,3,2,1,0,0,0,0,0,0,0,0,0,0,0,0,0,0,0,0,0,0,0,0,0,0,
ALPI,5,4,3,2,1,0,0,0,0,0,0,0,0,0,0,0,0,0,0,0,0,0,0,0,0,0,0,
ALYREF,5,4,3,2,1,0,0,0,0,0,0,0,0,0,0,0,0,0,0,0,0,0,0,0,0,0,0,
AMACR,5,4,3,2,1,0,0,0,0,0,0,0,0,0,0,0,0,0,0,0,0,0,0,0,0,0,0,
AMBRA1,5,5,4,3,2,1,0,0,0,0,0,0,0,0,0,0,0,0,0,0,0,0,0,0,0,0,0,
AMD1,5,4,3,2,1,0,0,0,0,0,0,0,0,0,0,0,0,0,0,0,0,0,0,0,0,0,0,
AMDHD1,1,0,0,0,0,0,0,0,0,0,0,0,0,0,0,0,0,0,0,0,0,0,0,0,0,0,0,
AMDHD2,5,4,3,2,1,0,0,0,0,0,0,0,0,0,0,0,0,0,0,0,0,0,0,0,0,0,0,
AMH,5,6,7,8,9,9,9,9,9,9,9,9,9,9,9,9,9,9,9,9,9,9,9,9,9,9,9,
AMHR2,9,8,7,6,5,4,3,2,1,0,0,0,0,0,0,0,0,0,0,0,0,0,0,0,0,0,0,
AMOT,5,4,3,2,1,0,0,0,0,0,0,0,0,0,0,0,0,0,0,0,0,0,0,0,0,0,0,
AMPD1,5,4,3,2,1,0,0,0,0,0,0,0,0,0,0,0,0,0,0,0,0,0,0,0,0,0,0,
AMT,5,4,3,2,1,0,0,0,0,0,0,0,0,0,0,0,0,0,0,0,0,0,0,0,0,0,0,
AMY1A,5,4,3,2,1,0,0,0,0,0,0,0,0,0,0,0,0,0,0,0,0,0,0,0,0,0,0,
ANAPC10,5,4,3,2,1,0,0,0,0,0,0,0,0,0,0,0,0,0,0,0,0,0,0,0,0,0,0,
ANAPC10-CDC20,0,1,2,3,4,5,6,7,8,9,9,9,9,9,9,9,9,9,9,9,9,9,9,9,9,9,9,
ANGPT1,5,4,3,2,1,0,0,0,0,0,0,0,0,0,0,0,0,0,0,0,0,0,0,0,0,0,0,
ANGPTL4,1,0,0,0,0,0,0,0,0,0,0,0,0,0,0,0,0,0,0,0,0,0,0,0,0,0,0,
ANO2,5,4,3,2,3,4,5,6,7,8,9,9,9,9,9,9,9,9,9,9,9,9,9,9,9,9,9,
ANPEP,5,4,3,2,1,0,0,0,0,0,0,0,0,0,0,0,0,0,0,0,0,0,0,0,0,0,0,
AOC1,5,4,3,2,1,0,0,0,0,0,0,0,0,0,0,0,0,0,0,0,0,0,0,0,0,0,0,
AOC2,1,0,0,0,0,0,0,0,0,0,0,0,0,0,0,0,0,0,0,0,0,0,0,0,0,0,0,
AOX1,5,4,3,2,1,2,3,4,5,6,7,8,9,9,9,9,9,9,9,9,9,9,9,9,9,9,9,
AP2M1,5,4,3,2,1,0,0,0,0,0,0,0,0,0,0,0,0,0,0,0,0,0,0,0,0,0,0,
APAF1,5,5,6,7,8,9,9,9,9,9,9,9,9,9,9,9,9,9,9,9,9,9,9,9,9,9,9,
APBB1IP,5,5,6,7,8,9,9,9,9,9,9,9,9,9,9,9,9,9,9,9,9,9,9,9,9,9,9,
APC2,1,0,0,0,0,0,0,0,0,0,0,0,0,0,0,0,0,0,0,0,0,0,0,0,0,0,0,
APC2-AXIN1,0,0,0,0,0,0,0,0,0,0,0,0,0,0,0,0,0,0,0,0,0,0,0,0,0,0,0,
APH1A-PSEN1,0,0,0,0,0,0,0,0,0,0,0,0,0,0,0,0,0,0,0,0,0,0,0,0,0,0,0,
APIP,5,4,3,2,1,0,0,0,0,0,0,0,0,0,0,0,0,0,0,0,0,0,0,0,0,0,0,
APLN,9,8,7,6,5,4,3,2,1,0,0,0,0,0,0,0,0,0,0,0,0,0,0,0,0,0,0,
APLNR,5,6,7,7,6,5,4,3,2,1,0,0,0,0,0,0,0,0,0,0,0,0,0,0,0,0,0,
APOA1,5,4,3,2,1,0,0,0,0,0,0,0,0,0,0,0,0,0,0,0,0,0,0,0,0,0,0,
APOA2,5,4,3,2,1,0,0,0,0,0,0,0,0,0,0,0,0,0,0,0,0,0,0,0,0,0,0,
APOA5,5,4,3,2,1,0,0,0,0,0,0,0,0,0,0,0,0,0,0,0,0,0,0,0,0,0,0,
APOC3,5,4,3,2,1,0,0,0,0,0,0,0,0,0,0,0,0,0,0,0,0,0,0,0,0,0,0,
APPL1,5,5,5,4,3,2,1,0,0,0,0,0,0,0,0,0,0,0,0,0,0,0,0,0,0,0,0,
APRT,5,4,3,2,1,0,0,0,0,0,0,0,0,0,0,0,0,0,0,0,0,0,0,0,0,0,0,
AQP1,5,4,3,2,1,0,0,0,0,0,0,0,0,0,0,0,0,0,0,0,0,0,0,0,0,0,0,
AQP2,5,6,7,8,9,9,9,9,9,9,9,9,9,9,9,9,9,9,9,9,9,9,9,9,9,9,9,
AQP5,5,4,3,2,1,0,0,0,0,0,0,0,0,0,0,0,0,0,0,0,0,0,0,0,0,0,0,
AR,5,4,3,2,1,0,0,0,0,0,0,0,0,0,0,0,0,0,0,0,0,0,0,0,0,0,0,
ARAF,5,6,7,8,9,9,9,9,9,9,9,9,9,9,9,9,9,9,9,9,9,9,9,9,9,9,9,
ARAP3,1,2,3,4,5,6,7,8,9,9,9,9,9,9,9,9,9,9,9,9,9,9,9,9,9,9,9,
AREG,5,5,4,3,2,1,0,1,0,0,0,0,0,0,0,0,0,0,0,0,0,0,0,0,0,0,0,
ARF1,5,5,4,3,3,3,4,5,6,7,8,9,9,9,9,9,9,9,9,9,9,9,9,9,9,9,9,
ARF6,5,6,7,8,9,9,9,9,9,9,9,9,9,9,9,9,9,9,9,9,9,9,9,9,9,9,9,
ARG1,5,4,3,2,1,0,0,0,0,0,0,0,0,0,0,0,0,0,0,0,0,0,0,0,0,0,0,
ARHGAP17,5,4,3,2,1,0,0,0,0,0,0,0,0,0,0,0,0,0,0,0,0,0,0,0,0,0,0,
ARHGAP35,5,4,3,2,1,0,0,0,0,0,0,0,0,0,0,0,0,0,0,0,0,0,0,0,0,0,0,
ARHGDIA,5,5,4,3,2,1,1,2,3,4,5,6,7,8,9,9,9,9,9,9,9,9,9,9,9,9,9,
ARHGEF12,5,4,3,4,5,6,7,8,9,9,9,9,9,9,9,9,9,9,9,9,9,9,9,9,9,9,9,
ARHGEF18,5,6,7,8,9,9,9,9,9,9,9,9,9,9,9,9,9,9,9,9,9,9,9,9,9,9,9,
ARHGEF2,9,8,7,6,5,4,3,2,1,0,0,0,0,0,0,0,0,0,0,0,0,0,0,0,0,0,0,
ARHGEF6,5,5,6,7,8,9,9,9,9,9,9,9,9,9,9,9,9,9,9,9,9,9,9,9,9,9,9,
ARHGEF7,5,4,3,2,1,0,0,0,0,0,0,0,0,0,0,0,0,0,0,0,0,0,0,0,0,0,0,
ARNT-CREBBP,0,0,0,0,0,0,0,0,0,0,0,0,0,0,0,0,0,0,0,0,0,0,0,0,0,0,0,
ARNTL,5,4,3,2,1,0,0,0,0,0,0,0,0,0,0,0,0,0,0,0,0,0,0,0,0,0,0,
ARNTL-NPAS2,0,0,0,0,0,0,0,0,0,0,0,0,0,0,0,0,0,0,0,0,0,0,0,0,0,0,0,
ARPC5,5,6,7,8,9,9,9,9,9,9,9,9,9,9,9,9,9,9,9,9,9,9,9,9,9,9,9,
ARRB1,5,4,3,2,1,0,0,0,0,0,0,0,0,0,0,0,0,0,0,0,0,0,0,0,0,0,0,
ARRB1-KIF3A,0,0,0,0,0,0,0,0,0,0,0,0,0,0,0,0,0,0,0,0,0,0,0,0,0,0,0,
ARRB1-PPP2R3B,0,1,2,3,2,1,0,0,0,0,0,0,0,0,0,0,0,0,0,0,0,0,0,0,0,0,0,
ARSA,5,4,3,2,1,0,0,0,0,0,0,0,0,0,0,0,0,0,0,0,0,0,0,0,0,0,0,
ARSB,5,4,3,2,1,0,0,0,0,0,0,0,0,0,0,0,0,0,0,0,0,0,0,0,0,0,0,
ASAH1,5,4,3,2,1,0,0,0,0,0,0,0,0,0,0,0,0,0,0,0,0,0,0,0,0,0,0,
ASAP1,5,4,3,2,1,0,0,0,0,0,0,0,0,0,0,0,0,0,0,0,0,0,0,0,0,0,0,
ASGR1,5,4,3,2,1,0,0,0,0,0,0,0,0,0,0,0,0,0,0,0,0,0,0,0,0,0,0,
ASIC2,5,4,3,2,1,0,0,0,0,0,0,0,0,0,0,0,0,0,0,0,0,0,0,0,0,0,0,
ASIP,5,4,3,2,1,0,0,0,0,0,0,0,0,0,0,0,0,0,0,0,0,0,0,0,0,0,0,
ASL,5,4,3,2,1,0,0,0,0,0,0,0,0,0,0,0,0,0,0,0,0,0,0,0,0,0,0,
ASMT,5,4,3,2,1,0,0,0,0,0,0,0,0,0,0,0,0,0,0,0,0,0,0,0,0,0,0,
ASNS,5,4,3,2,1,0,0,0,0,0,0,0,0,0,0,0,0,0,0,0,0,0,0,0,0,0,0,
ASPA,5,4,3,2,1,0,0,0,0,0,0,0,0,0,0,0,0,0,0,0,0,0,0,0,0,0,0,
ASRGL1,5,4,3,2,1,0,0,0,0,0,0,0,0,0,0,0,0,0,0,0,0,0,0,0,0,0,0,
ASS1,9,8,7,6,5,4,3,2,1,0,0,0,0,0,0,0,0,0,0,0,0,0,0,0,0,0,0,
ATF1-CREB3,0,1,2,3,4,5,6,7,8,9,9,9,9,9,9,9,9,9,9,9,9,9,9,9,9,9,9,
ATF2,5,4,3,2,1,0,0,0,0,0,0,0,0,0,0,0,0,0,0,0,0,0,0,0,0,0,0,
ATF4,9,9,9,9,9,9,9,9,9,9,9,9,9,9,9,9,9,9,9,9,9,9,9,9,9,9,9,
ATF6B,5,4,3,2,1,0,0,0,0,0,0,0,0,0,0,0,0,0,0,0,0,0,0,0,0,0,0,
ATG10,5,4,3,2,1,0,0,0,0,0,0,0,0,0,0,0,0,0,0,0,0,0,0,0,0,0,0,
ATG101,5,4,3,2,1,0,0,0,0,0,0,0,0,0,0,0,0,0,0,0,0,0,0,0,0,0,0,
ATG12,5,6,7,8,9,9,9,9,9,9,8,9,9,9,9,9,9,9,9,9,9,9,9,9,9,9,9,
ATG12-ATG5,0,0,0,0,0,0,0,0,0,0,0,0,0,0,0,0,0,0,0,0,0,0,0,0,0,0,0,
ATG13,5,4,3,2,1,0,0,0,0,0,0,0,0,0,0,0,0,0,0,0,0,0,0,0,0,0,0,
ATG14,5,6,7,6,5,4,3,2,1,0,0,0,0,0,0,0,0,0,0,0,0,0,0,0,0,0,0,
ATG16L1,5,6,7,8,9,9,8,7,6,5,4,3,2,1,0,0,0,0,0,0,0,0,0,0,0,0,0,
ATG2A,5,5,4,3,2,1,0,0,0,0,0,0,0,0,0,0,0,0,0,0,0,0,0,0,0,0,0,
ATG3,5,4,3,2,1,0,0,0,0,0,0,0,0,0,0,0,0,0,0,0,0,0,0,0,0,0,0,
ATG4A,5,4,3,2,1,0,0,0,0,0,0,0,0,0,0,0,0,0,0,0,0,0,0,0,0,0,0,
ATG5,5,6,7,8,9,9,9,9,9,9,9,9,9,9,9,9,9,9,9,9,9,9,9,9,9,9,9,
ATG5-ATG12,0,0,0,0,0,0,0,0,0,0,0,0,0,0,0,0,0,0,0,0,0,0,0,0,0,0,0,
ATG7,5,4,3,2,1,0,0,0,0,0,0,0,0,0,0,0,0,0,0,0,0,0,0,0,0,0,0,
ATG9B,9,9,9,9,8,7,6,5,4,3,2,1,0,0,0,0,0,0,0,0,0,0,0,0,0,0,0,
ATIC,5,4,3,2,1,0,0,0,0,0,0,0,0,0,0,0,0,0,0,0,0,0,0,0,0,0,0,
ATM,5,5,4,4,5,6,7,8,8,8,8,9,9,9,9,9,9,9,9,9,9,9,9,9,9,9,9,
ATOX1,5,4,3,2,1,0,0,0,0,0,0,0,0,0,0,0,0,0,0,0,0,0,0,0,0,0,0,
ATP12A,1,0,0,0,0,0,0,0,0,0,0,0,0,0,0,0,0,0,0,0,0,0,0,0,0,0,0,
ATP1B4,5,6,7,8,9,9,9,9,9,9,9,9,9,9,9,9,9,9,9,9,9,9,9,9,9,9,9,
ATP2A1,5,6,7,8,9,9,9,9,9,9,9,9,9,9,9,9,9,9,9,9,9,9,9,9,9,9,9,
ATP2B1,1,2,3,4,5,6,7,8,9,9,9,9,9,9,9,9,9,9,9,9,9,9,9,9,9,9,9,
ATP6AP2,5,5,5,6,7,8,9,9,9,9,9,9,9,9,9,9,9,9,9,9,9,9,9,9,9,9,9,
ATP6V1G3,5,4,3,2,1,0,0,0,0,0,0,0,0,0,0,0,0,0,0,0,0,0,0,0,0,0,0,
ATR,5,5,4,3,2,1,0,0,0,0,0,0,0,0,0,0,0,0,0,0,0,0,0,0,0,0,0,
ATRIP-ATR,0,0,0,0,0,0,0,0,0,0,0,0,0,0,0,0,0,0,0,0,0,0,0,0,0,0,0,
ATXN1L,5,4,3,2,1,0,0,0,0,0,0,0,0,0,0,0,0,0,0,0,0,0,0,0,0,0,0,
AUH,5,4,3,2,1,0,0,0,0,0,0,0,0,0,0,0,0,0,0,0,0,0,0,0,0,0,0,
AURKA,5,4,3,2,1,0,0,0,0,0,0,0,0,0,0,0,0,0,0,0,0,0,0,0,0,0,0,
AVP,5,4,3,2,1,0,0,0,0,0,0,0,0,0,0,0,0,0,0,0,0,0,0,0,0,0,0,
AVPR1A,5,6,7,8,9,9,9,9,9,9,9,9,9,9,9,9,9,9,9,9,9,9,9,9,9,9,9,
AVPR2,5,5,4,3,2,1,0,0,0,0,0,0,0,0,0,0,0,0,0,0,0,0,0,0,0,0,0,
AWAT2,5,4,3,2,1,0,0,0,0,0,0,0,0,0,0,0,0,0,0,0,0,0,0,0,0,0,0,
AXIN1,5,4,3,2,1,0,0,0,0,0,0,0,0,0,0,0,0,0,0,0,0,0,0,0,0,0,0,
AZIN2,5,4,3,2,1,0,0,0,0,0,0,0,0,0,0,0,0,0,0,0,0,0,0,0,0,0,0,
B3GALNT1,5,4,3,2,1,0,0,0,0,0,0,0,0,0,0,0,0,0,0,0,0,0,0,0,0,0,0,
B3GALT1,1,0,0,0,0,0,0,0,0,0,0,0,0,0,0,0,0,0,0,0,0,0,0,0,0,0,0,
B3GALT2,5,4,3,2,1,0,0,0,0,0,0,0,0,0,0,0,0,0,0,0,0,0,0,0,0,0,0,
B3GALT4,5,4,3,2,1,0,0,0,0,0,0,0,0,0,0,0,0,0,0,0,0,0,0,0,0,0,0,
B3GALT5,5,4,3,2,1,0,0,0,0,0,0,0,0,0,0,0,0,0,0,0,0,0,0,0,0,0,0,
B3GALT6,5,4,3,2,1,0,0,0,0,0,0,0,0,0,0,0,0,0,0,0,0,0,0,0,0,0,0,
B3GAT3,5,4,3,2,1,0,0,0,0,0,0,0,0,0,0,0,0,0,0,0,0,0,0,0,0,0,0,
B3GNT3,5,4,3,2,1,0,0,0,0,0,0,0,0,0,0,0,0,0,0,0,0,0,0,0,0,0,0,
B3GNT5,5,4,3,2,1,0,0,0,0,0,0,0,0,0,0,0,0,0,0,0,0,0,0,0,0,0,0,
B3GNT6,5,4,3,2,1,0,0,0,0,0,0,0,0,0,0,0,0,0,0,0,0,0,0,0,0,0,0,
B4GALNT1,5,4,3,2,1,0,0,0,0,0,0,0,0,0,0,0,0,0,0,0,0,0,0,0,0,0,0,
B4GALT1,5,4,3,2,1,0,0,0,0,0,0,0,0,0,0,0,0,0,0,0,0,0,0,0,0,0,0,
B4GALT2,5,4,3,2,1,0,0,0,0,0,0,0,0,0,0,0,0,0,0,0,0,0,0,0,0,0,0,
B4GALT3,5,4,3,2,1,0,0,0,0,0,0,0,0,0,0,0,0,0,0,0,0,0,0,0,0,0,0,
B4GALT4,5,4,3,2,1,0,0,0,0,0,0,0,0,0,0,0,0,0,0,0,0,0,0,0,0,0,0,
B4GALT5,5,4,3,2,1,0,0,0,0,0,0,0,0,0,0,0,0,0,0,0,0,0,0,0,0,0,0,
B4GALT6,5,4,3,2,1,0,0,0,0,0,0,0,0,0,0,0,0,0,0,0,0,0,0,0,0,0,0,
B4GALT7,5,4,3,2,1,0,0,0,0,0,0,0,0,0,0,0,0,0,0,0,0,0,0,0,0,0,0,
BAAT,5,4,3,2,1,0,0,0,0,0,0,0,0,0,0,0,0,0,0,0,0,0,0,0,0,0,0,
BAD,5,4,3,2,1,0,0,0,0,0,0,0,0,0,0,0,0,0,0,0,0,0,0,0,0,0,0,
BAG4,5,4,3,2,1,0,0,0,0,0,0,0,0,0,0,0,0,0,0,0,0,0,0,0,0,0,0,
BAIAP2,5,6,7,8,9,9,9,9,9,9,9,9,9,9,9,9,9,9,9,9,9,9,9,9,9,9,9,
BAK1,5,4,3,2,3,4,5,6,7,8,9,9,9,9,9,9,9,9,9,9,9,9,9,9,9,9,9,
BAMBI,1,0,0,0,0,0,0,0,0,0,0,0,0,0,0,0,0,0,0,0,0,0,0,0,0,0,0,
BAX,5,6,7,8,9,9,9,9,9,9,9,9,9,9,9,9,9,9,9,9,9,9,9,9,9,9,9,
BBC3,5,5,6,7,8,9,9,9,9,9,9,9,9,9,9,9,9,9,9,9,9,9,9,9,9,9,9,
BBOX1,5,4,3,2,1,0,0,0,0,0,0,0,0,0,0,0,0,0,0,0,0,0,0,0,0,0,0,
BCAR1,5,4,3,2,1,0,0,0,0,0,0,0,0,0,0,0,0,0,0,0,0,0,0,0,0,0,0,
BCAT1,5,4,3,2,1,0,0,0,0,0,0,0,0,0,0,0,0,0,0,0,0,0,0,0,0,0,0,
BCKDHA,5,4,3,2,1,0,0,0,0,0,0,0,0,0,0,0,0,0,0,0,0,0,0,0,0,0,0,
BCL10,5,4,3,2,1,0,0,0,0,0,0,0,0,0,0,0,0,0,0,0,0,0,0,0,0,0,0,
BCL2,5,4,3,2,1,0,0,0,0,0,0,0,0,0,0,0,0,0,0,0,0,0,0,0,0,0,0,
BCL2-BCL2L1,0,0,0,0,0,0,0,0,0,0,0,0,0,0,0,0,0,0,0,0,0,0,0,0,0,0,0,
BCL2A1,5,5,6,7,8,9,9,9,9,9,9,9,9,9,9,9,9,9,9,9,9,9,9,9,9,9,9,
BCL2L1,5,4,3,2,1,0,0,0,0,0,0,0,0,0,0,0,0,0,0,0,0,0,0,0,0,0,0,
BCL2L11,5,6,7,8,9,9,9,9,9,9,9,9,9,9,9,9,9,9,9,9,9,9,9,9,9,9,9,
BCL6,5,5,4,4,5,6,7,8,8,8,8,9,9,9,9,9,9,9,9,9,9,9,9,9,9,9,9,
BCO1,5,4,3,2,1,0,0,0,0,0,0,0,0,0,0,0,0,0,0,0,0,0,0,0,0,0,0,
BDH2,5,4,3,2,1,0,0,0,0,0,0,0,0,0,0,0,0,0,0,0,0,0,0,0,0,0,0,
BDKRB1,5,5,5,5,4,3,2,1,0,0,0,0,0,0,0,0,0,0,0,0,0,0,0,0,0,0,0,
BDKRB2,5,6,7,8,7,6,5,4,3,2,1,0,0,0,0,0,0,0,0,0,0,0,0,0,0,0,0,
BDNF,5,5,6,7,8,9,9,9,9,9,9,9,9,9,9,9,9,9,9,9,9,9,9,9,9,9,9,
BECN2,5,6,7,8,9,9,9,8,7,6,5,4,3,2,1,0,0,0,0,0,0,0,0,0,0,0,0,
BEST2,5,4,3,2,1,0,0,0,0,0,0,0,0,0,0,0,0,0,0,0,0,0,0,0,0,0,0,
BET1,5,4,3,2,1,0,0,0,0,0,0,0,0,0,0,0,0,0,0,0,0,0,0,0,0,0,0,
BEX3,5,5,6,7,8,9,9,9,9,9,9,9,9,9,9,9,9,9,9,9,9,9,9,9,9,9,9,
BHLHE41,5,4,3,2,1,0,0,0,0,0,0,0,0,0,0,0,0,0,0,0,0,0,0,0,0,0,0,
BHMT,5,4,3,2,1,0,0,0,0,0,0,0,0,0,0,0,0,0,0,0,0,0,0,0,0,0,0,
BHMT2,5,4,3,2,1,0,0,0,0,0,0,0,0,0,0,0,0,0,0,0,0,0,0,0,0,0,0,
BID,5,6,7,8,9,9,9,9,9,9,9,9,9,9,9,9,9,9,9,9,9,9,9,9,9,9,9,
BIRC2,5,4,3,4,5,6,7,8,9,9,9,9,9,9,9,9,9,9,9,9,9,9,9,9,9,9,9,
BIRC5,5,5,4,3,2,1,0,1,0,0,0,0,0,0,0,0,0,0,0,0,0,0,0,0,0,0,0,
BLM-RMI1,0,0,0,0,0,0,0,0,0,0,0,0,0,0,0,0,0,0,0,0,0,0,0,0,0,0,0,
BLNK,5,4,3,2,1,0,0,0,0,0,0,0,0,0,0,0,0,0,0,0,0,0,0,0,0,0,0,
BLVRA,5,4,3,2,1,0,0,0,0,0,0,0,0,0,0,0,0,0,0,0,0,0,0,0,0,0,0,
BLVRB,5,4,3,2,1,0,0,0,0,0,0,0,0,0,0,0,0,0,0,0,0,0,0,0,0,0,0,
BMP15,5,4,3,2,1,0,0,0,0,0,0,0,0,0,0,0,0,0,0,0,0,0,0,0,0,0,0,
BMP2,5,4,3,2,1,0,0,0,0,0,0,0,0,0,0,0,0,0,0,0,0,0,0,0,0,0,0,
BMP4,9,8,7,6,7,8,9,9,9,9,9,9,9,9,9,9,9,9,9,9,9,9,9,9,9,9,9,
BMP5,5,4,3,2,1,0,0,0,0,0,0,0,0,0,0,0,0,0,0,0,0,0,0,0,0,0,0,
BMP6,5,4,3,2,1,0,0,0,0,0,0,0,0,0,0,0,0,0,0,0,0,0,0,0,0,0,0,
BMP7,5,4,3,2,1,0,0,0,0,0,0,0,0,0,0,0,0,0,0,0,0,0,0,0,0,0,0,
BMP7-GDF7,0,0,0,0,0,0,0,0,0,0,0,0,0,0,0,0,0,0,0,0,0,0,0,0,0,0,0,
BMP8A,5,4,3,2,1,0,0,0,0,0,0,0,0,0,0,0,0,0,0,0,0,0,0,0,0,0,0,
BMPR1A,5,6,7,8,9,9,9,9,9,9,9,9,9,9,9,9,9,9,9,9,9,9,9,9,9,9,9,
BMPR1A-ACVR2A,0,1,2,3,4,5,6,7,8,9,9,9,9,9,9,9,9,9,9,9,9,9,9,9,9,9,9,
BMPR1A-ACVR2B,0,1,2,3,4,5,6,7,8,9,9,9,9,9,9,9,9,9,9,9,9,9,9,9,9,9,9,
BMPR1A-BMPR2,0,1,2,3,4,5,6,7,8,9,9,9,9,9,9,9,9,9,9,9,9,9,9,9,9,9,9,
BMPR1B-ACVR2A,0,1,2,3,4,4,3,2,1,0,0,0,0,0,0,0,0,0,0,0,0,0,0,0,0,0,0,
BMPR1B-ACVR2B,0,1,2,3,4,5,6,7,8,9,9,9,9,9,9,9,9,9,9,9,9,9,9,9,9,9,9,
BMPR1B-BMPR2,0,0,0,0,0,0,0,0,0,0,0,0,0,0,0,0,0,0,0,0,0,0,0,0,0,0,0,
BMPR2,5,5,5,6,7,8,9,9,9,9,9,9,9,9,9,9,9,9,9,9,9,9,9,9,9,9,9,
BMPR2-ACVR1,0,1,2,3,4,4,3,2,1,0,0,0,0,0,0,0,0,0,0,0,0,0,0,0,0,0,0,
BMPR2-BMPR1B,0,1,2,3,4,5,6,7,8,9,9,9,9,9,9,9,9,9,9,9,9,9,9,9,9,9,9,
BNIP1-USE1,0,1,2,3,2,1,0,0,0,0,0,0,0,0,0,0,0,0,0,0,0,0,0,0,0,0,0,
BNIP3,5,6,7,8,9,9,9,9,9,9,9,9,9,9,9,9,9,9,9,9,9,9,9,9,9,9,9,
BOC,5,5,4,3,2,1,0,0,0,0,0,0,0,0,0,0,0,0,0,0,0,0,0,0,0,0,0,
BPGM,5,4,3,2,1,0,0,0,0,0,0,0,0,0,0,0,0,0,0,0,0,0,0,0,0,0,0,
BPNT1,5,4,3,2,1,0,0,0,0,0,0,0,0,0,0,0,0,0,0,0,0,0,0,0,0,0,0,
BRAF,5,6,7,8,9,9,9,9,9,9,9,9,9,9,9,9,9,9,9,9,9,9,9,9,9,9,9,
BRAP,5,4,3,2,1,0,0,0,0,0,0,0,0,0,0,0,0,0,0,0,0,0,0,0,0,0,0,
BRCA1,5,4,3,2,1,0,0,0,0,0,0,0,0,0,0,0,0,0,0,0,0,0,0,0,0,0,0,
BRCA2,5,5,4,3,2,1,0,0,0,0,0,0,0,0,0,0,0,0,0,0,0,0,0,0,0,0,0,
BRCC3,5,4,3,2,1,0,0,0,0,0,0,0,0,0,0,0,0,0,0,0,0,0,0,0,0,0,0,
BRIP1,5,4,3,2,1,0,0,0,0,0,0,0,0,0,0,0,0,0,0,0,0,0,0,0,0,0,0,
BST1,5,6,7,7,6,5,5,5,6,7,8,9,9,9,9,9,9,9,9,9,9,9,9,9,9,9,9,
BTC,5,4,3,2,1,0,0,0,0,0,0,0,0,0,0,0,0,0,0,0,0,0,0,0,0,0,0,
BTD,5,4,3,2,1,0,0,0,0,0,0,0,0,0,0,0,0,0,0,0,0,0,0,0,0,0,0,
BTK,5,6,7,8,9,9,9,9,9,9,9,9,9,9,9,9,9,9,9,9,9,9,9,9,9,9,9,
BTK-BLNK,0,0,0,0,0,0,0,0,0,0,0,0,0,0,0,0,0,0,0,0,0,0,0,0,0,0,0,
BUB1,5,5,6,7,8,9,9,9,9,9,9,9,9,9,9,9,9,9,9,9,9,9,9,9,9,9,9,
BUB1B-MAD2L2,0,0,0,0,0,0,0,0,0,0,0,0,0,0,0,0,0,0,0,0,0,0,0,0,0,0,0,
BUB3,5,4,3,2,1,0,0,0,0,0,0,0,0,0,0,0,0,0,0,0,0,0,0,0,0,0,0,
BVES,1,0,0,0,0,0,0,0,0,0,0,0,0,0,0,0,0,0,0,0,0,0,0,0,0,0,0,
C00002,0,0,0,0,0,0,0,0,0,0,0,0,0,0,0,0,0,0,0,0,0,0,0,0,0,0,0,
C00003,0,1,2,3,4,5,6,7,8,9,9,9,9,9,9,9,9,9,9,9,9,9,9,9,9,9,9,
C00007,0,0,0,0,0,0,0,0,0,0,0,0,0,0,0,0,0,0,0,0,0,0,0,0,0,0,0,
C00008,0,0,0,0,0,0,0,0,0,0,0,0,0,0,0,0,0,0,0,0,0,0,0,0,0,0,0,
C00011,0,0,0,0,0,0,0,0,0,0,0,0,0,0,0,0,0,0,0,0,0,0,0,0,0,0,0,
C00020,0,0,0,0,0,0,0,0,0,0,0,0,0,0,0,0,0,0,0,0,0,0,0,0,0,0,0,
C00025,0,0,0,0,0,0,0,0,0,0,0,0,0,0,0,0,0,0,0,0,0,0,0,0,0,0,0,
C00026,0,0,0,0,0,0,0,0,0,0,0,0,0,0,0,0,0,0,0,0,0,0,0,0,0,0,0,
C00027,0,0,0,0,0,0,0,0,0,0,0,0,0,0,0,0,0,0,0,0,0,0,0,0,0,0,0,
C00035,0,0,0,0,0,0,0,0,0,0,0,0,0,0,0,0,0,0,0,0,0,0,0,0,0,0,0,
C00037,0,0,0,0,0,0,0,0,0,0,0,0,0,0,0,0,0,0,0,0,0,0,0,0,0,0,0,
C00038,0,0,0,0,0,0,0,0,0,0,0,0,0,0,0,0,0,0,0,0,0,0,0,0,0,0,0,
C00042,0,0,0,0,0,0,0,0,0,0,0,0,0,0,0,0,0,0,0,0,0,0,0,0,0,0,0,
C00044,0,0,0,0,0,0,0,0,0,0,0,0,0,0,0,0,0,0,0,0,0,0,0,0,0,0,0,
C00049,0,0,0,0,0,0,0,0,0,0,0,0,0,0,0,0,0,0,0,0,0,0,0,0,0,0,0,
C00062,0,0,0,0,0,0,0,0,0,0,0,0,0,0,0,0,0,0,0,0,0,0,0,0,0,0,0,
C00064,0,1,2,3,4,5,6,7,8,9,9,9,9,9,9,9,9,9,9,9,9,9,9,9,9,9,9,
C00070,0,0,0,0,0,0,0,0,0,0,0,0,0,0,0,0,0,0,0,0,0,0,0,0,0,0,0,
C00072,0,0,0,0,0,0,0,0,0,0,0,0,0,0,0,0,0,0,0,0,0,0,0,0,0,0,0,
C00076,0,1,2,3,4,5,6,7,8,9,9,9,9,9,9,9,9,9,9,9,9,9,9,9,9,9,9,
C00080,0,0,0,0,0,0,0,0,0,0,0,0,0,0,0,0,0,0,0,0,0,0,0,0,0,0,0,
C00082,0,0,0,0,0,0,0,0,0,0,0,0,0,0,0,0,0,0,0,0,0,0,0,0,0,0,0,
C00083,0,0,0,0,0,0,0,0,0,0,0,0,0,0,0,0,0,0,0,0,0,0,0,0,0,0,0,
C00089,0,0,0,0,0,0,0,0,0,0,0,0,0,0,0,0,0,0,0,0,0,0,0,0,0,0,0,
C00095,0,0,0,0,0,0,0,0,0,0,0,0,0,0,0,0,0,0,0,0,0,0,0,0,0,0,0,
C00099,0,0,0,0,0,0,0,0,0,0,0,0,0,0,0,0,0,0,0,0,0,0,0,0,0,0,0,
C00123,0,0,0,0,0,0,0,0,0,0,0,0,0,0,0,0,0,0,0,0,0,0,0,0,0,0,0,
C00130,0,0,0,0,0,0,0,0,0,0,0,0,0,0,0,0,0,0,0,0,0,0,0,0,0,0,0,
C00144,0,0,1,2,3,4,5,6,7,8,9,9,9,9,9,9,9,9,9,9,9,9,9,9,9,9,9,
C00149,0,0,0,0,0,0,0,0,0,0,0,0,0,0,0,0,0,0,0,0,0,0,0,0,0,0,0,
C00155,0,0,0,0,0,0,0,0,0,0,0,0,0,0,0,0,0,0,0,0,0,0,0,0,0,0,0,
C00158,0,0,0,0,0,0,0,0,0,0,0,0,0,0,0,0,0,0,0,0,0,0,0,0,0,0,0,
C00162,0,0,0,0,0,0,0,0,0,0,0,0,0,0,0,0,0,0,0,0,0,0,0,0,0,0,0,
C00165,0,1,2,3,4,5,6,7,8,9,9,9,9,9,9,9,9,9,9,9,9,9,9,9,9,9,9,
C00186,0,0,0,0,0,0,0,0,0,0,0,0,0,0,0,0,0,0,0,0,0,0,0,0,0,0,0,
C00195,0,0,0,0,0,0,0,0,0,0,0,0,0,0,0,0,0,0,0,0,0,0,0,0,0,0,0,
C00212,0,0,0,0,0,0,0,0,0,0,0,0,0,0,0,0,0,0,0,0,0,0,0,0,0,0,0,
C00219,0,1,2,3,4,5,6,7,8,9,9,9,9,9,9,9,9,9,9,9,9,9,9,9,9,9,9,
C00245,0,0,0,0,0,0,0,0,0,0,0,0,0,0,0,0,0,0,0,0,0,0,0,0,0,0,0,
C00288,0,0,0,0,0,0,0,0,0,0,0,0,0,0,0,0,0,0,0,0,0,0,0,0,0,0,0,
C00290,0,1,2,3,4,4,3,2,1,0,0,0,0,0,0,0,0,0,0,0,0,0,0,0,0,0,0,
C00305,0,0,0,0,0,0,0,0,0,0,0,0,0,0,0,0,0,0,0,0,0,0,0,0,0,0,0,
C00334,0,0,0,0,0,0,0,0,0,0,0,0,0,0,0,0,0,0,0,0,0,0,0,0,0,0,0,
C00338,0,0,0,0,0,0,0,0,0,0,0,0,0,0,0,0,0,0,0,0,0,0,0,0,0,0,0,
C00350,0,0,0,0,0,0,0,0,0,0,0,0,0,0,0,0,0,0,0,0,0,0,0,0,0,0,0,
C00369,0,0,0,0,0,0,0,0,0,0,0,0,0,0,0,0,0,0,0,0,0,0,0,0,0,0,0,
C00376,0,0,0,0,0,0,0,0,0,0,0,0,0,0,0,0,0,0,0,0,0,0,0,0,0,0,0,
C00388,0,0,0,0,0,0,0,0,0,0,0,0,0,0,0,0,0,0,0,0,0,0,0,0,0,0,0,
C00400,0,0,0,0,0,0,0,0,0,0,0,0,0,0,0,0,0,0,0,0,0,0,0,0,0,0,0,
C00410,0,0,0,0,0,0,0,0,0,0,0,0,0,0,0,0,0,0,0,0,0,0,0,0,0,0,0,
C00416,0,1,2,3,4,5,6,7,8,9,9,9,9,9,9,9,9,9,9,9,9,9,9,9,9,9,9,
C00427,0,1,2,3,2,1,0,0,0,0,0,0,0,0,0,0,0,0,0,0,0,0,0,0,0,0,0,
C00469,0,0,0,0,0,0,0,0,0,0,0,0,0,0,0,0,0,0,0,0,0,0,0,0,0,0,0,
C00473,0,0,0,0,0,0,0,0,0,0,0,0,0,0,0,0,0,0,0,0,0,0,0,0,0,0,0,
C00483,0,0,0,0,0,0,0,0,0,0,0,0,0,0,0,0,0,0,0,0,0,0,0,0,0,0,0,
C00506,0,0,0,0,0,0,0,0,0,0,0,0,0,0,0,0,0,0,0,0,0,0,0,0,0,0,0,
C00533,0,1,2,3,4,5,6,7,8,9,9,9,9,9,9,9,9,9,9,9,9,9,9,9,9,9,9,
C00547,0,0,0,0,0,0,0,0,0,0,0,0,0,0,0,0,0,0,0,0,0,0,0,0,0,0,0,
C00575,0,1,2,3,4,5,6,7,8,9,9,9,9,9,9,9,9,9,9,9,9,9,9,9,9,9,9,
C00584,0,0,0,0,0,0,0,0,0,0,0,0,0,0,0,0,0,0,0,0,0,0,0,0,0,0,0,
C00639,0,0,0,0,0,0,0,0,0,0,0,0,0,0,0,0,0,0,0,0,0,0,0,0,0,0,0,
C00665,0,0,0,0,0,0,0,0,0,0,0,0,0,0,0,0,0,0,0,0,0,0,0,0,0,0,0,
C00681,0,0,0,0,0,0,0,0,0,0,0,0,0,0,0,0,0,0,0,0,0,0,0,0,0,0,0,
C00695,0,0,0,0,0,0,0,0,0,0,0,0,0,0,0,0,0,0,0,0,0,0,0,0,0,0,0,
C00696,0,0,0,0,0,0,0,0,0,0,0,0,0,0,0,0,0,0,0,0,0,0,0,0,0,0,0,
C00698,0,0,0,0,0,0,0,0,0,0,0,0,0,0,0,0,0,0,0,0,0,0,0,0,0,0,0,
C00704,0,1,2,3,3,2,1,0,0,0,0,0,0,0,0,0,0,0,0,0,0,0,0,0,0,0,0,
C00735,0,0,0,0,0,0,0,0,0,0,0,0,0,0,0,0,0,0,0,0,0,0,0,0,0,0,0,
C00762,0,0,0,0,0,0,0,0,0,0,0,0,0,0,0,0,0,0,0,0,0,0,0,0,0,0,0,
C00780,0,0,0,0,0,0,0,0,0,0,0,0,0,0,0,0,0,0,0,0,0,0,0,0,0,0,0,
C00788,0,0,0,0,0,0,0,0,0,0,0,0,0,0,0,0,0,0,0,0,0,0,0,0,0,0,0,
C00808,0,0,0,0,0,0,0,0,0,0,0,0,0,0,0,0,0,0,0,0,0,0,0,0,0,0,0,
C00903,0,0,0,0,0,0,0,0,0,0,0,0,0,0,0,0,0,0,0,0,0,0,0,0,0,0,0,
C00942,0,1,2,3,4,5,6,7,8,9,9,9,9,9,9,9,9,9,9,9,9,9,9,9,9,9,9,
C00951,0,0,0,0,0,0,0,0,0,0,0,0,0,0,0,0,0,0,0,0,0,0,0,0,0,0,0,
C01060,0,0,0,0,0,0,0,0,0,0,0,0,0,0,0,0,0,0,0,0,0,0,0,0,0,0,0,
C01089,0,0,0,0,0,0,0,0,0,0,0,0,0,0,0,0,0,0,0,0,0,0,0,0,0,0,0,
C01194,0,1,2,3,4,5,6,7,8,9,9,9,9,9,8,7,6,5,4,3,2,1,0,0,0,0,0,
C01245,0,1,2,3,4,5,6,7,8,9,9,9,9,9,9,9,9,9,9,9,9,9,9,9,9,9,9,
C01312,0,0,0,0,0,0,0,0,0,0,0,0,0,0,0,0,0,0,0,0,0,0,0,0,0,0,0,
C01327,0,0,0,0,0,0,0,0,0,0,0,0,0,0,0,0,0,0,0,0,0,0,0,0,0,0,0,
C01330,0,1,2,3,2,1,1,2,3,4,5,6,7,8,9,9,9,9,9,9,9,9,9,9,9,9,9,
C01516,0,0,0,0,0,0,0,0,0,0,0,0,0,0,0,0,0,0,0,0,0,0,0,0,0,0,0,
C01598,0,0,0,0,0,0,0,0,0,0,0,0,0,0,0,0,0,0,0,0,0,0,0,0,0,0,0,
C01673,0,0,0,0,0,0,0,0,0,0,0,0,0,0,0,0,0,0,0,0,0,0,0,0,0,0,0,
C01780,0,0,0,0,0,0,0,0,0,0,0,0,0,0,0,0,0,0,0,0,0,0,0,0,0,0,0,
C01829,0,0,0,0,0,0,0,0,0,0,0,0,0,0,0,0,0,0,0,0,0,0,0,0,0,0,0,
C01996,0,0,0,0,0,0,0,0,0,0,0,0,0,0,0,0,0,0,0,0,0,0,0,0,0,0,0,
C02110,0,0,0,0,0,0,0,0,0,0,0,0,0,0,0,0,0,0,0,0,0,0,0,0,0,0,0,
C02135,0,1,2,3,4,5,5,5,5,5,5,5,5,5,5,5,5,5,5,5,5,5,5,5,5,5,5,
C02140,0,0,0,0,0,0,0,0,0,0,0,0,0,0,0,0,0,0,0,0,0,0,0,0,0,0,0,
C02165,0,0,0,0,0,0,0,0,0,0,0,0,0,0,0,0,0,0,0,0,0,0,0,0,0,0,0,
C02166,0,0,0,0,0,0,0,0,0,0,0,0,0,0,0,0,0,0,0,0,0,0,0,0,0,0,0,
C02198,0,1,2,3,2,1,0,0,0,0,0,0,0,0,0,0,0,0,0,0,0,0,0,0,0,0,0,
C02265,0,0,0,0,0,0,0,0,0,0,0,0,0,0,0,0,0,0,0,0,0,0,0,0,0,0,0,
C02465,0,0,0,0,0,0,0,0,0,0,0,0,0,0,0,0,0,0,0,0,0,0,0,0,0,0,0,
C02515,0,0,0,0,0,0,0,0,0,0,0,0,0,0,0,0,0,0,0,0,0,0,0,0,0,0,0,
C03582,0,0,0,0,0,0,0,0,0,0,0,0,0,0,0,0,0,0,0,0,0,0,0,0,0,0,0,
C03758,0,0,0,0,0,0,0,0,0,0,0,0,0,0,0,0,0,0,0,0,0,0,0,0,0,0,0,
C04549,0,0,0,0,0,0,0,0,0,0,0,0,0,0,0,0,0,0,0,0,0,0,0,0,0,0,0,
C04598,0,0,0,0,0,0,0,0,0,0,0,0,0,0,0,0,0,0,0,0,0,0,0,0,0,0,0,
C04637,0,1,2,3,4,5,6,7,8,9,9,9,9,9,9,9,9,9,9,9,9,9,9,9,9,9,9,
C05113,0,0,0,0,0,0,0,0,0,0,0,0,0,0,0,0,0,0,0,0,0,0,0,0,0,0,0,
C05606,0,0,0,0,0,0,0,0,0,0,0,0,0,0,0,0,0,0,0,0,0,0,0,0,0,0,0,
C05776,0,0,0,0,0,0,0,0,0,0,0,0,0,0,0,0,0,0,0,0,0,0,0,0,0,0,0,
C05956,0,1,2,3,2,1,0,0,0,0,0,0,0,0,0,0,0,0,0,0,0,0,0,0,0,0,0,
C05965,0,0,0,0,0,0,0,0,0,0,0,0,0,0,0,0,0,0,0,0,0,0,0,0,0,0,0,
C05981,0,0,0,1,2,3,4,5,6,7,8,9,9,9,9,9,9,9,9,9,9,9,9,9,9,9,9,
C06124,0,1,2,3,4,5,6,7,8,9,9,9,9,9,9,9,9,9,9,9,9,9,9,9,9,9,9,
C06254,0,1,2,3,4,5,6,7,8,9,9,9,9,9,9,9,9,9,9,9,9,9,9,9,9,9,9,
C06314,0,0,0,0,0,0,0,0,0,0,0,0,0,0,0,0,0,0,0,0,0,0,0,0,0,0,0,
C06865,0,0,0,0,0,0,0,0,0,0,0,0,0,0,0,0,0,0,0,0,0,0,0,0,0,0,0,
C06866,0,0,0,0,0,0,0,0,0,0,0,0,0,0,0,0,0,0,0,0,0,0,0,0,0,0,0,
C07056,0,0,0,0,0,0,0,0,0,0,0,0,0,0,0,0,0,0,0,0,0,0,0,0,0,0,0,
C07151,0,0,0,0,0,0,0,0,0,0,0,0,0,0,0,0,0,0,0,0,0,0,0,0,0,0,0,
C07600,0,0,0,0,0,0,0,0,0,0,0,0,0,0,0,0,0,0,0,0,0,0,0,0,0,0,0,
C07909,0,0,0,0,0,0,0,0,0,0,0,0,0,0,0,0,0,0,0,0,0,0,0,0,0,0,0,
C09155,0,0,0,0,0,0,0,0,0,0,0,0,0,0,0,0,0,0,0,0,0,0,0,0,0,0,0,
C09179,0,0,0,0,0,0,0,0,0,0,0,0,0,0,0,0,0,0,0,0,0,0,0,0,0,0,0,
C09844,0,0,0,0,0,0,0,0,0,0,0,0,0,0,0,0,0,0,0,0,0,0,0,0,0,0,0,
C11695,0,0,0,0,0,0,0,0,0,0,0,0,0,0,0,0,0,0,0,0,0,0,0,0,0,0,0,
C12270,0,0,0,0,0,0,0,0,0,0,0,0,0,0,0,0,0,0,0,0,0,0,0,0,0,0,0,
C12271,0,0,0,0,0,0,0,0,0,0,0,0,0,0,0,0,0,0,0,0,0,0,0,0,0,0,0,
C12272,0,0,0,0,0,0,0,0,0,0,0,0,0,0,0,0,0,0,0,0,0,0,0,0,0,0,0,
C12284,0,0,0,0,0,0,0,0,0,0,0,0,0,0,0,0,0,0,0,0,0,0,0,0,0,0,0,
C13050,0,1,2,3,4,5,6,7,8,9,9,9,9,9,9,9,9,9,9,9,9,9,9,9,9,9,9,
C13051,0,1,2,3,4,5,5,5,5,6,7,8,9,9,9,9,9,9,9,9,9,9,9,9,9,9,9,
C13856,0,0,0,0,0,0,0,0,0,0,0,0,0,0,0,0,0,0,0,0,0,0,0,0,0,0,0,
C14748,0,0,0,0,0,0,0,0,0,0,0,0,0,0,0,0,0,0,0,0,0,0,0,0,0,0,0,
C14767,0,0,0,0,0,0,0,0,0,0,0,0,0,0,0,0,0,0,0,0,0,0,0,0,0,0,0,
C14768,0,0,0,0,0,0,0,0,0,0,0,0,0,0,0,0,0,0,0,0,0,0,0,0,0,0,0,
C14771,0,0,0,0,0,0,0,0,0,0,0,0,0,0,0,0,0,0,0,0,0,0,0,0,0,0,0,
C14818,0,0,0,0,0,0,0,0,0,0,0,0,0,0,0,0,0,0,0,0,0,0,0,0,0,0,0,
C14819,0,0,0,0,0,0,0,0,0,0,0,0,0,0,0,0,0,0,0,0,0,0,0,0,0,0,0,
C15493,0,0,0,0,0,0,0,0,0,0,0,0,0,0,0,0,0,0,0,0,0,0,0,0,0,0,0,
C15848,0,0,0,0,0,0,0,0,0,0,0,0,0,0,0,0,0,0,0,0,0,0,0,0,0,0,0,
C15849,0,0,0,0,0,0,0,0,0,0,0,0,0,0,0,0,0,0,0,0,0,0,0,0,0,0,0,
C15850,0,0,0,0,0,0,0,0,0,0,0,0,0,0,0,0,0,0,0,0,0,0,0,0,0,0,0,
C15890,0,0,0,0,0,0,0,0,0,0,0,0,0,0,0,0,0,0,0,0,0,0,0,0,0,0,0,
C15995,0,0,0,0,0,0,0,0,0,0,0,0,0,0,0,0,0,0,0,0,0,0,0,0,0,0,0,
C16511,0,0,0,0,0,0,0,0,0,0,0,0,0,0,0,0,0,0,0,0,0,0,0,0,0,0,0,
C16512,0,0,0,0,0,0,0,0,0,0,0,0,0,0,0,0,0,0,0,0,0,0,0,0,0,0,0,
C16845,0,0,0,0,0,0,0,0,0,0,0,0,0,0,0,0,0,0,0,0,0,0,0,0,0,0,0,
C19317,0,0,0,0,0,0,0,0,0,0,0,0,0,0,0,0,0,0,0,0,0,0,0,0,0,0,0,
C1GALT1C1,5,4,3,2,1,0,0,0,0,0,0,0,0,0,0,0,0,0,0,0,0,0,0,0,0,0,0,
C1QA,5,4,3,2,1,0,0,0,0,0,0,0,0,0,0,0,0,0,0,0,0,0,0,0,0,0,0,
C2,5,5,4,3,2,1,0,0,0,0,0,0,0,0,0,0,0,0,0,0,0,0,0,0,0,0,0,
C20171,0,0,0,0,0,0,0,0,0,0,0,0,0,0,0,0,0,0,0,0,0,0,0,0,0,0,0,
C20640,0,1,2,3,2,1,0,0,0,0,0,0,0,0,0,0,0,0,0,0,0,0,0,0,0,0,0,
C20698,0,0,0,0,0,0,0,0,0,0,0,0,0,0,0,0,0,0,0,0,0,0,0,0,0,0,0,
C20792,0,0,0,0,0,0,0,0,0,0,0,0,0,0,0,0,0,0,0,0,0,0,0,0,0,0,0,
C20793,0,0,0,0,0,0,0,0,0,0,0,0,0,0,0,0,0,0,0,0,0,0,0,0,0,0,0,
C20970,0,0,0,0,0,0,0,0,0,0,0,0,0,0,0,0,0,0,0,0,0,0,0,0,0,0,0,
C20971,0,0,0,0,0,0,0,0,0,0,0,0,0,0,0,0,0,0,0,0,0,0,0,0,0,0,0,
C3,1,2,3,4,4,3,2,1,0,0,0,0,0,0,0,0,0,0,0,0,0,0,0,0,0,0,0,
C3AR1,5,4,3,3,4,4,3,2,1,0,0,0,0,0,0,0,0,0,0,0,0,0,0,0,0,0,0,
C4A,5,5,4,3,2,1,0,0,0,0,0,0,0,0,0,0,0,0,0,0,0,0,0,0,0,0,0,
C5,5,4,3,2,1,0,0,0,0,0,0,0,0,0,0,0,0,0,0,0,0,0,0,0,0,0,0,
C5AR1,1,2,3,3,2,1,0,0,0,0,0,0,0,0,0,0,0,0,0,0,0,0,0,0,0,0,0,
C8orf44-SGK3,5,5,6,7,8,9,9,9,9,9,9,9,9,9,9,9,9,9,9,9,9,9,9,9,9,9,9,
C9orf72,5,5,4,3,2,1,0,0,0,0,0,0,0,0,0,0,0,0,0,0,0,0,0,0,0,0,0,
C9orf72-WDR41,0,0,0,0,0,0,0,0,0,0,0,0,0,0,0,0,0,0,0,0,0,0,0,0,0,0,0,
CACNA1A,5,4,3,2,1,0,0,0,0,0,0,0,0,0,0,0,0,0,0,0,0,0,0,0,0,0,0,
CACNA1C,5,4,3,2,1,0,0,0,0,0,0,0,0,0,0,0,0,0,0,0,0,0,0,0,0,0,0,
CACNA1I,5,5,4,3,2,1,0,0,0,0,0,0,0,0,0,0,0,0,0,0,0,0,0,0,0,0,0,
CACNG3,5,4,3,4,5,6,7,8,8,8,9,9,9,9,9,9,9,9,9,9,9,9,9,9,9,9,9,
CACYBP,5,4,3,2,1,0,0,0,0,0,0,0,0,0,0,0,0,0,0,0,0,0,0,0,0,0,0,
CAD,5,4,3,2,1,0,0,0,0,0,0,0,0,0,0,0,0,0,0,0,0,0,0,0,0,0,0,
CADM1,5,4,3,2,1,0,0,0,0,0,0,0,0,0,0,0,0,0,0,0,0,0,0,0,0,0,0,
CADM3,5,4,3,2,1,0,0,0,0,0,0,0,0,0,0,0,0,0,0,0,0,0,0,0,0,0,0,
CALB1,9,9,9,9,9,9,9,9,9,9,9,9,9,9,9,9,9,9,9,9,9,9,9,9,9,9,9,
CALCA,5,4,3,2,1,0,0,0,0,0,0,0,0,0,0,0,0,0,0,0,0,0,0,0,0,0,0,
CALCR,5,6,7,8,9,9,9,9,9,9,9,9,9,9,9,9,9,9,9,9,9,9,9,9,9,9,9,
CALCRL,5,6,7,6,5,4,3,2,1,0,0,0,0,0,0,0,0,0,0,0,0,0,0,0,0,0,0,
CALD1,9,8,7,7,8,9,9,9,9,9,9,9,9,9,9,9,9,9,9,9,9,9,9,9,9,9,9,
CALHM1,5,6,5,4,3,2,1,0,0,0,0,0,0,0,0,0,0,0,0,0,0,0,0,0,0,0,0,
CALML6,9,8,7,6,7,8,9,9,9,9,9,9,9,9,9,9,9,9,9,9,9,9,9,9,9,9,9,
CALY,5,4,3,2,1,0,0,0,0,0,0,0,0,0,0,0,0,0,0,0,0,0,0,0,0,0,0,
CAMK1D,9,9,8,7,6,7,8,9,9,9,9,9,9,9,9,9,9,9,9,9,9,9,9,9,9,9,9,
CAMK2A,5,4,5,6,7,8,9,9,9,9,9,9,9,9,9,9,9,9,9,9,9,9,9,9,9,9,9,
CAMK4,5,6,7,8,9,9,9,9,9,9,9,9,9,9,9,9,9,9,9,9,9,9,9,9,9,9,9,
CAMKK2,5,6,7,8,9,9,9,9,9,9,9,9,9,9,9,9,9,9,9,9,9,9,9,9,9,9,9,
CAMKMT,5,4,3,2,1,0,0,0,0,0,0,0,0,0,0,0,0,0,0,0,0,0,0,0,0,0,0,
CAMP,5,6,7,8,9,9,9,9,9,9,9,9,9,9,9,9,9,9,9,9,9,9,9,9,9,9,9,
CANT1,5,4,3,2,1,0,0,0,0,0,0,0,0,0,0,0,0,0,0,0,0,0,0,0,0,0,0,
CAPN1,5,5,5,5,5,6,7,8,9,9,9,9,9,9,9,9,9,9,9,9,9,9,9,9,9,9,9,
CAPN2,5,4,3,2,1,0,0,0,0,0,0,0,0,0,0,0,0,0,0,0,0,0,0,0,0,0,0,
CARD10,5,6,6,6,6,6,6,7,8,9,9,9,9,9,9,9,9,9,9,9,9,9,9,9,9,9,9,
CARD11,5,6,6,6,6,6,6,7,8,9,9,9,9,9,9,9,9,9,9,9,9,9,9,9,9,9,9,
CARD16,5,4,3,2,1,0,0,0,0,0,0,0,0,0,0,0,0,0,0,0,0,0,0,0,0,0,0,
CARD6,1,0,0,0,0,0,0,0,0,0,0,0,0,0,0,0,0,0,0,0,0,0,0,0,0,0,0,
CARD8,5,4,3,2,1,0,0,0,0,0,0,0,0,0,0,0,0,0,0,0,0,0,0,0,0,0,0,
CARD9,5,4,3,2,1,0,0,0,0,0,0,0,0,0,0,0,0,0,0,0,0,0,0,0,0,0,0,
CARNMT1,5,4,3,2,1,0,0,0,0,0,0,0,0,0,0,0,0,0,0,0,0,0,0,0,0,0,0,
CARNS1,5,4,3,2,1,0,0,0,0,0,0,0,0,0,0,0,0,0,0,0,0,0,0,0,0,0,0,
CASC3,5,4,3,2,1,0,0,0,0,0,0,0,0,0,0,0,0,0,0,0,0,0,0,0,0,0,0,
CASP1,5,4,3,2,1,2,3,2,1,0,0,0,0,0,0,0,0,0,0,0,0,0,0,0,0,0,0,
CASP10,5,4,3,4,5,6,7,8,8,8,9,9,9,9,9,9,9,9,9,9,9,9,9,9,9,9,9,
CASP12,5,5,5,5,5,5,6,7,8,9,9,9,9,9,9,9,9,9,9,9,9,9,9,9,9,9,9,
CASP2-PIDD1,0,0,0,0,0,0,0,0,0,0,0,0,0,0,0,0,0,0,0,0,0,0,0,0,0,0,0,
CASP3,5,6,7,8,9,9,9,9,9,9,9,9,9,9,9,9,9,9,9,9,9,9,9,9,9,9,9,
CASP4,9,8,7,6,5,4,3,2,1,0,0,0,0,0,0,0,0,0,0,0,0,0,0,0,0,0,0,
CASP5,5,4,3,2,1,0,0,0,0,0,0,0,0,0,0,0,0,0,0,0,0,0,0,0,0,0,0,
CASP6,5,6,7,8,9,9,9,8,8,8,8,9,9,9,9,9,9,9,9,9,9,9,9,9,9,9,9,
CASP7,5,6,7,8,9,9,9,9,9,9,9,9,9,9,9,9,9,9,9,9,9,9,9,9,9,9,9,
CASP8,5,5,6,7,8,9,8,8,8,8,9,9,9,9,9,9,9,9,9,9,9,9,9,9,9,9,9,
CASP8-CASP10,0,1,2,3,4,5,6,7,8,9,9,9,9,9,9,9,9,9,9,9,9,9,9,9,9,9,9,
CASP9,5,4,3,3,2,1,0,0,0,0,0,0,0,0,0,0,0,0,0,0,0,0,0,0,0,0,0,
CASQ1,5,4,3,2,1,0,0,0,0,0,0,0,0,0,0,0,0,0,0,0,0,0,0,0,0,0,0,
CASQ2,5,4,3,2,1,0,0,0,0,0,0,0,0,0,0,0,0,0,0,0,0,0,0,0,0,0,0,
CASTOR1,5,4,3,2,1,0,0,0,0,0,0,0,0,0,0,0,0,0,0,0,0,0,0,0,0,0,0,
CASTOR2,5,4,3,2,1,0,0,0,0,0,0,0,0,0,0,0,0,0,0,0,0,0,0,0,0,0,0,
CAT,5,6,7,8,9,9,9,9,9,9,9,9,9,9,9,9,9,9,9,9,9,9,9,9,9,9,9,
CAV1,5,4,3,2,1,0,0,0,0,0,0,0,0,0,0,0,0,0,0,0,0,0,0,0,0,0,0,
CBL,5,6,7,8,9,9,9,9,9,9,9,9,9,9,9,9,9,9,9,9,9,9,9,9,9,9,9,
CBLB,5,4,3,2,1,0,0,0,0,0,0,0,0,0,0,0,0,0,0,0,0,0,0,0,0,0,0,
CBLIF,5,4,3,2,1,0,0,0,0,0,0,0,0,0,0,0,0,0,0,0,0,0,0,0,0,0,0,
CBLIF-CUBN,0,0,0,0,0,0,0,0,0,0,0,0,0,0,0,0,0,0,0,0,0,0,0,0,0,0,0,
CBR1,5,4,3,2,1,0,0,0,0,0,0,0,0,0,0,0,0,0,0,0,0,0,0,0,0,0,0,
CBR4,5,4,3,2,1,0,0,0,0,0,0,0,0,0,0,0,0,0,0,0,0,0,0,0,0,0,0,
CBR4-HSD17B8,0,0,0,0,0,0,0,0,0,0,0,0,0,0,0,0,0,0,0,0,0,0,0,0,0,0,0,
CBSL,5,4,3,2,1,0,0,0,0,0,0,0,0,0,0,0,0,0,0,0,0,0,0,0,0,0,0,
CCK,5,4,3,2,1,0,0,0,0,0,0,0,0,0,0,0,0,0,0,0,0,0,0,0,0,0,0,
CCKAR,5,5,4,3,2,1,0,0,0,0,0,0,0,0,0,0,0,0,0,0,0,0,0,0,0,0,0,
CCKBR,5,5,4,3,2,1,0,0,0,0,0,0,0,0,0,0,0,0,0,0,0,0,0,0,0,0,0,
CCL1,5,4,3,2,1,0,0,0,0,0,0,0,0,0,0,0,0,0,0,0,0,0,0,0,0,0,0,
CCL11,5,4,3,2,1,0,0,0,0,0,0,0,0,0,0,0,0,0,0,0,0,0,0,0,0,0,0,
CCL13,5,4,3,2,1,0,0,0,0,0,0,0,0,0,0,0,0,0,0,0,0,0,0,0,0,0,0,
CCL14,5,4,3,2,1,0,0,0,0,0,0,0,0,0,0,0,0,0,0,0,0,0,0,0,0,0,0,
CCL15,5,4,3,2,1,0,0,0,0,0,0,0,0,0,0,0,0,0,0,0,0,0,0,0,0,0,0,
CCL16,5,4,3,2,1,0,0,0,0,0,0,0,0,0,0,0,0,0,0,0,0,0,0,0,0,0,0,
CCL17,5,4,3,2,1,0,0,0,0,0,0,0,0,0,0,0,0,0,0,0,0,0,0,0,0,0,0,
CCL19,5,4,3,2,1,0,0,0,0,0,0,0,0,0,0,0,0,0,0,0,0,0,0,0,0,0,0,
CCL2,5,6,7,8,9,9,9,9,9,9,9,9,9,9,9,9,9,9,9,9,9,9,9,9,9,9,9,
CCL20,9,8,7,6,5,4,3,2,1,0,0,0,0,0,0,0,0,0,0,0,0,0,0,0,0,0,0,
CCL21,1,0,0,0,0,0,0,0,0,0,0,0,0,0,0,0,0,0,0,0,0,0,0,0,0,0,0,
CCL22,5,4,3,2,1,0,0,0,0,0,0,0,0,0,0,0,0,0,0,0,0,0,0,0,0,0,0,
CCL24,5,4,3,2,1,0,0,0,0,0,0,0,0,0,0,0,0,0,0,0,0,0,0,0,0,0,0,
CCL25,5,4,3,2,1,0,0,0,0,0,0,0,0,0,0,0,0,0,0,0,0,0,0,0,0,0,0,
CCL26,1,0,0,0,0,0,0,0,0,0,0,0,0,0,0,0,0,0,0,0,0,0,0,0,0,0,0,
CCL27,5,4,3,2,1,0,0,0,0,0,0,0,0,0,0,0,0,0,0,0,0,0,0,0,0,0,0,
CCL28,5,4,3,2,1,0,0,0,0,0,0,0,0,0,0,0,0,0,0,0,0,0,0,0,0,0,0,
CCL3L3,5,6,7,8,9,9,9,9,9,9,9,9,9,9,9,9,9,9,9,9,9,9,9,9,9,9,9,
CCL4L1,5,6,7,8,9,9,9,9,9,9,9,9,9,9,9,9,9,9,9,9,9,9,9,9,9,9,9,
CCL5,5,6,7,8,9,9,9,9,9,9,9,9,9,9,9,9,9,9,9,9,9,9,9,9,9,9,9,
CCL7,5,4,3,2,1,0,0,0,0,0,0,0,0,0,0,0,0,0,0,0,0,0,0,0,0,0,0,
CCL8,5,4,3,2,1,0,0,0,0,0,0,0,0,0,0,0,0,0,0,0,0,0,0,0,0,0,0,
CCN2,9,8,7,6,5,4,3,2,1,0,0,0,0,0,0,0,0,0,0,0,0,0,0,0,0,0,0,
CCNA2,5,5,4,3,2,1,0,0,0,0,0,0,0,0,0,0,0,0,0,0,0,0,0,0,0,0,0,
CCNB1,5,4,3,2,1,0,0,0,0,0,0,0,0,0,0,0,0,0,0,0,0,0,0,0,0,0,0,
CCNB1-CDK1,0,0,0,0,0,0,0,0,0,0,0,0,0,0,0,0,0,0,0,0,0,0,0,0,0,0,0,
CCNB2,5,4,3,2,1,0,0,0,0,0,0,0,0,0,0,0,0,0,0,0,0,0,0,0,0,0,0,
CCNB3,5,4,3,2,1,0,0,0,0,0,0,0,0,0,0,0,0,0,0,0,0,0,0,0,0,0,0,
CCND1,5,6,7,8,9,9,9,9,9,9,9,9,9,9,9,9,9,9,9,9,9,9,9,9,9,9,9,
CCND2,9,8,7,7,8,9,9,9,9,9,9,9,9,9,9,9,9,9,9,9,9,9,9,9,9,9,9,
CCNE1,5,4,3,2,1,0,0,0,0,0,0,0,0,0,0,0,0,0,0,0,0,0,0,0,0,0,0,
CCNE1-CDK2,0,0,0,0,0,0,0,0,0,0,0,0,0,0,0,0,0,0,0,0,0,0,0,0,0,0,0,
CCNG1,5,5,6,7,8,9,9,9,9,9,9,9,9,9,9,9,9,9,9,9,9,9,9,9,9,9,9,
CCNG2,5,5,4,4,5,6,7,8,8,8,8,9,9,9,9,9,9,9,9,9,9,9,9,9,9,9,9,
CCR1,9,9,9,9,9,9,9,9,9,9,9,9,9,9,9,9,9,9,9,9,9,9,9,9,9,9,9,
CCR10,1,2,3,3,2,1,0,0,0,0,0,0,0,0,0,0,0,0,0,0,0,0,0,0,0,0,0,
CCR2,5,6,7,8,9,9,9,9,9,9,9,9,9,9,9,9,9,9,9,9,9,9,9,9,9,9,9,
CCR3,5,6,7,8,9,9,9,9,9,9,9,9,9,9,9,9,9,9,9,9,9,9,9,9,9,9,9,
CCR4,5,6,7,8,9,9,9,9,9,9,9,9,9,9,9,9,9,9,9,9,9,9,9,9,9,9,9,
CCR5,5,6,7,8,9,9,9,9,9,9,9,9,9,9,9,9,9,9,9,9,9,9,9,9,9,9,9,
CCR6,5,6,7,7,6,5,4,3,2,1,0,0,0,0,0,0,0,0,0,0,0,0,0,0,0,0,0,
CCR7,1,2,3,3,2,1,0,0,0,0,0,0,0,0,0,0,0,0,0,0,0,0,0,0,0,0,0,
CCR8,5,5,4,3,2,1,0,0,0,0,0,0,0,0,0,0,0,0,0,0,0,0,0,0,0,0,0,
CCR9,5,4,3,2,1,0,0,0,0,0,0,0,0,0,0,0,0,0,0,0,0,0,0,0,0,0,0,
CD14,5,4,3,2,1,0,0,0,0,0,0,0,0,0,0,0,0,0,0,0,0,0,0,0,0,0,0,
CD19,1,2,3,4,5,6,7,8,9,9,9,9,9,9,9,9,9,9,9,9,9,9,9,9,9,9,9,
CD19-PIK3AP1,0,0,0,0,0,0,0,0,0,0,0,0,0,0,0,0,0,0,0,0,0,0,0,0,0,0,0,
CD1A,5,5,6,7,8,9,9,9,9,9,9,9,9,9,9,9,9,9,9,9,9,9,9,9,9,9,9,
CD2,5,4,3,2,1,0,0,0,0,0,0,0,0,0,0,0,0,0,0,0,0,0,0,0,0,0,0,
CD22,5,4,3,2,1,0,0,0,0,0,0,0,0,0,0,0,0,0,0,0,0,0,0,0,0,0,0,
CD226,5,6,7,8,7,6,5,4,3,2,3,2,3,2,3,2,3,2,3,2,3,2,3,2,3,2,3,
CD244,5,6,7,8,9,9,9,9,9,9,9,9,9,9,9,9,9,9,9,9,9,9,9,9,9,9,9,
CD247,5,4,3,2,1,0,0,1,2,3,4,5,6,7,8,9,9,9,9,9,9,9,9,9,9,9,9,
CD27,5,5,4,3,2,1,0,0,0,0,0,0,0,0,0,0,0,0,0,0,0,0,0,0,0,0,0,
CD274,5,5,6,7,8,9,9,9,9,9,9,9,9,9,9,9,9,9,9,9,9,9,9,9,9,9,9,
CD28,5,6,7,8,9,9,9,9,9,9,9,9,9,9,9,9,9,9,9,9,9,9,9,9,9,9,9,
CD34,5,4,3,2,1,0,0,0,0,0,0,0,0,0,0,0,0,0,0,0,0,0,0,0,0,0,0,
CD36,5,6,6,7,8,9,9,9,9,9,9,9,9,9,9,9,9,9,9,9,9,9,9,9,9,9,9,
CD38,5,5,6,7,8,9,9,9,9,9,9,9,9,9,9,9,9,9,9,9,9,9,9,9,9,9,9,
CD3E,5,4,3,2,1,0,0,0,0,0,0,0,0,0,0,0,0,0,0,0,0,0,0,0,0,0,0,
CD4,5,6,7,6,5,4,3,2,1,0,0,0,0,0,0,0,0,0,0,0,0,0,0,0,0,0,0,
CD40,9,9,9,9,9,9,9,9,9,9,9,9,9,9,9,9,9,9,9,9,9,9,9,9,9,9,9,
CD40LG,5,5,4,3,2,1,0,0,0,0,0,0,0,0,0,0,0,0,0,0,0,0,0,0,0,0,0,
CD44,5,6,5,4,3,2,1,0,0,0,0,0,0,0,0,0,0,0,0,0,0,0,0,0,0,0,0,
CD47,5,4,3,2,1,0,0,0,0,0,0,0,0,0,0,0,0,0,0,0,0,0,0,0,0,0,0,
CD48,5,4,3,2,1,0,0,0,0,0,0,0,0,0,0,0,0,0,0,0,0,0,0,0,0,0,0,
CD58,5,4,3,2,1,0,0,0,0,0,0,0,0,0,0,0,0,0,0,0,0,0,0,0,0,0,0,
CD6,5,4,3,2,1,0,0,0,0,0,0,0,0,0,0,0,0,0,0,0,0,0,0,0,0,0,0,
CD70,5,4,3,2,1,0,0,0,0,0,0,0,0,0,0,0,0,0,0,0,0,0,0,0,0,0,0,
CD72,5,4,3,2,1,0,0,0,0,0,0,0,0,0,0,0,0,0,0,0,0,0,0,0,0,0,0,
CD74,5,6,7,8,7,6,5,4,3,2,1,0,0,0,0,0,0,0,0,0,0,0,0,0,0,0,0,
CD79A,5,4,3,2,1,0,0,0,0,0,0,0,0,0,0,0,0,0,0,0,0,0,0,0,0,0,0,
CD79B,5,4,3,2,1,0,0,0,0,0,0,0,0,0,0,0,0,0,0,0,0,0,0,0,0,0,0,
CD80,5,6,7,8,9,9,9,9,9,9,9,9,9,9,9,9,9,9,9,9,9,9,9,9,9,9,9,
CD82,5,5,6,7,8,9,9,9,9,9,9,9,9,9,9,9,9,9,9,9,9,9,9,9,9,9,9,
CD86,5,5,5,6,7,8,9,9,9,9,9,9,9,9,9,9,9,9,9,9,9,9,9,9,9,9,9,
CD8A,5,5,4,3,2,1,0,0,0,0,0,0,0,0,0,0,0,0,0,0,0,0,0,0,0,0,0,
CD99,5,4,3,2,1,0,0,0,0,0,0,0,0,0,0,0,0,0,0,0,0,0,0,0,0,0,0,
CDA,5,4,3,2,1,0,0,0,0,0,0,0,0,0,0,0,0,0,0,0,0,0,0,0,0,0,0,
CDC14B,5,4,3,2,1,0,0,0,0,0,0,0,0,0,0,0,0,0,0,0,0,0,0,0,0,0,0,
CDC20,5,4,3,2,1,0,0,0,0,0,0,0,0,0,0,0,0,0,0,0,0,0,0,0,0,0,0,
CDC20-ANAPC10,0,0,0,0,0,0,0,0,0,0,0,0,0,0,0,0,0,0,0,0,0,0,0,0,0,0,0,
CDC25A,5,4,3,2,1,0,0,0,0,0,0,0,0,0,0,0,0,0,0,0,0,0,0,0,0,0,0,
CDC25B,5,4,3,2,1,0,0,0,0,0,0,0,0,0,0,0,0,0,0,0,0,0,0,0,0,0,0,
CDC25C,5,6,7,8,9,9,8,7,6,5,4,3,2,1,0,0,0,0,0,0,0,0,0,0,0,0,0,
CDC42,5,6,7,8,9,9,9,9,9,9,9,9,9,9,9,9,9,9,9,9,9,9,9,9,9,9,9,
CDC45,5,4,3,2,1,0,0,0,0,0,0,0,0,0,0,0,0,0,0,0,0,0,0,0,0,0,0,
CDC6,5,4,3,2,1,0,0,0,0,0,0,0,0,0,0,0,0,0,0,0,0,0,0,0,0,0,0,
CDH1,9,9,9,8,7,6,5,4,3,2,1,0,0,0,0,0,0,0,0,0,0,0,0,0,0,0,0,
CDH15,1,0,0,0,0,0,0,0,0,0,0,0,0,0,0,0,0,0,0,0,0,0,0,0,0,0,0,
CDH2,9,8,7,6,5,4,3,2,1,0,0,0,0,0,0,0,0,0,0,0,0,0,0,0,0,0,0,
CDH3,5,4,3,2,1,0,0,0,0,0,0,0,0,0,0,0,0,0,0,0,0,0,0,0,0,0,0,
CDH4,5,4,3,2,1,0,0,0,0,0,0,0,0,0,0,0,0,0,0,0,0,0,0,0,0,0,0,
CDH5,5,4,3,2,1,0,0,0,0,0,0,0,0,0,0,0,0,0,0,0,0,0,0,0,0,0,0,
CDIPT,5,4,3,2,1,0,0,0,0,0,0,0,0,0,0,0,0,0,0,0,0,0,0,0,0,0,0,
CDK1,5,6,7,8,9,9,9,8,7,6,5,4,3,2,1,0,0,0,0,0,0,0,0,0,0,0,0,
CDK1-CCNA2,0,0,0,0,0,0,0,0,0,0,0,0,0,0,0,0,0,0,0,0,0,0,0,0,0,0,0,
CDK1-CCNB1,0,0,0,0,0,0,0,0,0,0,0,0,0,0,0,0,0,0,0,0,0,0,0,0,0,0,0,
CDK1-CCNB2,0,0,0,0,0,0,0,0,0,0,0,0,0,0,0,0,0,0,0,0,0,0,0,0,0,0,0,
CDK1-CCNB3,0,0,0,0,0,0,0,0,0,0,0,0,0,0,0,0,0,0,0,0,0,0,0,0,0,0,0,
CDK2,5,6,7,6,5,4,3,2,1,0,0,0,0,0,0,0,0,0,0,0,0,0,0,0,0,0,0,
CDK2-CCNA2,0,0,0,0,0,0,0,0,0,0,0,0,0,0,0,0,0,0,0,0,0,0,0,0,0,0,0,
CDK2-CCND1,0,0,0,0,0,0,0,0,0,0,0,0,0,0,0,0,0,0,0,0,0,0,0,0,0,0,0,
CDK2-CCNE1,0,0,0,0,0,0,0,0,0,0,0,0,0,0,0,0,0,0,0,0,0,0,0,0,0,0,0,
CDK4,5,6,7,8,9,9,9,9,9,9,9,9,9,9,9,9,9,9,9,9,9,9,9,9,9,9,9,
CDK4-CCND1,0,0,0,0,0,0,0,0,0,0,0,0,0,0,0,0,0,0,0,0,0,0,0,0,0,0,0,
CDK4-SYMPK,0,0,0,0,0,0,0,0,0,0,0,0,0,0,0,0,0,0,0,0,0,0,0,0,0,0,0,
CDK5,5,5,6,7,8,9,9,9,9,9,9,9,9,9,9,9,9,9,9,9,9,9,9,9,9,9,9,
CDK7-CCNH,0,0,0,0,0,0,0,0,0,0,0,0,0,0,0,0,0,0,0,0,0,0,0,0,0,0,0,
CDKN1A,1,2,3,4,5,6,7,8,9,9,9,9,9,9,9,9,9,9,9,9,9,9,9,9,9,9,9,
CDKN1B,5,5,4,4,3,2,1,1,0,0,0,0,0,0,0,0,0,0,0,0,0,0,0,0,0,0,0,
CDKN2A,5,4,3,2,1,0,0,0,0,0,0,0,0,0,0,0,0,0,0,0,0,0,0,0,0,0,0,
CDKN2B,5,5,4,3,2,1,0,0,0,0,0,0,0,0,0,0,0,0,0,0,0,0,0,0,0,0,0,
CDKN2C,5,4,3,2,1,0,0,0,0,0,0,0,0,0,0,0,0,0,0,0,0,0,0,0,0,0,0,
CDKN2D,5,5,4,4,5,6,7,8,8,8,8,9,9,9,9,9,9,9,9,9,9,9,9,9,9,9,9,
CDO1,5,4,3,2,1,0,0,0,0,0,0,0,0,0,0,0,0,0,0,0,0,0,0,0,0,0,0,
CDS1,5,4,3,2,1,0,0,0,0,0,0,0,0,0,0,0,0,0,0,0,0,0,0,0,0,0,0,
CEBPB,9,8,7,7,8,9,9,9,9,9,9,9,9,9,9,9,9,9,9,9,9,9,9,9,9,9,9,
CEL,1,0,0,0,0,0,0,0,0,0,0,0,0,0,0,0,0,0,0,0,0,0,0,0,0,0,0,
CENPS-CORT,5,4,3,2,1,0,0,0,0,0,0,0,0,0,0,0,0,0,0,0,0,0,0,0,0,0,0,
CEPT1,5,4,3,2,1,0,0,0,0,0,0,0,0,0,0,0,0,0,0,0,0,0,0,0,0,0,0,
CER1,5,4,3,2,1,0,0,0,0,0,0,0,0,0,0,0,0,0,0,0,0,0,0,0,0,0,0,
CERK,5,4,3,2,1,0,0,0,0,0,0,0,0,0,0,0,0,0,0,0,0,0,0,0,0,0,0,
CERS1,9,8,7,6,5,4,3,2,1,0,0,0,0,0,0,0,0,0,0,0,0,0,0,0,0,0,0,
CERS6,5,4,3,2,1,0,0,0,0,0,0,0,0,0,0,0,0,0,0,0,0,0,0,0,0,0,0,
CES1,5,4,3,2,1,0,0,0,0,0,0,0,0,0,0,0,0,0,0,0,0,0,0,0,0,0,0,
CFB,5,4,3,2,1,0,0,0,0,0,0,0,0,0,0,0,0,0,0,0,0,0,0,0,0,0,0,
CFD,5,4,3,2,1,0,0,0,0,0,0,0,0,0,0,0,0,0,0,0,0,0,0,0,0,0,0,
CFL1,5,4,3,2,1,0,0,0,0,0,0,0,0,0,0,0,0,0,0,0,0,0,0,0,0,0,0,
CFLAR,5,4,3,4,5,6,7,8,9,9,9,9,9,9,9,9,9,9,9,9,9,9,9,9,9,9,9,
CFTR,5,4,3,2,1,0,0,0,1,2,3,4,5,6,7,8,9,9,9,9,9,9,9,9,9,9,9,
CGA,5,4,3,2,1,0,0,0,0,0,0,0,0,0,0,0,0,0,0,0,0,0,0,0,0,0,0,
CGAS,5,4,3,2,1,0,0,0,0,0,0,0,0,0,0,0,0,0,0,0,0,0,0,0,0,0,0,
CGN,5,4,3,2,1,0,0,0,0,0,0,0,0,0,0,0,0,0,0,0,0,0,0,0,0,0,0,
CGNL1,9,8,7,6,5,4,3,2,1,0,0,0,0,0,0,0,0,0,0,0,0,0,0,0,0,0,0,
CH25H,5,4,3,2,1,0,0,0,0,0,0,0,0,0,0,0,0,0,0,0,0,0,0,0,0,0,0,
CHAC2,5,4,3,2,1,0,0,0,0,0,0,0,0,0,0,0,0,0,0,0,0,0,0,0,0,0,0,
CHAD,5,4,3,2,1,0,0,0,0,0,0,0,0,0,0,0,0,0,0,0,0,0,0,0,0,0,0,
CHAT,5,4,3,2,1,0,0,0,0,0,0,0,0,0,0,0,0,0,0,0,0,0,0,0,0,0,0,
CHD8,5,4,3,2,1,0,0,0,0,0,0,0,0,0,0,0,0,0,0,0,0,0,0,0,0,0,0,
CHDH,5,4,3,2,1,0,0,0,0,0,0,0,0,0,0,0,0,0,0,0,0,0,0,0,0,0,0,
CHEK1,5,6,7,8,7,7,7,7,8,8,8,8,9,9,9,9,9,9,9,9,9,9,9,9,9,9,9,
CHEK2,5,6,7,8,9,9,9,9,9,9,9,9,9,9,9,9,9,9,9,9,9,9,9,9,9,9,9,
CHIT1,5,4,3,2,1,0,0,0,0,0,0,0,0,0,0,0,0,0,0,0,0,0,0,0,0,0,0,
CHKA,5,4,3,2,1,0,0,0,0,0,0,0,0,0,0,0,0,0,0,0,0,0,0,0,0,0,0,
CHMP1A,5,4,3,2,1,0,0,0,0,0,0,0,0,0,0,0,0,0,0,0,0,0,0,0,0,0,0,
CHMP2B,5,4,3,2,1,0,0,0,0,0,0,0,0,0,0,0,0,0,0,0,0,0,0,0,0,0,0,
CHMP4B,5,4,3,2,1,0,0,0,0,0,0,0,0,0,0,0,0,0,0,0,0,0,0,0,0,0,0,
CHMP5,5,4,3,2,1,0,0,0,0,0,0,0,0,0,0,0,0,0,0,0,0,0,0,0,0,0,0,
CHMP7,5,4,3,2,1,0,0,0,0,0,0,0,0,0,0,0,0,0,0,0,0,0,0,0,0,0,0,
CHRD,5,4,3,2,1,0,0,0,0,0,0,0,0,0,0,0,0,0,0,0,0,0,0,0,0,0,0,
CHRM1,5,6,7,8,9,9,8,7,6,5,4,3,2,1,0,0,0,0,0,0,0,0,0,0,0,0,0,
CHRM2,5,4,3,2,1,0,0,0,0,0,0,0,0,0,0,0,0,0,0,0,0,0,0,0,0,0,0,
CHRM3,5,4,3,2,1,0,0,0,0,0,0,0,0,0,0,0,0,0,0,0,0,0,0,0,0,0,0,
CHRM4,5,4,3,2,1,0,0,0,0,0,0,0,0,0,0,0,0,0,0,0,0,0,0,0,0,0,0,
CHRM5,5,4,3,2,1,0,0,0,0,0,0,0,0,0,0,0,0,0,0,0,0,0,0,0,0,0,0,
CHRNA1,5,5,4,3,2,1,0,0,0,0,0,0,0,0,0,0,0,0,0,0,0,0,0,0,0,0,0,
CHRNA3,5,4,3,2,1,0,0,0,0,0,0,0,0,0,0,0,0,0,0,0,0,0,0,0,0,0,0,
CHRNA7,5,4,3,2,1,0,0,0,0,0,0,0,0,0,0,0,0,0,0,0,0,0,0,0,0,0,0,
CHSY1,5,4,3,2,1,0,0,0,0,0,0,0,0,0,0,0,0,0,0,0,0,0,0,0,0,0,0,
CHUK,5,6,7,8,9,9,9,9,9,9,9,9,9,9,9,9,9,9,9,9,9,9,9,9,9,9,9,
CHUK-IKBKB,0,0,1,2,3,4,5,6,7,8,9,9,9,9,9,9,9,9,9,9,9,9,9,9,9,9,9,
CIITA,5,4,3,2,1,0,0,0,0,0,0,0,0,0,0,0,0,0,0,0,0,0,0,0,0,0,0,
CISH,5,5,6,7,8,9,9,9,9,9,9,9,9,9,9,9,9,9,9,9,9,9,9,9,9,9,9,
CKB,1,0,0,0,0,0,0,0,0,0,0,0,0,0,0,0,0,0,0,0,0,0,0,0,0,0,0,
CLCA1,5,4,3,2,3,4,5,6,7,8,9,9,9,9,9,9,9,9,9,9,9,9,9,9,9,9,9,
CLCF1,5,4,3,2,1,0,0,0,0,0,0,0,0,0,0,0,0,0,0,0,0,0,0,0,0,0,0,
CLDN24,5,5,6,7,8,9,9,9,9,9,9,9,9,9,9,9,9,9,9,9,9,9,9,9,9,9,9,
CLIP1,5,5,6,7,8,9,9,9,9,9,9,9,9,9,9,9,9,9,9,9,9,9,9,9,9,9,9,
CLOCK-ARNTL,0,1,2,3,2,1,0,0,0,0,0,0,0,0,0,0,0,0,0,0,0,0,0,0,0,0,0,
CLP1,5,4,3,2,1,0,0,0,0,0,0,0,0,0,0,0,0,0,0,0,0,0,0,0,0,0,0,
CLTA,5,4,3,2,1,0,0,0,0,0,0,0,0,0,0,0,0,0,0,0,0,0,0,0,0,0,0,
CLTA-AP2M1,0,0,0,0,0,0,0,0,0,0,0,0,0,0,0,0,0,0,0,0,0,0,0,0,0,0,0,
CMAS,5,4,3,2,1,0,0,0,0,0,0,0,0,0,0,0,0,0,0,0,0,0,0,0,0,0,0,
CMPK1,5,4,3,2,1,0,0,0,0,0,0,0,0,0,0,0,0,0,0,0,0,0,0,0,0,0,0,
CMPK2,1,0,0,0,0,0,0,0,0,0,0,0,0,0,0,0,0,0,0,0,0,0,0,0,0,0,0,
CNDP1,5,4,3,2,1,0,0,0,0,0,0,0,0,0,0,0,0,0,0,0,0,0,0,0,0,0,0,
CNDP2,5,4,3,2,1,0,0,0,0,0,0,0,0,0,0,0,0,0,0,0,0,0,0,0,0,0,0,
CNGA3,5,4,3,2,3,4,5,6,7,8,9,9,9,9,9,9,9,9,9,9,9,9,9,9,9,9,9,
CNGB1,1,0,0,0,0,0,0,0,0,0,0,0,0,0,0,0,0,0,0,0,0,0,0,0,0,0,0,
CNOT7,5,5,4,3,2,1,0,0,0,0,0,0,0,0,0,0,0,0,0,0,0,0,0,0,0,0,0,
CNR1,5,4,3,2,1,0,0,0,0,0,0,0,0,0,0,0,0,0,0,0,0,0,0,0,0,0,0,
CNTF,5,4,3,2,1,0,0,0,0,0,0,0,0,0,0,0,0,0,0,0,0,0,0,0,0,0,0,
CNTFR-LIFR,0,1,2,3,4,3,2,1,0,0,0,0,0,0,0,0,0,0,0,0,0,0,0,0,0,0,0,
CNTN1,5,4,3,2,1,0,0,0,0,0,0,0,0,0,0,0,0,0,0,0,0,0,0,0,0,0,0,
CNTN2,5,4,3,2,1,0,0,0,0,0,0,0,0,0,0,0,0,0,0,0,0,0,0,0,0,0,0,
CNTNAP1-CNTN1,0,0,0,0,0,0,0,0,0,0,0,0,0,0,0,0,0,0,0,0,0,0,0,0,0,0,0,
CNTNAP2-CNTN2,0,0,0,0,0,0,0,0,0,0,0,0,0,0,0,0,0,0,0,0,0,0,0,0,0,0,0,
COASY,5,4,3,2,1,0,0,0,0,0,0,0,0,0,0,0,0,0,0,0,0,0,0,0,0,0,0,
COL1A1,1,0,0,0,0,0,0,0,0,0,0,0,0,0,0,0,0,0,0,0,0,0,0,0,0,0,0,
COLGALT2,9,8,7,6,5,4,3,2,1,0,0,0,0,0,0,0,0,0,0,0,0,0,0,0,0,0,0,
COMP,1,0,0,0,0,0,0,0,0,0,0,0,0,0,0,0,0,0,0,0,0,0,0,0,0,0,0,
COMT,5,4,3,2,1,0,0,0,0,0,0,0,0,0,0,0,0,0,0,0,0,0,0,0,0,0,0,
COP1,5,5,6,7,8,9,9,9,9,9,9,9,9,9,9,9,9,9,9,9,9,9,9,9,9,9,9,
COQ3,5,4,3,2,1,0,0,0,0,0,0,0,0,0,0,0,0,0,0,0,0,0,0,0,0,0,0,
COQ5,5,4,3,2,1,0,0,0,0,0,0,0,0,0,0,0,0,0,0,0,0,0,0,0,0,0,0,
COQ6,5,4,3,2,1,0,0,0,0,0,0,0,0,0,0,0,0,0,0,0,0,0,0,0,0,0,0,
COQ7,5,4,3,2,1,0,0,0,0,0,0,0,0,0,0,0,0,0,0,0,0,0,0,0,0,0,0,
CORT,5,4,3,2,1,0,0,0,0,0,0,0,0,0,0,0,0,0,0,0,0,0,0,0,0,0,0,
COX10,5,5,4,3,2,1,0,0,0,0,0,0,0,0,0,0,0,0,0,0,0,0,0,0,0,0,0,
COX15,5,4,3,2,1,0,0,0,0,0,0,0,0,0,0,0,0,0,0,0,0,0,0,0,0,0,0,
CP,9,8,7,6,5,4,3,2,1,0,0,0,0,0,0,0,0,0,0,0,0,0,0,0,0,0,0,
CPB2,5,5,4,3,2,1,0,0,0,0,0,0,0,0,0,0,0,0,0,0,0,0,0,0,0,0,0,
CPEB2,5,6,7,7,6,5,4,3,2,1,0,0,0,0,0,0,0,0,0,0,0,0,0,0,0,0,0,
CPOX,5,4,3,2,1,0,0,0,0,0,0,0,0,0,0,0,0,0,0,0,0,0,0,0,0,0,0,
CPS1,5,4,3,2,1,0,0,0,0,0,0,0,0,0,0,0,0,0,0,0,0,0,0,0,0,0,0,
CPSF6,5,4,3,2,1,0,0,0,0,0,0,0,0,0,0,0,0,0,0,0,0,0,0,0,0,0,0,
CPT1C,5,6,7,8,9,9,9,9,9,9,9,9,9,9,9,9,9,9,9,9,9,9,9,9,9,9,9,
CPT2,5,4,3,2,1,0,0,0,0,0,0,0,0,0,0,0,0,0,0,0,0,0,0,0,0,0,0,
CRB1,5,4,3,2,1,0,0,0,0,0,0,0,0,0,0,0,0,0,0,0,0,0,0,0,0,0,0,
CRB3,5,4,3,2,1,0,0,0,0,0,0,0,0,0,0,0,0,0,0,0,0,0,0,0,0,0,0,
CREB1,5,6,7,8,9,9,9,9,9,9,9,9,9,9,9,9,9,9,9,9,9,9,9,9,9,9,9,
CREB3,5,6,7,8,9,9,9,9,9,9,9,9,9,9,9,9,9,9,9,9,9,9,9,9,9,9,9,
CREB3-CRTC2,0,0,0,0,0,0,0,0,0,0,0,0,0,0,0,0,0,0,0,0,0,0,0,0,0,0,0,
CREBBP,5,6,7,8,9,9,9,9,9,9,9,9,9,9,9,9,9,9,9,9,9,9,9,9,9,9,9,
CREBBP-CREB3,0,1,2,3,2,1,1,2,3,4,5,6,7,8,9,9,9,9,9,9,9,9,9,9,9,9,9,
CREBBP-MAML3,0,0,0,0,0,0,0,0,0,0,0,0,0,0,0,0,0,0,0,0,0,0,0,0,0,0,0,
CREM,5,4,3,2,1,0,0,0,0,0,0,0,0,0,0,0,0,0,0,0,0,0,0,0,0,0,0,
CRH,5,4,3,2,1,0,0,0,0,0,0,0,0,0,0,0,0,0,0,0,0,0,0,0,0,0,0,
CRHR1,5,6,7,6,5,4,3,2,1,0,0,0,0,0,0,0,0,0,0,0,0,0,0,0,0,0,0,
CRK,5,6,7,8,9,9,9,9,9,9,9,9,9,9,9,9,9,9,9,9,9,9,9,9,9,9,9,
CRK-BCAR1,0,1,2,3,3,2,1,0,0,0,0,0,0,0,0,0,0,0,0,0,0,0,0,0,0,0,0,
CRLF2-IL7R,0,1,2,3,2,1,0,0,0,0,0,0,0,0,0,0,0,0,0,0,0,0,0,0,0,0,0,
CRLS1,5,4,3,2,1,0,0,0,0,0,0,0,0,0,0,0,0,0,0,0,0,0,0,0,0,0,0,
CRTC2,5,4,3,2,1,0,0,0,0,0,0,0,0,0,0,0,0,0,0,0,0,0,0,0,0,0,0,
CRY1,5,4,3,4,5,6,7,8,9,9,9,9,9,9,9,9,9,9,9,9,9,9,9,9,9,9,9,
CRY1-PER2,0,0,0,0,0,0,0,0,0,0,0,0,0,0,0,0,0,0,0,0,0,0,0,0,0,0,0,
CRYAB,5,6,7,6,5,4,3,2,1,0,0,0,0,0,0,0,0,0,0,0,0,0,0,0,0,0,0,
CRYL1,5,4,3,2,1,0,0,0,0,0,0,0,0,0,0,0,0,0,0,0,0,0,0,0,0,0,0,
CS,5,4,3,2,1,0,0,0,0,0,0,0,0,0,0,0,0,0,0,0,0,0,0,0,0,0,0,
CSAD,5,4,3,2,1,0,0,0,0,0,0,0,0,0,0,0,0,0,0,0,0,0,0,0,0,0,0,
CSF1,5,4,3,2,1,0,0,0,0,0,0,0,0,0,0,0,0,0,0,0,0,0,0,0,0,0,0,
CSF1R,5,6,7,6,5,4,3,2,1,0,0,0,0,0,0,0,0,0,0,0,0,0,0,0,0,0,0,
CSF2,5,6,7,8,9,9,9,9,9,9,9,9,9,9,9,9,9,9,9,9,9,9,9,9,9,9,9,
CSF2RB,5,5,4,3,2,1,0,0,0,0,0,0,0,0,0,0,0,0,0,0,0,0,0,0,0,0,0,
CSF2RB-CSF2RA,0,1,2,3,4,5,6,7,8,9,9,9,9,9,9,9,9,9,9,9,9,9,9,9,9,9,9,
CSF3,5,4,3,2,1,0,0,0,0,0,0,0,0,0,0,0,0,0,0,0,0,0,0,0,0,0,0,
CSF3R,5,5,4,3,2,1,0,0,0,0,0,0,0,0,0,0,0,0,0,0,0,0,0,0,0,0,0,
CSF3R-JAK1,0,1,2,3,2,1,0,0,0,0,0,0,0,0,0,0,0,0,0,0,0,0,0,0,0,0,0,
CSGALNACT2,5,4,3,2,1,0,0,0,0,0,0,0,0,0,0,0,0,0,0,0,0,0,0,0,0,0,0,
CSH1,5,4,3,2,1,0,0,0,0,0,0,0,0,0,0,0,0,0,0,0,0,0,0,0,0,0,0,
CSN2,5,5,6,7,8,9,9,9,9,9,9,9,9,9,9,9,9,9,9,9,9,9,9,9,9,9,9,
CSNK1A1L,5,4,3,2,1,0,0,0,0,0,0,0,0,0,0,0,0,0,0,0,0,0,0,0,0,0,0,
CSNK1D,5,4,3,2,1,0,0,0,0,0,0,0,0,0,0,0,0,0,0,0,0,0,0,0,0,0,0,
CSNK2A1,5,4,3,2,1,0,0,0,0,0,0,0,0,0,0,0,0,0,0,0,0,0,0,0,0,0,0,
CSTF1-CSTF2,0,0,0,0,0,0,0,0,0,0,0,0,0,0,0,0,0,0,0,0,0,0,0,0,0,0,0,
CTBP1,5,4,3,2,1,0,0,0,0,0,0,0,0,0,0,0,0,0,0,0,0,0,0,0,0,0,0,
CTF1,5,4,3,2,1,0,0,0,0,0,0,0,0,0,0,0,0,0,0,0,0,0,0,0,0,0,0,
CTH,5,4,3,2,1,0,0,0,0,0,0,0,0,0,0,0,0,0,0,0,0,0,0,0,0,0,0,
CTLA4,5,6,7,8,9,9,9,9,9,9,9,9,9,9,9,9,9,9,9,9,9,9,9,9,9,9,9,
CTNNA1,5,4,3,2,1,0,0,0,0,0,0,0,0,0,0,0,0,0,0,0,0,0,0,0,0,0,0,
CTNNB1,5,5,4,3,2,1,0,0,0,0,0,0,0,0,0,0,0,0,0,0,0,0,0,0,0,0,0,
CTNNB1-APC2,0,0,0,0,0,0,0,0,0,0,0,0,0,0,0,0,0,0,0,0,0,0,0,0,0,0,0,
CTNNBIP1,5,4,3,2,1,0,0,0,0,0,0,0,0,0,0,0,0,0,0,0,0,0,0,0,0,0,0,
CTNND1,5,4,3,2,1,0,0,0,0,0,0,0,0,0,0,0,0,0,0,0,0,0,0,0,0,0,0,
CTNND2,5,4,3,2,1,0,0,0,0,0,0,0,0,0,0,0,0,0,0,0,0,0,0,0,0,0,0,
CTPS1,9,8,7,6,5,4,3,2,1,0,0,0,0,0,0,0,0,0,0,0,0,0,0,0,0,0,0,
CTSB,5,4,3,2,1,0,0,0,0,0,0,0,0,0,0,0,0,0,0,0,0,0,0,0,0,0,0,
CTSC,5,4,3,2,1,0,0,0,0,0,0,0,0,0,0,0,0,0,0,0,0,0,0,0,0,0,0,
CTSD,5,4,3,2,1,0,0,0,0,0,0,0,0,0,0,0,0,0,0,0,0,0,0,0,0,0,0,
CTSG,5,4,3,2,1,0,0,0,0,0,0,0,0,0,0,0,0,0,0,0,0,0,0,0,0,0,0,
CTSK,5,6,7,8,9,9,9,9,9,9,9,9,9,9,9,9,9,9,9,9,9,9,9,9,9,9,9,
CTTN,5,4,3,2,1,0,0,0,0,0,0,0,0,0,0,0,0,0,0,0,0,0,0,0,0,0,0,
CTU1,5,4,3,2,1,0,0,0,0,0,0,0,0,0,0,0,0,0,0,0,0,0,0,0,0,0,0,
CTU2,5,5,4,3,2,1,0,0,0,0,0,0,0,0,0,0,0,0,0,0,0,0,0,0,0,0,0,
CUL1,5,4,3,2,1,0,0,0,0,0,0,0,0,0,0,0,0,0,0,0,0,0,0,0,0,0,0,
CUL1-FBXW11,0,0,0,0,0,0,0,0,0,0,0,0,0,0,0,0,0,0,0,0,0,0,0,0,0,0,0,
CUL3,5,4,3,2,1,0,0,0,0,0,0,0,0,0,0,0,0,0,0,0,0,0,0,0,0,0,0,
CUL3-SPOPL,0,0,0,0,0,0,0,0,0,0,0,0,0,0,0,0,0,0,0,0,0,0,0,0,0,0,0,
CX3CL1,5,4,3,2,1,0,0,0,0,0,0,0,0,0,0,0,0,0,0,0,0,0,0,0,0,0,0,
CX3CR1,5,5,4,3,2,1,0,0,0,0,0,0,0,0,0,0,0,0,0,0,0,0,0,0,0,0,0,
CXCL1,5,6,7,8,9,9,9,9,9,9,9,9,9,9,9,9,9,9,9,9,9,9,9,9,9,9,9,
CXCL10,5,6,7,8,9,9,9,9,9,9,9,9,9,9,9,9,9,9,9,9,9,9,9,9,9,9,9,
CXCL11,5,6,7,8,9,9,9,9,9,9,9,9,9,9,9,9,9,9,9,9,9,9,9,9,9,9,9,
CXCL12,5,4,3,2,1,0,0,0,0,0,0,0,0,0,0,0,0,0,0,0,0,0,0,0,0,0,0,
CXCL13,5,4,3,2,1,0,0,0,0,0,0,0,0,0,0,0,0,0,0,0,0,0,0,0,0,0,0,
CXCL16,5,4,3,2,1,0,0,0,0,0,0,0,0,0,0,0,0,0,0,0,0,0,0,0,0,0,0,
CXCL6,5,4,3,2,1,0,0,0,0,0,0,0,0,0,0,0,0,0,0,0,0,0,0,0,0,0,0,
CXCL8,9,9,9,9,9,9,9,9,9,9,9,9,9,9,9,9,9,9,9,9,9,9,9,9,9,9,9,
CXCL9,5,6,7,8,9,9,9,9,9,9,9,9,9,9,9,9,9,9,9,9,9,9,9,9,9,9,9,
CXCR1,5,6,7,8,9,9,9,9,9,9,9,9,9,9,9,9,9,9,9,9,9,9,9,9,9,9,9,
CXCR2,5,6,7,8,9,9,9,9,9,9,9,9,9,9,9,9,9,9,9,9,9,9,9,9,9,9,9,
CXCR3,5,6,7,8,9,9,9,9,9,9,9,9,9,9,9,9,9,9,9,9,9,9,9,9,9,9,9,
CXCR4,5,5,4,3,2,1,0,0,0,0,0,0,0,0,0,0,0,0,0,0,0,0,0,0,0,0,0,
CXCR5,5,5,4,3,2,1,0,0,0,0,0,0,0,0,0,0,0,0,0,0,0,0,0,0,0,0,0,
CXCR6,5,6,5,4,3,2,1,0,0,0,0,0,0,0,0,0,0,0,0,0,0,0,0,0,0,0,0,
CXXC4,1,0,0,0,0,0,0,0,0,0,0,0,0,0,0,0,0,0,0,0,0,0,0,0,0,0,0,
CYBA,5,5,6,7,8,9,9,9,9,9,9,9,9,9,9,9,9,9,9,9,9,9,9,9,9,9,9,
CYBB,5,5,4,3,2,1,0,0,0,0,0,0,0,0,0,0,0,0,0,0,0,0,0,0,0,0,0,
CYBB-CYBA,0,1,2,3,4,5,6,7,8,9,9,9,9,9,9,9,9,9,9,9,9,9,9,9,9,9,9,
CYCS,5,4,3,2,1,0,0,0,0,0,0,0,0,0,0,0,0,0,0,0,0,0,0,0,0,0,0,
CYFIP1,5,4,3,2,1,0,0,0,0,0,0,0,0,0,0,0,0,0,0,0,0,0,0,0,0,0,0,
CYLD,5,4,3,2,1,0,0,0,0,0,0,0,0,0,0,0,0,0,0,0,0,0,0,0,0,0,0,
CYP11A1,5,4,3,2,1,0,0,0,0,0,0,0,0,0,0,0,0,0,0,0,0,0,0,0,0,0,0,
CYP11B1,5,4,3,2,1,0,0,0,0,0,0,0,0,0,0,0,0,0,0,0,0,0,0,0,0,0,0,
CYP11B2,5,6,7,8,9,9,9,9,9,9,9,9,9,9,9,9,9,9,9,9,9,9,9,9,9,9,9,
CYP17A1,5,6,7,8,9,9,9,9,9,9,9,9,9,9,9,9,9,9,9,9,9,9,9,9,9,9,9,
CYP19A1,5,5,4,3,2,1,1,2,3,4,5,6,7,8,9,9,9,9,9,9,9,9,9,9,9,9,9,
CYP1A1,5,4,3,2,1,0,0,0,0,0,0,0,0,0,0,0,0,0,0,0,0,0,0,0,0,0,0,
CYP1A2,5,4,3,2,1,0,0,0,0,0,0,0,0,0,0,0,0,0,0,0,0,0,0,0,0,0,0,
CYP1B1,1,0,0,0,0,0,0,0,0,0,0,0,0,0,0,0,0,0,0,0,0,0,0,0,0,0,0,
CYP21A2,5,4,3,2,1,0,0,0,0,0,0,0,0,0,0,0,0,0,0,0,0,0,0,0,0,0,0,
CYP24A1,5,4,3,2,1,0,0,0,0,0,0,0,0,0,0,0,0,0,0,0,0,0,0,0,0,0,0,
CYP26A1,5,4,3,2,1,0,0,0,0,0,0,0,0,0,0,0,0,0,0,0,0,0,0,0,0,0,0,
CYP27A1,5,4,3,2,1,0,0,0,0,0,0,0,0,0,0,0,0,0,0,0,0,0,0,0,0,0,0,
CYP27B1,1,0,0,0,0,0,0,0,0,0,0,0,0,0,0,0,0,0,0,0,0,0,0,0,0,0,0,
CYP27C1,5,4,3,2,1,0,0,0,0,0,0,0,0,0,0,0,0,0,0,0,0,0,0,0,0,0,0,
CYP2A13,1,0,0,0,0,0,0,0,0,0,0,0,0,0,0,0,0,0,0,0,0,0,0,0,0,0,0,
CYP2A6,5,4,3,2,1,0,0,0,0,0,0,0,0,0,0,0,0,0,0,0,0,0,0,0,0,0,0,
CYP2B6,5,4,3,2,1,0,0,0,0,0,0,0,0,0,0,0,0,0,0,0,0,0,0,0,0,0,0,
CYP2C19,5,5,4,3,2,1,0,0,0,0,0,0,0,0,0,0,0,0,0,0,0,0,0,0,0,0,0,
CYP2C8,5,4,3,2,1,0,0,0,0,0,0,0,0,0,0,0,0,0,0,0,0,0,0,0,0,0,0,
CYP2C9,5,4,3,2,1,0,0,0,0,0,0,0,0,0,0,0,0,0,0,0,0,0,0,0,0,0,0,
CYP2E1,1,0,0,0,0,0,0,0,0,0,0,0,0,0,0,0,0,0,0,0,0,0,0,0,0,0,0,
CYP2J2,5,4,3,2,1,0,0,0,0,0,0,0,0,0,0,0,0,0,0,0,0,0,0,0,0,0,0,
CYP2R1,5,4,3,2,1,0,0,0,0,0,0,0,0,0,0,0,0,0,0,0,0,0,0,0,0,0,0,
CYP2U1,1,0,0,0,0,0,0,0,0,0,0,0,0,0,0,0,0,0,0,0,0,0,0,0,0,0,0,
CYP39A1,9,8,7,6,5,4,3,2,1,0,0,0,0,0,0,0,0,0,0,0,0,0,0,0,0,0,0,
CYP3A4,5,4,3,2,1,0,0,0,0,0,0,0,0,0,0,0,0,0,0,0,0,0,0,0,0,0,0,
CYP3A5,5,4,3,2,1,0,0,0,0,0,0,0,0,0,0,0,0,0,0,0,0,0,0,0,0,0,0,
CYP3A7-CYP3A51P,5,4,3,2,1,0,0,0,0,0,0,0,0,0,0,0,0,0,0,0,0,0,0,0,0,0,0,
CYP46A1,5,4,3,2,1,0,0,0,0,0,0,0,0,0,0,0,0,0,0,0,0,0,0,0,0,0,0,
CYP4A11,5,4,3,2,1,0,0,0,0,0,0,0,0,0,0,0,0,0,0,0,0,0,0,0,0,0,0,
CYP4F3,5,4,3,2,1,0,0,0,0,0,0,0,0,0,0,0,0,0,0,0,0,0,0,0,0,0,0,
CYP4F8,5,4,3,2,1,0,0,0,0,0,0,0,0,0,0,0,0,0,0,0,0,0,0,0,0,0,0,
CYP51A1,5,4,3,2,1,0,0,0,0,0,0,0,0,0,0,0,0,0,0,0,0,0,0,0,0,0,0,
CYP7A1,5,4,3,2,1,0,0,0,0,0,0,0,0,0,0,0,0,0,0,0,0,0,0,0,0,0,0,
CYP7B1,5,4,3,2,1,0,0,0,0,0,0,0,0,0,0,0,0,0,0,0,0,0,0,0,0,0,0,
CYP8B1,5,4,3,2,1,0,0,0,0,0,0,0,0,0,0,0,0,0,0,0,0,0,0,0,0,0,0,
CYSLTR1,5,4,3,2,1,0,0,0,0,0,0,0,0,0,0,0,0,0,0,0,0,0,0,0,0,0,0,
CYTH4,5,4,3,2,1,2,3,4,5,6,7,8,9,9,9,9,9,9,9,9,9,9,9,9,9,9,9,
DAAM1,5,4,3,2,1,0,0,0,0,0,0,0,0,0,0,0,0,0,0,0,0,0,0,0,0,0,0,
DAB2IP,5,6,7,8,9,9,9,9,9,9,9,9,9,9,9,9,9,9,9,9,9,9,9,9,9,9,9,
DAD1-STT3B,0,0,0,0,0,0,0,0,0,0,0,0,0,0,0,0,0,0,0,0,0,0,0,0,0,0,0,
DAG1-DAG1,0,1,2,3,4,3,2,1,0,0,0,0,0,0,0,0,0,0,0,0,0,0,0,0,0,0,0,
DAO,5,4,3,2,1,0,0,0,0,0,0,0,0,0,0,0,0,0,0,0,0,0,0,0,0,0,0,
DAPK1,9,8,7,6,5,4,3,2,1,0,0,0,0,0,0,0,0,0,0,0,0,0,0,0,0,0,0,
DAPP1,9,8,7,6,5,5,6,7,7,8,8,8,9,9,9,9,9,9,9,9,9,9,9,9,9,9,9,
DAXX,5,6,7,8,9,9,9,9,9,9,9,9,9,9,9,9,9,9,9,9,9,9,9,9,9,9,9,
DBF4-CDC7,0,0,0,0,0,0,0,0,0,0,0,0,0,0,0,0,0,0,0,0,0,0,0,0,0,0,0,
DBH,5,4,3,2,1,0,0,0,0,0,0,0,0,0,0,0,0,0,0,0,0,0,0,0,0,0,0,
DBI,5,4,3,2,1,0,0,0,0,0,0,0,0,0,0,0,0,0,0,0,0,0,0,0,0,0,0,
DBT,5,4,3,2,1,0,0,0,0,0,0,0,0,0,0,0,0,0,0,0,0,0,0,0,0,0,0,
DCC,5,6,7,8,9,9,9,9,9,9,9,9,9,9,9,9,9,9,9,9,9,9,9,9,9,9,9,
DCC-DCC,0,1,2,3,4,5,4,3,2,1,0,0,0,0,0,0,0,0,0,0,0,0,0,0,0,0,0,
DCC-UNC5D,0,1,2,3,4,5,4,3,2,1,0,0,0,0,0,0,0,0,0,0,0,0,0,0,0,0,0,
DCK,5,4,3,2,1,0,0,0,0,0,0,0,0,0,0,0,0,0,0,0,0,0,0,0,0,0,0,
DCN,5,4,3,2,1,0,0,0,0,0,0,0,0,0,0,0,0,0,0,0,0,0,0,0,0,0,0,
DCT,5,5,6,7,8,9,9,9,9,9,9,9,9,9,9,9,9,9,9,9,9,9,9,9,9,9,9,
DCTD,5,4,3,2,1,0,0,0,0,0,0,0,0,0,0,0,0,0,0,0,0,0,0,0,0,0,0,
DCTPP1,5,4,3,2,1,0,0,0,0,0,0,0,0,0,0,0,0,0,0,0,0,0,0,0,0,0,0,
DCXR,5,4,3,2,1,0,0,0,0,0,0,0,0,0,0,0,0,0,0,0,0,0,0,0,0,0,0,
DDB2,5,5,6,7,8,9,9,9,9,9,9,9,9,9,9,9,9,9,9,9,9,9,9,9,9,9,9,
DDC,5,4,3,2,1,0,0,0,0,0,0,0,0,0,0,0,0,0,0,0,0,0,0,0,0,0,0,
DDIT3,9,9,9,9,9,9,9,9,9,9,9,9,9,9,9,9,9,9,9,9,9,9,9,9,9,9,9,
DDIT4,5,5,6,7,8,9,9,9,9,9,9,9,9,9,9,9,9,9,9,9,9,9,9,9,9,9,9,
DDO,5,4,3,2,1,0,0,0,0,0,0,0,0,0,0,0,0,0,0,0,0,0,0,0,0,0,0,
DDX20,5,4,3,2,1,0,0,0,0,0,0,0,0,0,0,0,0,0,0,0,0,0,0,0,0,0,0,
DDX39B,5,4,3,2,1,0,0,0,0,0,0,0,0,0,0,0,0,0,0,0,0,0,0,0,0,0,0,
DDX3X,5,4,3,2,1,0,0,0,0,0,0,0,0,0,0,0,0,0,0,0,0,0,0,0,0,0,0,
DDX58,5,4,3,2,1,0,0,0,0,0,0,0,0,0,0,0,0,0,0,0,0,0,0,0,0,0,0,
DEGS2,5,4,3,2,1,0,0,0,0,0,0,0,0,0,0,0,0,0,0,0,0,0,0,0,0,0,0,
DEPTOR,1,0,0,0,0,0,0,0,0,0,0,0,0,0,0,0,0,0,0,0,0,0,0,0,0,0,0,
DERA,5,4,3,2,1,0,0,0,0,0,0,0,0,0,0,0,0,0,0,0,0,0,0,0,0,0,0,
DFFA,5,4,3,2,1,0,0,0,0,0,0,0,0,0,0,0,0,0,0,0,0,0,0,0,0,0,0,
DGAT2,5,4,3,2,1,0,0,0,0,0,0,0,0,0,0,0,0,0,0,0,0,0,0,0,0,0,0,
DGKK,5,4,3,2,1,0,0,0,0,0,0,0,0,0,0,0,0,0,0,0,0,0,0,0,0,0,0,
DGLUCY,1,0,0,0,0,0,0,0,0,0,0,0,0,0,0,0,0,0,0,0,0,0,0,0,0,0,0,
DGUOK,5,4,3,2,1,0,0,0,0,0,0,0,0,0,0,0,0,0,0,0,0,0,0,0,0,0,0,
DHCR24,5,4,3,2,1,0,0,0,0,0,0,0,0,0,0,0,0,0,0,0,0,0,0,0,0,0,0,
DHCR7,9,8,7,6,5,4,3,2,1,0,0,0,0,0,0,0,0,0,0,0,0,0,0,0,0,0,0,
DHDH,5,4,3,2,1,0,0,0,0,0,0,0,0,0,0,0,0,0,0,0,0,0,0,0,0,0,0,
DHFR,1,0,0,0,0,0,0,0,0,0,0,0,0,0,0,0,0,0,0,0,0,0,0,0,0,0,0,
DHODH,5,4,3,2,1,0,0,0,0,0,0,0,0,0,0,0,0,0,0,0,0,0,0,0,0,0,0,
DHRS4,5,4,3,2,1,0,0,0,0,0,0,0,0,0,0,0,0,0,0,0,0,0,0,0,0,0,0,
DHRS9,5,4,3,2,1,0,0,0,0,0,0,0,0,0,0,0,0,0,0,0,0,0,0,0,0,0,0,
DHX33,5,4,3,2,1,0,0,0,0,0,0,0,0,0,0,0,0,0,0,0,0,0,0,0,0,0,0,
DHX58,5,4,3,2,1,0,0,0,0,0,0,0,0,0,0,0,0,0,0,0,0,0,0,0,0,0,0,
DIABLO,5,4,3,2,1,0,0,0,0,0,0,0,0,0,0,0,0,0,0,0,0,0,0,0,0,0,0,
DIAPH1,5,5,6,7,8,9,9,9,9,9,9,9,9,9,9,9,9,9,9,9,9,9,9,9,9,9,9,
DIAPH3,5,5,6,7,8,9,9,9,9,9,9,9,9,9,9,9,9,9,9,9,9,9,9,9,9,9,9,
DKK1,5,4,3,2,1,0,0,0,0,0,0,0,0,0,0,0,0,0,0,0,0,0,0,0,0,0,0,
DLAT,5,4,3,2,1,0,0,0,0,0,0,0,0,0,0,0,0,0,0,0,0,0,0,0,0,0,0,
DLD,5,4,3,2,1,0,0,0,0,0,0,0,0,0,0,0,0,0,0,0,0,0,0,0,0,0,0,
DLG1,5,4,3,2,1,0,0,0,0,0,0,0,0,0,0,0,0,0,0,0,0,0,0,0,0,0,0,
DLG3,5,4,3,2,1,0,0,0,0,0,0,0,0,0,0,0,0,0,0,0,0,0,0,0,0,0,0,
DLG3-DLG2,0,0,0,0,0,0,0,0,0,0,0,0,0,0,0,0,0,0,0,0,0,0,0,0,0,0,0,
DLG4,5,4,3,2,1,0,0,0,0,0,0,0,0,0,0,0,0,0,0,0,0,0,0,0,0,0,0,
DLGAP1,5,4,3,2,1,0,0,0,0,0,0,0,0,0,0,0,0,0,0,0,0,0,0,0,0,0,0,
DLL3,5,4,3,2,1,0,0,0,0,0,0,0,0,0,0,0,0,0,0,0,0,0,0,0,0,0,0,
DLST,5,4,3,2,1,0,0,0,0,0,0,0,0,0,0,0,0,0,0,0,0,0,0,0,0,0,0,
DMGDH,5,4,3,2,1,0,0,0,0,0,0,0,0,0,0,0,0,0,0,0,0,0,0,0,0,0,0,
DMP1,5,4,3,2,1,0,0,0,0,0,0,0,0,0,0,0,0,0,0,0,0,0,0,0,0,0,0,
DNM1L,5,6,7,7,6,5,4,3,2,1,0,0,0,0,0,0,0,0,0,0,0,0,0,0,0,0,0,
DNM2-AMPH,0,1,2,3,4,5,6,7,8,9,9,9,9,9,9,9,9,9,9,9,9,9,9,9,9,9,9,
DNMT1,5,4,3,2,1,0,0,0,0,0,0,0,0,0,0,0,0,0,0,0,0,0,0,0,0,0,0,
DOCK1,5,5,6,7,8,9,9,9,9,9,9,9,9,9,9,9,9,9,9,9,9,9,9,9,9,9,9,
DOCK2-ELMO1,0,1,2,3,4,5,6,7,8,9,9,9,9,9,9,9,9,9,9,9,9,9,9,9,9,9,9,
DOCK4,5,4,3,2,1,0,0,0,0,0,0,0,0,0,0,0,0,0,0,0,0,0,0,0,0,0,0,
DOLK,5,4,3,2,1,0,0,0,0,0,0,0,0,0,0,0,0,0,0,0,0,0,0,0,0,0,0,
DOLPP1,5,4,3,2,1,0,0,0,0,0,0,0,0,0,0,0,0,0,0,0,0,0,0,0,0,0,0,
DPAGT1,5,4,3,2,1,0,0,0,0,0,0,0,0,0,0,0,0,0,0,0,0,0,0,0,0,0,0,
DPM1-DPM3,0,0,0,0,0,0,0,0,0,0,0,0,0,0,0,0,0,0,0,0,0,0,0,0,0,0,0,
DPYD,1,0,0,0,0,0,0,0,0,0,0,0,0,0,0,0,0,0,0,0,0,0,0,0,0,0,0,
DPYS,5,4,3,2,1,0,0,0,0,0,0,0,0,0,0,0,0,0,0,0,0,0,0,0,0,0,0,
DPYSL2,1,2,3,4,5,6,7,8,9,9,9,9,9,9,9,9,9,9,9,9,9,9,9,9,9,9,9,
DPYSL2-DPYSL5,0,1,2,3,2,1,0,0,0,0,0,0,0,0,0,0,0,0,0,0,0,0,0,0,0,0,0,
DPYSL5,1,0,0,0,0,0,0,0,0,0,0,0,0,0,0,0,0,0,0,0,0,0,0,0,0,0,0,
DRD1,5,4,3,2,1,0,0,0,0,0,0,0,0,0,0,0,0,0,0,0,0,0,0,0,0,0,0,
DRD2,5,4,3,2,1,0,0,0,0,0,0,0,0,0,0,0,0,0,0,0,0,0,0,0,0,0,0,
DRD3,5,4,3,2,1,0,0,0,0,0,0,0,0,0,0,0,0,0,0,0,0,0,0,0,0,0,0,
DRD5,5,4,3,2,1,0,0,0,0,0,0,0,0,0,0,0,0,0,0,0,0,0,0,0,0,0,0,
DSPP,5,4,3,2,1,0,0,0,0,0,0,0,0,0,0,0,0,0,0,0,0,0,0,0,0,0,0,
DTX2,5,4,3,3,2,1,0,0,0,0,0,1,2,3,4,5,6,7,8,9,9,9,9,9,9,9,9,
DTYMK,5,4,3,2,1,0,0,0,0,0,0,0,0,0,0,0,0,0,0,0,0,0,0,0,0,0,0,
DUOX2,5,5,4,3,2,1,0,0,0,0,0,0,0,0,0,0,0,0,0,0,0,0,0,0,0,0,0,
DUOXA2,5,4,3,2,1,0,0,0,0,0,0,0,0,0,0,0,0,0,0,0,0,0,0,0,0,0,0,
DUSP1,5,4,3,2,3,4,5,6,7,8,9,9,9,9,9,9,9,9,9,9,9,9,9,9,9,9,9,
DUSP10,5,4,3,2,1,0,0,0,0,0,0,0,0,0,0,0,0,0,0,0,0,0,0,0,0,0,0,
DUSP3,5,4,3,2,1,0,0,0,0,0,0,0,0,0,0,0,0,0,0,0,0,0,0,0,0,0,0,
DUSP9,5,5,4,3,2,1,0,0,0,0,0,0,0,0,0,0,0,0,0,0,0,0,0,0,0,0,0,
DUT,5,5,5,5,5,5,5,5,5,5,5,5,5,5,5,5,5,5,5,5,5,5,5,5,5,5,5,
DVL1,5,6,7,8,9,9,9,9,9,8,7,6,5,4,3,2,1,0,0,0,0,0,0,0,0,0,0,
DYNC1H1-RAB7B,0,0,0,0,0,0,0,0,0,0,0,0,0,0,0,0,0,0,0,0,0,0,0,0,0,0,0,
E2F1,5,4,3,2,1,0,0,0,0,0,0,0,0,0,0,0,0,0,0,0,0,0,0,0,0,0,0,
EBAG9,5,4,3,2,1,0,0,0,0,0,0,0,0,0,0,0,0,0,0,0,0,0,0,0,0,0,0,
EBP,5,4,3,2,1,0,0,0,0,0,0,0,0,0,0,0,0,0,0,0,0,0,0,0,0,0,0,
ECHDC1,5,4,3,2,1,0,0,0,0,0,0,0,0,0,0,0,0,0,0,0,0,0,0,0,0,0,0,
ECHS1,5,4,3,2,1,0,0,0,0,0,0,0,0,0,0,0,0,0,0,0,0,0,0,0,0,0,0,
ECSIT,5,4,3,2,1,0,0,0,0,0,0,0,0,0,0,0,0,0,0,0,0,0,0,0,0,0,0,
EDA,5,4,3,2,1,0,0,0,0,0,0,0,0,0,0,0,0,0,0,0,0,0,0,0,0,0,0,
EDA2R,5,5,4,3,2,1,0,0,0,0,0,0,0,0,0,0,0,0,0,0,0,0,0,0,0,0,0,
EDAR,5,5,4,3,2,1,0,0,0,0,0,0,0,0,0,0,0,0,0,0,0,0,0,0,0,0,0,
EDARADD,9,8,7,6,5,4,3,2,1,0,0,0,0,0,0,0,0,0,0,0,0,0,0,0,0,0,0,
EDN1,9,8,7,6,5,4,3,2,1,0,0,0,0,0,0,0,0,0,0,0,0,0,0,0,0,0,0,
EDNRA,5,6,7,7,6,5,4,3,2,1,0,0,0,0,0,0,0,0,0,0,0,0,0,0,0,0,0,
EDNRB,5,6,7,7,6,5,4,3,2,1,0,0,0,0,0,0,0,0,0,0,0,0,0,0,0,0,0,
EEA1-RAB5A,0,0,0,0,0,0,0,0,0,0,0,0,0,0,0,0,0,0,0,0,0,0,0,0,0,0,0,
EEF1A1,5,4,3,2,1,0,0,0,0,0,0,0,0,0,0,0,0,0,0,0,0,0,0,0,0,0,0,
EEF2,5,4,3,2,1,0,0,0,0,0,0,0,0,0,0,0,0,0,0,0,0,0,0,0,0,0,0,
EEF2K,5,6,7,8,9,9,9,9,9,9,9,9,9,9,9,9,9,9,9,9,9,9,9,9,9,9,9,
EFL1,5,4,3,2,1,0,0,0,0,0,0,0,0,0,0,0,0,0,0,0,0,0,0,0,0,0,0,
EFNA1,5,4,3,2,1,0,0,0,0,0,0,0,0,0,0,0,0,0,0,0,0,0,0,0,0,0,0,
EFNB1,5,4,3,2,1,0,0,0,0,0,0,0,0,0,0,0,0,0,0,0,0,0,0,0,0,0,0,
EGF,5,4,3,2,1,0,0,0,0,0,0,0,0,0,0,0,0,0,0,0,0,0,0,0,0,0,0,
EGFR,5,6,7,8,9,9,9,9,9,9,9,9,9,9,9,9,9,9,9,9,9,9,9,9,9,9,9,
EGFR-EGFR,0,1,2,3,4,5,6,7,8,9,9,9,9,9,9,9,9,9,9,9,9,9,9,9,9,9,9,
EGLN2,5,4,3,2,1,0,0,0,0,0,0,0,0,0,0,0,0,0,0,0,0,0,0,0,0,0,0,
EGR1,9,8,7,7,8,9,9,9,9,9,9,9,9,9,9,9,9,9,9,9,9,9,9,9,9,9,9,
EHD1,5,4,3,2,1,0,0,0,0,0,0,0,0,0,0,0,0,0,0,0,0,0,0,0,0,0,0,
EHD2,1,0,0,0,0,0,0,0,0,0,0,0,0,0,0,0,0,0,0,0,0,0,0,0,0,0,0,
EHD3,5,4,3,2,1,0,0,0,0,0,0,0,0,0,0,0,0,0,0,0,0,0,0,0,0,0,0,
EHHADH,5,4,3,2,1,0,0,0,0,0,0,0,0,0,0,0,0,0,0,0,0,0,0,0,0,0,0,
EHMT2,5,5,4,3,2,1,1,2,3,4,5,6,7,8,9,9,9,9,9,9,9,9,9,9,9,9,9,
EI24,5,5,6,7,8,9,9,9,9,9,9,9,9,9,9,9,9,9,9,9,9,9,9,9,9,9,9,
EIF1,5,4,3,2,1,0,0,0,0,0,0,0,0,0,0,0,0,0,0,0,0,0,0,0,0,0,0,
EIF2AK1,5,4,3,2,1,0,0,0,0,0,0,0,0,0,0,0,0,0,0,0,0,0,0,0,0,0,0,
EIF2AK3,5,4,3,2,1,0,0,0,0,0,0,0,0,0,0,0,0,0,0,0,0,0,0,0,0,0,0,
EIF2AK4,5,4,3,2,1,0,0,0,0,0,0,0,0,0,0,0,0,0,0,0,0,0,0,0,0,0,0,
EIF2B1,5,4,3,2,1,0,0,0,0,0,0,0,0,0,0,0,0,0,0,0,0,0,0,0,0,0,0,
EIF2S1,5,6,7,6,5,4,3,2,1,0,0,0,0,0,0,0,0,0,0,0,0,0,0,0,0,0,0,
EIF3E,5,4,3,2,1,0,0,0,0,0,0,0,0,0,0,0,0,0,0,0,0,0,0,0,0,0,0,
EIF4A1,5,5,5,6,7,8,9,9,9,9,9,9,9,9,9,9,9,9,9,9,9,9,9,9,9,9,9,
EIF4A3,5,4,3,2,1,0,0,0,0,0,0,0,0,0,0,0,0,0,0,0,0,0,0,0,0,0,0,
EIF4B,5,5,6,7,8,9,9,9,9,9,9,9,9,9,9,9,9,9,9,9,9,9,9,9,9,9,9,
EIF4E,5,4,3,2,1,2,3,4,5,6,7,8,9,9,9,9,9,9,9,9,9,9,9,9,9,9,9,
EIF4EBP1,9,8,7,6,5,4,3,2,1,0,0,0,0,0,0,0,0,0,0,0,0,0,0,0,0,0,0,
EIF4EBP2,5,4,3,2,1,0,0,0,0,0,0,0,0,0,0,0,0,0,0,0,0,0,0,0,0,0,0,
EIF4G1,5,4,3,2,1,0,0,0,0,0,0,0,0,0,0,0,0,0,0,0,0,0,0,0,0,0,0,
EIF5,5,4,3,2,1,0,0,0,0,0,0,0,0,0,0,0,0,0,0,0,0,0,0,0,0,0,0,
EIF6,5,4,3,2,1,0,0,0,0,0,0,0,0,0,0,0,0,0,0,0,0,0,0,0,0,0,0,
ELAVL1,5,4,3,2,1,0,0,0,0,0,0,0,0,0,0,0,0,0,0,0,0,0,0,0,0,0,0,
ELF5,5,5,6,7,8,9,9,9,9,9,9,9,9,9,9,9,9,9,9,9,9,9,9,9,9,9,9,
ELK1,5,6,7,8,9,9,9,9,9,9,9,9,9,9,9,9,9,9,9,9,9,9,9,9,9,9,9,
ELK4,5,4,3,2,1,0,0,0,0,0,0,0,0,0,0,0,0,0,0,0,0,0,0,0,0,0,0,
ELOVL2,1,0,0,0,0,0,0,0,0,0,0,0,0,0,0,0,0,0,0,0,0,0,0,0,0,0,0,
ENAH,5,6,7,8,9,9,9,9,9,9,9,9,9,9,9,9,9,9,9,9,9,9,9,9,9,9,9,
ENO1,5,4,3,2,1,0,0,0,0,0,0,0,0,0,0,0,0,0,0,0,0,0,0,0,0,0,0,
ENOPH1,5,4,3,2,1,0,0,0,0,0,0,0,0,0,0,0,0,0,0,0,0,0,0,0,0,0,0,
ENPP1,5,4,3,2,1,0,0,0,0,0,0,0,0,0,0,0,0,0,0,0,0,0,0,0,0,0,0,
ENPP6,5,4,3,2,1,0,0,0,0,0,0,0,0,0,0,0,0,0,0,0,0,0,0,0,0,0,0,
ENPP7,5,4,3,2,1,0,0,0,0,0,0,0,0,0,0,0,0,0,0,0,0,0,0,0,0,0,0,
ENTPD2,9,8,7,6,5,4,3,2,1,0,0,0,0,0,0,0,0,0,0,0,0,0,0,0,0,0,0,
ENTPD8,1,0,0,0,0,0,0,0,0,0,0,0,0,0,0,0,0,0,0,0,0,0,0,0,0,0,0,
EPB41L4B,5,4,3,2,1,0,0,0,0,0,0,0,0,0,0,0,0,0,0,0,0,0,0,0,0,0,0,
EPHA2,9,8,7,6,5,4,3,2,1,0,0,0,0,0,0,0,0,0,0,0,0,0,0,0,0,0,0,
EPHB1,5,5,4,3,2,1,0,0,0,0,0,0,0,0,0,0,0,0,0,0,0,0,0,0,0,0,0,
EPHX1,5,4,3,2,1,0,0,0,0,0,0,0,0,0,0,0,0,0,0,0,0,0,0,0,0,0,0,
EPHX2,5,4,3,2,1,0,0,0,0,0,0,0,0,0,0,0,0,0,0,0,0,0,0,0,0,0,0,
EPN2-EPS15,0,0,0,0,0,0,0,0,0,0,0,0,0,0,0,0,0,0,0,0,0,0,0,0,0,0,0,
EPO,5,4,3,2,1,0,0,0,0,0,0,0,0,0,0,0,0,0,0,0,0,0,0,0,0,0,0,
EPOR,1,2,3,3,2,1,0,0,0,0,0,0,0,0,0,0,0,0,0,0,0,0,0,0,0,0,0,
ERBB2,5,4,3,2,1,0,0,0,0,0,0,0,0,0,0,0,0,0,0,0,0,0,0,0,0,0,0,
ERBB2-ERBB2,0,0,0,0,0,0,0,0,0,0,0,0,0,0,0,0,0,0,0,0,0,0,0,0,0,0,0,
ERBB3,5,6,7,8,8,7,6,5,4,3,2,1,0,0,0,0,0,0,0,0,0,0,0,0,0,0,0,
ERBB3-ERBB2,0,0,0,0,0,0,0,0,0,0,0,0,0,0,0,0,0,0,0,0,0,0,0,0,0,0,0,
ERBB3-ERBB3,0,1,2,3,4,5,4,3,2,1,0,0,0,0,0,0,0,0,0,0,0,0,0,0,0,0,0,
ERBB4,9,9,9,9,9,9,9,9,9,9,9,9,9,9,9,9,9,9,9,9,9,9,9,9,9,9,9,
ERBB4-ERBB2,0,0,0,0,0,0,0,0,0,0,0,0,0,0,0,0,0,0,0,0,0,0,0,0,0,0,0,
ERBB4-ERBB4,0,1,2,3,4,5,6,7,8,9,9,9,9,9,9,9,9,9,9,9,9,9,9,9,9,9,9,
ERBIN,5,4,3,2,1,0,0,0,0,0,0,0,0,0,0,0,0,0,0,0,0,0,0,0,0,0,0,
EREG,5,4,3,2,1,0,0,0,0,0,0,0,0,0,0,0,0,0,0,0,0,0,0,0,0,0,0,
ERN1,5,4,3,2,1,0,0,0,0,0,0,0,0,0,0,0,0,0,0,0,0,0,0,0,0,0,0,
ERO1A,5,4,3,2,1,0,0,0,0,0,0,0,0,0,0,0,0,0,0,0,0,0,0,0,0,0,0,
ESAM,5,4,3,2,1,0,0,0,0,0,0,0,0,0,0,0,0,0,0,0,0,0,0,0,0,0,0,
ESPL1,5,4,3,2,1,0,0,0,0,0,0,0,0,0,0,0,0,0,0,0,0,0,0,0,0,0,0,
ESR1,9,9,9,9,9,9,9,9,9,9,9,9,9,9,9,9,9,9,9,9,9,9,9,9,9,9,9,
ESRRB,1,0,0,0,0,0,0,0,0,0,0,0,0,0,0,0,0,0,0,0,0,0,0,0,0,0,0,
ETF1,5,4,3,2,1,0,0,0,0,0,0,0,0,0,0,0,0,0,0,0,0,0,0,0,0,0,0,
ETHE1,5,4,3,2,1,0,0,0,0,0,0,0,0,0,0,0,0,0,0,0,0,0,0,0,0,0,0,
ETNPPL,1,0,0,0,0,0,0,0,0,0,0,0,0,0,0,0,0,0,0,0,0,0,0,0,0,0,0,
ETS1,5,5,6,7,8,9,9,9,9,9,9,9,9,9,9,9,9,9,9,9,9,9,9,9,9,9,9,
EVC2,5,4,3,2,1,0,0,0,0,0,0,0,0,0,0,0,0,0,0,0,0,0,0,0,0,0,0,
EVL,5,5,5,6,7,8,9,9,9,9,9,9,9,9,9,9,9,9,9,9,9,9,9,9,9,9,9,
EXOC2,5,5,6,7,8,9,9,9,9,9,9,9,9,9,9,9,9,9,9,9,9,9,9,9,9,9,9,
EXOC7,5,4,3,2,1,0,0,0,0,0,0,0,0,0,0,0,0,0,0,0,0,0,0,0,0,0,0,
EZR,5,6,7,8,9,9,9,9,9,9,9,9,9,9,9,9,9,9,9,9,9,9,9,9,9,9,9,
F10,5,5,4,4,4,4,4,4,3,2,1,0,0,0,0,0,0,0,0,0,0,0,0,0,0,0,0,
F11,1,2,3,3,2,1,0,0,0,0,0,0,0,0,0,0,0,0,0,0,0,0,0,0,0,0,0,
F11R,5,4,3,2,1,0,0,0,0,0,0,0,0,0,0,0,0,0,0,0,0,0,0,0,0,0,0,
F11R-F11R,0,0,0,0,0,0,0,0,0,0,0,0,0,0,0,0,0,0,0,0,0,0,0,0,0,0,0,
F12,5,4,3,2,1,0,0,0,0,0,0,0,0,0,0,0,0,0,0,0,0,0,0,0,0,0,0,
F13A1,5,5,4,3,2,1,0,0,0,0,0,0,0,0,0,0,0,0,0,0,0,0,0,0,0,0,0,
F2,5,4,3,2,1,0,0,0,0,0,0,0,0,0,0,0,0,0,0,0,0,0,0,0,0,0,0,
F2R,5,6,7,8,9,9,9,9,9,9,9,9,9,9,9,9,9,9,9,9,9,9,9,9,9,9,9,
F2RL1,5,4,3,2,1,0,0,0,0,0,0,0,0,0,0,0,0,0,0,0,0,0,0,0,0,0,0,
F2RL2,1,2,3,3,2,1,0,0,0,0,0,0,0,0,0,0,0,0,0,0,0,0,0,0,0,0,0,
F3,9,8,7,6,5,4,3,2,1,0,0,0,0,0,0,0,0,0,0,0,0,0,0,0,0,0,0,
F5,5,4,3,2,1,0,0,0,0,0,0,0,0,0,0,0,0,0,0,0,0,0,0,0,0,0,0,
F7,5,4,4,4,4,4,4,3,2,1,0,0,0,0,0,0,0,0,0,0,0,0,0,0,0,0,0,
F8,5,4,3,2,1,0,0,0,0,0,0,0,0,0,0,0,0,0,0,0,0,0,0,0,0,0,0,
F9,5,4,3,2,1,0,0,0,0,0,0,0,0,0,0,0,0,0,0,0,0,0,0,0,0,0,0,
FAAP24,5,4,3,2,1,0,0,0,0,0,0,0,0,0,0,0,0,0,0,0,0,0,0,0,0,0,0,
FABP1,5,4,3,2,1,0,0,0,0,0,0,0,0,0,0,0,0,0,0,0,0,0,0,0,0,0,0,
FABP2,5,4,3,2,1,0,0,0,0,0,0,0,0,0,0,0,0,0,0,0,0,0,0,0,0,0,0,
FABP3,5,4,3,2,1,0,0,0,0,0,0,0,0,0,0,0,0,0,0,0,0,0,0,0,0,0,0,
FABP4,5,4,3,2,1,0,0,0,0,0,0,0,0,0,0,0,0,0,0,0,0,0,0,0,0,0,0,
FADD,5,6,7,8,9,9,9,9,9,9,9,9,9,9,9,9,9,9,9,9,9,9,9,9,9,9,9,
FADD-RIPK1,0,0,0,0,0,0,0,0,0,0,0,0,0,0,0,0,0,0,0,0,0,0,0,0,0,0,0,
FADD-TRADD,0,1,2,3,4,5,6,7,8,9,9,9,9,9,9,9,9,9,9,9,9,9,9,9,9,9,9,
FADS2,5,4,3,2,1,0,0,0,0,0,0,0,0,0,0,0,0,0,0,0,0,0,0,0,0,0,0,
FAH,5,4,3,2,1,0,0,0,0,0,0,0,0,0,0,0,0,0,0,0,0,0,0,0,0,0,0,
FAHD1,5,4,3,2,1,0,0,0,0,0,0,0,0,0,0,0,0,0,0,0,0,0,0,0,0,0,0,
FAN1,5,5,4,3,2,1,0,0,0,0,0,0,0,0,0,0,0,0,0,0,0,0,0,0,0,0,0,
FANCA,5,4,3,2,1,0,0,0,0,0,0,0,0,0,0,0,0,0,0,0,0,0,0,0,0,0,0,
FANCD2,5,4,3,2,1,0,0,0,0,0,0,0,0,0,0,0,0,0,0,0,0,0,0,0,0,0,0,
FANCE-FANCF,0,0,0,0,0,0,0,0,0,0,0,0,0,0,0,0,0,0,0,0,0,0,0,0,0,0,0,
FANCG,5,4,3,2,1,0,0,0,0,0,0,0,0,0,0,0,0,0,0,0,0,0,0,0,0,0,0,
FANCI,5,4,3,2,1,0,0,0,0,0,0,0,0,0,0,0,0,0,0,0,0,0,0,0,0,0,0,
FANCL,5,4,3,2,1,0,0,0,0,0,0,0,0,0,0,0,0,0,0,0,0,0,0,0,0,0,0,
FANCM,5,4,3,2,1,0,0,0,0,0,0,0,0,0,0,0,0,0,0,0,0,0,0,0,0,0,0,
FARP2,5,5,6,7,8,9,9,9,9,9,9,9,9,9,9,9,9,9,9,9,9,9,9,9,9,9,9,
FAS,9,9,9,9,9,9,9,9,9,9,9,9,9,9,9,9,9,9,9,9,9,9,9,9,9,9,9,
FASLG,5,6,7,8,9,9,9,9,9,9,9,9,9,9,9,9,9,9,9,9,9,9,9,9,9,9,9,
FASN,5,5,4,3,2,1,0,0,0,0,0,0,0,0,0,0,0,0,0,0,0,0,0,0,0,0,0,
FBP1,5,5,6,7,8,9,9,9,9,9,9,9,9,9,9,9,9,9,9,9,9,9,9,9,9,9,9,
FBXL3,5,4,3,2,1,0,0,0,0,0,0,0,0,0,0,0,0,0,0,0,0,0,0,0,0,0,0,
FBXO32,5,5,4,4,5,6,7,8,8,8,8,9,9,9,9,9,9,9,9,9,9,9,9,9,9,9,9,
FBXO43,5,4,3,2,1,0,0,0,0,0,0,0,0,0,0,0,0,0,0,0,0,0,0,0,0,0,0,
FBXO5,5,4,3,2,1,0,0,0,0,0,0,0,0,0,0,0,0,0,0,0,0,0,0,0,0,0,0,
FBXW11,5,4,3,2,1,0,0,0,0,0,0,0,0,0,0,0,0,0,0,0,0,0,0,0,0,0,0,
FCER1A,5,4,3,2,1,0,0,0,0,0,0,0,0,0,0,0,0,0,0,0,0,0,0,0,0,0,0,
FCER1G,5,6,7,8,9,9,9,9,9,9,9,9,9,9,9,9,9,9,9,9,9,9,9,9,9,9,9,
FCER1G-MS4A2,0,0,0,0,0,0,0,0,0,0,0,0,0,0,0,0,0,0,0,0,0,0,0,0,0,0,0,
FCGR1A,5,6,7,7,7,6,5,5,5,4,4,5,5,4,4,5,5,4,4,5,5,4,4,5,5,4,4,
FCGR2A,5,6,7,8,9,9,9,9,9,9,9,9,9,9,9,9,9,9,9,9,9,9,9,9,9,9,9,
FCGR2B,5,4,3,2,1,0,0,0,0,0,0,0,0,0,0,0,0,0,0,0,0,0,0,0,0,0,0,
FCGR3A,5,5,5,4,3,2,1,0,0,0,0,0,0,0,0,0,0,0,0,0,0,0,0,0,0,0,0,
FCSK,5,4,3,2,1,0,0,0,0,0,0,0,0,0,0,0,0,0,0,0,0,0,0,0,0,0,0,
FDFT1,5,4,3,2,1,0,0,0,0,0,0,0,0,0,0,0,0,0,0,0,0,0,0,0,0,0,0,
FDPS,5,5,4,3,2,1,0,0,0,0,0,0,0,0,0,0,0,0,0,0,0,0,0,0,0,0,0,
FECH,5,4,3,2,1,0,0,0,0,0,0,0,0,0,0,0,0,0,0,0,0,0,0,0,0,0,0,
FER,5,5,4,3,2,1,0,0,0,0,0,0,0,0,0,0,0,0,0,0,0,0,0,0,0,0,0,
FERMT3,5,4,3,2,1,0,0,0,0,0,0,0,0,0,0,0,0,0,0,0,0,0,0,0,0,0,0,
FES,5,4,3,2,1,0,0,0,0,0,0,0,0,0,0,0,0,0,0,0,0,0,0,0,0,0,0,
FFAR1,5,4,3,2,1,0,0,0,0,0,0,0,0,0,0,0,0,0,0,0,0,0,0,0,0,0,0,
FGA,5,5,4,3,2,1,0,0,0,0,0,0,0,0,0,0,0,0,0,0,0,0,0,0,0,0,0,
FGD1,5,5,5,6,7,8,9,9,8,7,6,5,4,3,2,1,0,0,0,0,0,0,0,0,0,0,0,
FGF1,5,5,4,3,2,1,0,1,0,0,0,0,0,0,0,0,0,0,0,0,0,0,0,0,0,0,0,
FGF2,5,4,3,2,1,0,0,0,0,0,0,0,0,0,0,0,0,0,0,0,0,0,0,0,0,0,0,
FGFR1,5,5,4,3,2,1,0,0,0,0,0,0,0,0,0,0,0,0,0,0,0,0,0,0,0,0,0,
FGR,5,5,6,7,8,9,9,9,9,9,9,9,9,9,9,9,9,9,9,9,9,9,9,9,9,9,9,
FH,5,4,3,2,1,0,0,0,0,0,0,0,0,0,0,0,0,0,0,0,0,0,0,0,0,0,0,
FHL1,5,4,3,2,1,0,0,0,0,0,0,0,0,0,0,0,0,0,0,0,0,0,0,0,0,0,0,
FHL2,5,4,3,2,1,0,0,0,0,0,0,0,0,0,0,0,0,0,0,0,0,0,0,0,0,0,0,
FIG4,5,4,3,2,1,0,0,0,0,0,0,0,0,0,0,0,0,0,0,0,0,0,0,0,0,0,0,
FIP1L1-CPSF3,0,0,0,0,0,0,0,0,0,0,0,0,0,0,0,0,0,0,0,0,0,0,0,0,0,0,0,
FLAD1,5,4,3,2,1,0,0,0,0,0,0,0,0,0,0,0,0,0,0,0,0,0,0,0,0,0,0,
FLCN,5,4,3,2,1,0,0,0,0,0,0,0,0,0,0,0,0,0,0,0,0,0,0,0,0,0,0,
FLCN-FNIP2,0,0,0,0,0,0,0,0,0,0,0,0,0,0,0,0,0,0,0,0,0,0,0,0,0,0,0,
FLNA,5,4,3,2,1,0,0,0,0,0,0,0,0,0,0,0,0,0,0,0,0,0,0,0,0,0,0,
FLOT1,5,4,3,2,1,0,0,0,0,0,0,0,0,0,0,0,0,0,0,0,0,0,0,0,0,0,0,
FLT1,5,4,3,2,1,0,0,0,0,0,0,0,0,0,0,0,0,0,0,0,0,0,0,0,0,0,0,
FMO1,5,4,3,2,1,0,0,0,0,0,0,0,0,0,0,0,0,0,0,0,0,0,0,0,0,0,0,
FMOD,5,4,3,2,1,0,0,0,0,0,0,0,0,0,0,0,0,0,0,0,0,0,0,0,0,0,0,
FMR1,5,4,3,2,1,0,0,0,0,0,0,0,0,0,0,0,0,0,0,0,0,0,0,0,0,0,0,
FN1,5,4,3,2,1,0,0,0,0,0,0,0,0,0,0,0,0,0,0,0,0,0,0,0,0,0,0,
FNIP2,5,4,3,2,1,0,0,0,0,0,0,0,0,0,0,0,0,0,0,0,0,0,0,0,0,0,0,
FNTA,5,4,3,2,1,0,0,0,0,0,0,0,0,0,0,0,0,0,0,0,0,0,0,0,0,0,0,
FOLH1,5,4,3,2,1,0,0,0,0,0,0,0,0,0,0,0,0,0,0,0,0,0,0,0,0,0,0,
FOS,9,9,9,9,9,9,9,9,9,9,9,9,9,9,9,9,9,9,9,9,9,9,9,9,9,9,9,
FOSL1,5,5,4,3,2,1,0,0,0,0,0,0,0,0,0,0,0,0,0,0,0,0,0,0,0,0,0,
FOXA2,5,4,3,2,1,0,0,0,0,0,0,0,0,0,0,0,0,0,0,0,0,0,0,0,0,0,0,
FOXO1,5,6,7,8,9,9,9,9,9,9,9,9,9,9,9,9,9,9,9,9,9,9,9,9,9,9,9,
FOXO3,5,4,3,2,1,0,0,0,0,0,0,0,0,0,0,0,0,0,0,0,0,0,0,0,0,0,0,
FOXO4,5,4,3,2,1,0,0,0,0,0,0,0,0,0,0,0,0,0,0,0,0,0,0,0,0,0,0,
FOXO6,5,4,4,5,6,7,8,8,8,8,9,9,9,9,9,9,9,9,9,9,9,9,9,9,9,9,9,
FPGS,5,4,3,2,1,0,0,0,0,0,0,0,0,0,0,0,0,0,0,0,0,0,0,0,0,0,0,
FPGT,5,4,3,2,1,0,0,0,0,0,0,0,0,0,0,0,0,0,0,0,0,0,0,0,0,0,0,
FPR1,5,4,3,2,1,0,0,0,0,0,0,0,0,0,0,0,0,0,0,0,0,0,0,0,0,0,0,
FRAT1,5,4,3,2,1,0,0,0,0,0,0,0,0,0,0,0,0,0,0,0,0,0,0,0,0,0,0,
FRS2,5,5,6,7,6,5,4,3,2,1,0,0,0,0,0,0,0,0,0,0,0,0,0,0,0,0,0,
FSHR,5,5,4,3,2,1,0,0,0,0,0,0,0,0,0,0,0,0,0,0,0,0,0,0,0,0,0,
FST,5,4,3,2,1,0,0,0,0,0,0,0,0,0,0,0,0,0,0,0,0,0,0,0,0,0,0,
FTCD,5,5,4,3,2,1,0,0,0,0,0,0,0,0,0,0,0,0,0,0,0,0,0,0,0,0,0,
FUT1,5,5,4,3,2,1,0,0,0,0,0,0,0,0,0,0,0,0,0,0,0,0,0,0,0,0,0,
FUT3,5,4,3,2,1,0,0,0,0,0,0,0,0,0,0,0,0,0,0,0,0,0,0,0,0,0,0,
FUT4,5,4,3,2,1,0,0,0,0,0,0,0,0,0,0,0,0,0,0,0,0,0,0,0,0,0,0,
FUT8,5,4,3,2,1,0,0,0,0,0,0,0,0,0,0,0,0,0,0,0,0,0,0,0,0,0,0,
FUT9,5,4,3,2,1,0,0,0,0,0,0,0,0,0,0,0,0,0,0,0,0,0,0,0,0,0,0,
FXYD1,5,5,4,3,2,1,1,2,3,4,5,6,7,8,9,9,9,9,9,9,9,9,9,9,9,9,9,
FXYD4,5,4,3,2,1,0,0,0,0,0,0,0,0,0,0,0,0,0,0,0,0,0,0,0,0,0,0,
FYN,5,6,7,8,9,9,9,9,9,9,9,9,9,9,9,9,9,9,9,9,9,9,9,9,9,9,9,
FZD10,5,5,4,4,4,4,4,3,2,1,0,0,0,0,0,0,0,0,0,0,0,0,0,0,0,0,0,
FZD10-LRP6,0,1,2,3,4,5,4,3,2,1,0,0,0,0,0,0,0,0,0,0,0,0,0,0,0,0,0,
FZD3,5,6,7,8,9,9,9,9,9,9,9,9,9,9,9,9,9,9,9,9,9,9,9,9,9,9,9,
FZR1,5,4,3,2,1,0,0,0,0,0,0,0,0,0,0,0,0,0,0,0,0,0,0,0,0,0,0,
FZR1-ANAPC10,0,1,2,3,2,1,0,0,0,0,0,0,0,0,0,0,0,0,0,0,0,0,0,0,0,0,0,
G10505,0,0,0,0,0,0,0,0,0,0,0,0,0,0,0,0,0,0,0,0,0,0,0,0,0,0,0,
G6PC,5,6,7,8,9,8,7,8,8,8,8,9,9,9,9,9,9,9,9,9,9,9,9,9,9,9,9,
G6PD,5,4,3,2,1,0,0,0,0,0,0,0,0,0,0,0,0,0,0,0,0,0,0,0,0,0,0,
GAA,5,4,3,2,1,0,0,0,0,0,0,0,0,0,0,0,0,0,0,0,0,0,0,0,0,0,0,
GAB1,5,5,6,7,8,9,9,9,9,9,9,9,9,9,9,9,9,9,9,9,9,9,9,9,9,9,9,
GAB2,5,6,7,8,9,9,9,9,9,9,9,9,9,9,9,9,9,9,9,9,9,9,9,9,9,9,9,
GABARAP,5,6,7,8,9,9,9,9,9,9,9,9,9,9,9,9,9,9,9,9,9,9,9,9,9,9,9,
GABBR1,5,4,3,2,1,0,0,0,0,0,0,0,0,0,0,0,0,0,0,0,0,0,0,0,0,0,0,
GABRA1,5,4,3,2,1,0,0,0,0,0,0,0,0,0,0,0,0,0,0,0,0,0,0,0,0,0,0,
GABRR3,5,4,3,2,1,0,0,0,0,0,0,0,0,0,0,0,0,0,0,0,0,0,0,0,0,0,0,
GAD1,5,4,3,2,1,0,0,0,0,0,0,0,0,0,0,0,0,0,0,0,0,0,0,0,0,0,0,
GADD45G,5,6,7,8,9,9,9,9,9,9,9,9,9,9,9,9,9,9,9,9,9,9,9,9,9,9,9,
GADL1,5,4,3,2,1,0,0,0,0,0,0,0,0,0,0,0,0,0,0,0,0,0,0,0,0,0,0,
GAL,5,4,3,2,1,0,0,0,0,0,0,0,0,0,0,0,0,0,0,0,0,0,0,0,0,0,0,
GAL3ST1,5,4,3,2,1,0,0,0,0,0,0,0,0,0,0,0,0,0,0,0,0,0,0,0,0,0,0,
GALC,5,4,3,2,1,0,0,0,0,0,0,0,0,0,0,0,0,0,0,0,0,0,0,0,0,0,0,
GALE,5,4,3,2,1,0,0,0,0,0,0,0,0,0,0,0,0,0,0,0,0,0,0,0,0,0,0,
GALK1,5,4,3,2,1,0,0,0,0,0,0,0,0,0,0,0,0,0,0,0,0,0,0,0,0,0,0,
GALM,5,4,3,2,1,0,0,0,0,0,0,0,0,0,0,0,0,0,0,0,0,0,0,0,0,0,0,
GALNS,5,4,3,2,1,0,0,0,0,0,0,0,0,0,0,0,0,0,0,0,0,0,0,0,0,0,0,
GALR1,5,5,4,3,2,1,0,0,0,0,0,0,0,0,0,0,0,0,0,0,0,0,0,0,0,0,0,
GALT,5,5,4,3,2,1,0,0,0,0,0,0,0,0,0,0,0,0,0,0,0,0,0,0,0,0,0,
GAMT,5,4,3,2,1,0,0,0,0,0,0,0,0,0,0,0,0,0,0,0,0,0,0,0,0,0,0,
GANAB,5,4,3,2,1,0,0,0,0,0,0,0,0,0,0,0,0,0,0,0,0,0,0,0,0,0,0,
GAPDH,5,4,3,2,1,0,0,0,0,0,0,0,0,0,0,0,0,0,0,0,0,0,0,0,0,0,0,
GART,5,4,3,2,1,0,0,0,0,0,0,0,0,0,0,0,0,0,0,0,0,0,0,0,0,0,0,
GAS1,1,2,3,3,2,1,0,0,0,0,0,0,0,0,0,0,0,0,0,0,0,0,0,0,0,0,0,
GAST,5,4,3,2,1,0,0,0,0,0,0,0,0,0,0,0,0,0,0,0,0,0,0,0,0,0,0,
GATA4,5,6,7,8,9,9,9,9,9,9,9,9,9,9,9,9,9,9,9,9,9,9,9,9,9,9,9,
GATA4-SRF,0,0,0,0,0,0,0,0,0,0,0,0,0,0,0,0,0,0,0,0,0,0,0,0,0,0,0,
GATC,5,4,3,2,1,0,0,0,0,0,0,0,0,0,0,0,0,0,0,0,0,0,0,0,0,0,0,
GATM,5,4,3,2,1,0,0,0,0,0,0,0,0,0,0,0,0,0,0,0,0,0,0,0,0,0,0,
GBA,5,4,3,2,1,0,0,0,0,0,0,0,0,0,0,0,0,0,0,0,0,0,0,0,0,0,0,
GBA3,5,4,3,2,1,0,0,0,0,0,0,0,0,0,0,0,0,0,0,0,0,0,0,0,0,0,0,
GBE1,5,4,3,2,1,0,0,0,0,0,0,0,0,0,0,0,0,0,0,0,0,0,0,0,0,0,0,
GBGT1,5,4,3,2,1,0,0,0,0,0,0,0,0,0,0,0,0,0,0,0,0,0,0,0,0,0,0,
GCAT,5,4,3,2,1,0,0,0,0,0,0,0,0,0,0,0,0,0,0,0,0,0,0,0,0,0,0,
GCDH,5,4,3,2,1,0,0,0,0,0,0,0,0,0,0,0,0,0,0,0,0,0,0,0,0,0,0,
GCG,9,8,7,6,5,4,3,2,1,0,0,0,0,0,0,0,0,0,0,0,0,0,0,0,0,0,0,
GCGR,5,6,7,7,6,5,4,3,2,1,0,0,0,0,0,0,0,0,0,0,0,0,0,0,0,0,0,
GCH1,5,4,3,2,1,0,0,0,0,0,0,0,0,0,0,0,0,0,0,0,0,0,0,0,0,0,0,
GCK,5,6,7,8,9,9,9,9,9,9,9,9,9,9,9,9,9,9,9,9,9,9,9,9,9,9,9,
GCLC,5,4,3,2,1,0,0,0,0,0,0,0,0,0,0,0,0,0,0,0,0,0,0,0,0,0,0,
GCNT1,5,4,3,2,1,0,0,0,0,0,0,0,0,0,0,0,0,0,0,0,0,0,0,0,0,0,0,
GCNT2,5,4,3,2,1,0,0,0,0,0,0,0,0,0,0,0,0,0,0,0,0,0,0,0,0,0,0,
GCNT3,5,4,3,2,1,0,0,0,0,0,0,0,0,0,0,0,0,0,0,0,0,0,0,0,0,0,0,
GDA,5,4,3,2,1,0,0,0,0,0,0,0,0,0,0,0,0,0,0,0,0,0,0,0,0,0,0,
GDF5,9,8,7,6,5,4,3,2,1,0,0,0,0,0,0,0,0,0,0,0,0,0,0,0,0,0,0,
GDF6,5,4,3,2,1,0,0,0,0,0,0,0,0,0,0,0,0,0,0,0,0,0,0,0,0,0,0,
GDF7,5,4,3,2,1,0,0,0,0,0,0,0,0,0,0,0,0,0,0,0,0,0,0,0,0,0,0,
GDPD1,5,4,3,2,1,0,0,0,0,0,0,0,0,0,0,0,0,0,0,0,0,0,0,0,0,0,0,
GEMIN2,5,4,3,2,1,0,0,0,0,0,0,0,0,0,0,0,0,0,0,0,0,0,0,0,0,0,0,
GEMIN4,5,4,3,2,1,0,0,0,0,0,0,0,0,0,0,0,0,0,0,0,0,0,0,0,0,0,0,
GEMIN5,5,4,3,2,1,0,0,0,0,0,0,0,0,0,0,0,0,0,0,0,0,0,0,0,0,0,0,
GEMIN6,5,4,3,2,1,0,0,0,0,0,0,0,0,0,0,0,0,0,0,0,0,0,0,0,0,0,0,
GEMIN7,5,4,3,2,1,0,0,0,0,0,0,0,0,0,0,0,0,0,0,0,0,0,0,0,0,0,0,
GEMIN8,5,4,3,2,1,0,0,0,0,0,0,0,0,0,0,0,0,0,0,0,0,0,0,0,0,0,0,
GFAP,5,4,3,2,1,2,3,4,5,6,7,8,9,9,9,9,9,9,9,9,9,9,9,9,9,9,9,
GFPT1,5,4,3,2,1,0,0,0,0,0,0,0,0,0,0,0,0,0,0,0,0,0,0,0,0,0,0,
GFUS,0,0,0,0,0,0,0,0,0,0,0,0,0,0,0,0,0,0,0,0,0,0,0,0,0,0,0,
GGCT,5,4,3,2,1,0,0,0,0,0,0,0,0,0,0,0,0,0,0,0,0,0,0,0,0,0,0,
GGCX,5,4,3,2,1,0,0,0,0,0,0,0,0,0,0,0,0,0,0,0,0,0,0,0,0,0,0,
GGH,5,4,3,2,1,0,0,0,0,0,0,0,0,0,0,0,0,0,0,0,0,0,0,0,0,0,0,
GGPS1,5,4,3,2,1,0,0,0,0,0,0,0,0,0,0,0,0,0,0,0,0,0,0,0,0,0,0,
GGT1,5,4,3,2,1,0,0,0,0,0,0,0,0,0,0,0,0,0,0,0,0,0,0,0,0,0,0,
GGT6,5,4,3,2,1,0,0,0,0,0,0,0,0,0,0,0,0,0,0,0,0,0,0,0,0,0,0,
GHR,5,5,4,3,2,1,0,0,0,0,0,0,0,0,0,0,0,0,0,0,0,0,0,0,0,0,0,
GHRH,5,4,3,2,1,0,0,0,0,0,0,0,0,0,0,0,0,0,0,0,0,0,0,0,0,0,0,
GHRHR,5,5,4,3,2,1,0,0,0,0,0,0,0,0,0,0,0,0,0,0,0,0,0,0,0,0,0,
GHRL,5,4,3,2,1,0,0,0,0,0,0,0,0,0,0,0,0,0,0,0,0,0,0,0,0,0,0,
GHSR,5,5,4,3,2,1,0,0,0,0,0,0,0,0,0,0,0,0,0,0,0,0,0,0,0,0,0,
GIP,5,4,3,2,1,0,0,0,0,0,0,0,0,0,0,0,0,0,0,0,0,0,0,0,0,0,0,
GIPR,5,5,4,3,2,1,0,0,0,0,0,0,0,0,0,0,0,0,0,0,0,0,0,0,0,0,0,
GIT1,5,5,4,3,2,1,0,0,0,0,0,0,0,0,0,0,0,0,0,0,0,0,0,0,0,0,0,
GJA1,5,4,3,2,1,0,0,0,0,0,0,0,0,0,0,0,0,0,0,0,0,0,0,0,0,0,0,
GK,5,4,3,2,1,0,0,0,0,0,0,0,0,0,0,0,0,0,0,0,0,0,0,0,0,0,0,
GLA,5,4,3,2,1,0,0,0,0,0,0,0,0,0,0,0,0,0,0,0,0,0,0,0,0,0,0,
GLB1,5,4,3,2,1,0,0,0,0,0,0,0,0,0,0,0,0,0,0,0,0,0,0,0,0,0,0,
GLDC,5,4,3,2,1,0,0,0,0,0,0,0,0,0,0,0,0,0,0,0,0,0,0,0,0,0,0,
GLG1,5,4,3,2,1,0,0,0,0,0,0,0,0,0,0,0,0,0,0,0,0,0,0,0,0,0,0,
GLI1,5,6,7,6,5,4,3,2,3,4,5,6,7,8,9,9,9,9,9,9,9,9,9,9,9,9,9,
GLI2,9,8,7,6,5,4,3,2,1,0,0,0,0,0,0,0,0,0,0,0,0,0,0,0,0,0,0,
GLI3,5,4,3,2,1,0,0,0,0,0,0,0,0,0,0,0,0,0,0,0,0,0,0,0,0,0,0,
GLO1,5,4,3,2,1,0,0,0,0,0,0,0,0,0,0,0,0,0,0,0,0,0,0,0,0,0,0,
GLP1R,5,6,7,7,6,5,4,3,2,1,0,0,0,0,0,0,0,0,0,0,0,0,0,0,0,0,0,
GLRA1,5,4,3,2,1,0,0,0,0,0,0,0,0,0,0,0,0,0,0,0,0,0,0,0,0,0,0,
GLS2,5,4,3,2,1,0,0,0,0,0,0,0,0,0,0,0,0,0,0,0,0,0,0,0,0,0,0,
GLUD1,5,4,3,2,1,0,0,0,0,0,0,0,0,0,0,0,0,0,0,0,0,0,0,0,0,0,0,
GLUL,9,8,7,6,5,4,3,2,1,0,0,0,0,0,0,0,0,0,0,0,0,0,0,0,0,0,0,
GLYCTK,5,4,3,2,1,0,0,0,0,0,0,0,0,0,0,0,0,0,0,0,0,0,0,0,0,0,0,
GMDS,5,4,3,2,1,0,0,0,0,0,0,0,0,0,0,0,0,0,0,0,0,0,0,0,0,0,0,
GMPPB,5,4,3,2,1,0,0,0,0,0,0,0,0,0,0,0,0,0,0,0,0,0,0,0,0,0,0,
GMPR,5,4,3,2,1,0,0,0,0,0,0,0,0,0,0,0,0,0,0,0,0,0,0,0,0,0,0,
GMPS,5,4,3,2,1,0,0,0,0,0,0,0,0,0,0,0,0,0,0,0,0,0,0,0,0,0,0,
GNA11,5,6,7,8,9,9,9,9,9,9,9,9,9,9,9,9,9,9,9,9,9,9,9,9,9,9,9,
GNA12,5,5,6,7,8,9,9,9,9,9,9,9,9,9,9,9,9,9,9,9,9,9,9,9,9,9,9,
GNA13,5,6,7,8,9,9,9,9,9,9,9,9,9,9,9,9,9,9,9,9,9,9,9,9,9,9,9,
GNAI1,5,6,7,8,9,9,9,9,9,9,9,9,9,9,9,9,9,9,9,9,9,9,9,9,9,9,9,
GNAL,5,6,7,8,9,9,9,8,7,6,5,4,3,2,1,0,0,0,0,0,0,0,0,0,0,0,0,
GNAO1,1,2,3,4,4,4,4,4,3,2,1,0,0,0,0,0,0,0,0,0,0,0,0,0,0,0,0,
GNAQ,5,6,7,8,9,9,9,9,9,9,9,9,9,9,9,9,9,9,9,9,9,9,9,9,9,9,9,
GNAS,5,6,7,8,9,9,9,9,9,9,9,9,9,9,9,9,9,9,9,9,9,9,9,9,9,9,9,
GNAT1,5,4,3,2,1,0,0,0,0,0,0,0,0,0,0,0,0,0,0,0,0,0,0,0,0,0,0,
GNAT3,5,4,3,2,1,0,0,0,0,0,0,0,0,0,0,0,0,0,0,0,0,0,0,0,0,0,0,
GNB3,5,4,3,2,1,2,3,4,5,6,7,8,9,9,9,9,9,9,9,9,9,9,9,9,9,9,9,
GNB5,5,6,7,8,9,9,9,9,9,9,9,9,9,9,9,9,9,9,9,9,9,9,9,9,9,9,9,
GNB5-LPAR6,0,0,0,0,0,0,0,0,0,0,0,0,0,0,0,0,0,0,0,0,0,0,0,0,0,0,0,
GNE,5,4,3,2,1,0,0,0,0,0,0,0,0,0,0,0,0,0,0,0,0,0,0,0,0,0,0,
GNG12,5,5,6,7,8,9,9,8,7,6,5,4,3,2,1,0,0,0,0,0,0,0,0,0,0,0,0,
GNMT,5,4,3,2,1,0,0,0,0,0,0,0,0,0,0,0,0,0,0,0,0,0,0,0,0,0,0,
GNPAT,5,4,3,2,1,0,0,0,0,0,0,0,0,0,0,0,0,0,0,0,0,0,0,0,0,0,0,
GNPDA1,5,4,3,2,1,0,0,0,0,0,0,0,0,0,0,0,0,0,0,0,0,0,0,0,0,0,0,
GNPNAT1,5,4,3,2,1,0,0,0,0,0,0,0,0,0,0,0,0,0,0,0,0,0,0,0,0,0,0,
GNRH1,5,4,3,2,1,0,0,0,0,0,0,0,0,0,0,0,0,0,0,0,0,0,0,0,0,0,0,
GNRHR,5,5,4,3,2,1,0,0,0,0,0,0,0,0,0,0,0,0,0,0,0,0,0,0,0,0,0,
GNS,5,4,3,2,1,0,0,0,0,0,0,0,0,0,0,0,0,0,0,0,0,0,0,0,0,0,0,
GOT1L1,0,0,0,0,0,0,0,0,0,0,0,0,0,0,0,0,0,0,0,0,0,0,0,0,0,0,0,
GP1BA-GP1BB,0,1,2,3,2,1,0,0,0,0,0,0,0,0,0,0,0,0,0,0,0,0,0,0,0,0,0,
GP6,5,4,3,2,1,0,0,0,0,0,0,0,0,0,0,0,0,0,0,0,0,0,0,0,0,0,0,
GP9-GP1BB,0,1,2,3,2,1,0,0,0,0,0,0,0,0,0,0,0,0,0,0,0,0,0,0,0,0,0,
GPAT4,5,4,3,2,1,0,0,0,0,0,0,0,0,0,0,0,0,0,0,0,0,0,0,0,0,0,0,
GPC4,5,4,3,2,1,0,0,0,0,0,0,0,0,0,0,0,0,0,0,0,0,0,0,0,0,0,0,
GPCPD1,5,4,3,2,1,0,0,0,0,0,0,0,0,0,0,0,0,0,0,0,0,0,0,0,0,0,0,
GPD1L,5,4,3,2,1,0,0,0,0,0,0,0,0,0,0,0,0,0,0,0,0,0,0,0,0,0,0,
GPD2,5,4,3,2,1,0,0,0,0,0,0,0,0,0,0,0,0,0,0,0,0,0,0,0,0,0,0,
GPER1,1,0,0,0,0,0,0,0,0,0,0,0,0,0,0,0,0,0,0,0,0,0,0,0,0,0,0,
GPHN,5,4,3,2,1,0,0,0,0,0,0,0,0,0,0,0,0,0,0,0,0,0,0,0,0,0,0,
GPI,5,4,3,2,1,0,0,0,0,0,0,0,0,0,0,0,0,0,0,0,0,0,0,0,0,0,0,
GPLD1,5,4,3,2,1,0,0,0,0,0,0,0,0,0,0,0,0,0,0,0,0,0,0,0,0,0,0,
GPR119,5,5,4,3,2,1,0,0,0,0,0,0,0,0,0,0,0,0,0,0,0,0,0,0,0,0,0,
GPR156,5,4,3,2,1,0,0,0,0,0,0,0,0,0,0,0,0,0,0,0,0,0,0,0,0,0,0,
GPR161,5,4,3,2,1,0,0,0,0,0,0,0,0,0,0,0,0,0,0,0,0,0,0,0,0,0,0,
GPRC6A,5,4,3,2,3,4,5,6,7,8,9,9,9,9,9,9,9,9,9,9,9,9,9,9,9,9,9,
GPT,1,0,0,0,0,0,0,0,0,0,0,0,0,0,0,0,0,0,0,0,0,0,0,0,0,0,0,
GPX4,5,4,3,2,1,0,0,0,0,0,0,0,0,0,0,0,0,0,0,0,0,0,0,0,0,0,0,
GPX6,5,4,3,2,1,0,0,0,0,0,0,0,0,0,0,0,0,0,0,0,0,0,0,0,0,0,0,
GRAP2,5,4,3,2,1,0,0,0,0,0,0,0,0,0,0,0,0,0,0,0,0,0,0,0,0,0,0,
GRB10,5,5,6,7,8,9,9,9,9,9,9,9,9,9,9,9,9,9,9,9,9,9,9,9,9,9,9,
GRB2,5,6,7,8,9,9,9,9,9,9,9,9,9,9,9,9,9,9,9,9,9,9,9,9,9,9,9,
GREM1,5,4,3,2,1,0,0,0,0,0,0,0,0,0,0,0,0,0,0,0,0,0,0,0,0,0,0,
GRHPR,5,4,3,2,1,0,0,0,0,0,0,0,0,0,0,0,0,0,0,0,0,0,0,0,0,0,0,
GRIA1,5,5,4,5,6,7,7,8,8,8,9,9,9,9,9,9,9,9,9,9,9,9,9,9,9,9,9,
GRIK1,5,4,3,2,1,0,0,0,0,0,0,0,0,0,0,0,0,0,0,0,0,0,0,0,0,0,0,
GRIN1,5,4,3,2,1,0,0,0,0,0,0,0,0,0,0,0,0,0,0,0,0,0,0,0,0,0,0,
GRIN2A,5,4,3,2,1,0,0,0,0,0,0,1,2,3,4,5,6,7,8,9,9,9,9,9,9,9,9,
GRIN3A,5,6,7,8,9,9,9,9,9,9,9,9,9,9,9,9,9,9,9,9,9,9,9,9,9,9,9,
GRK2,5,5,4,3,2,1,0,0,0,0,0,0,0,0,0,0,0,0,0,0,0,0,0,0,0,0,0,
GRK7,5,4,3,2,1,0,0,0,0,0,0,0,0,0,0,0,0,0,0,0,0,0,0,0,0,0,0,
GRK7-ARRB1,0,0,0,0,0,0,0,0,0,0,0,0,0,0,0,0,0,0,0,0,0,0,0,0,0,0,0,
GRM1,5,6,6,7,8,9,9,9,9,9,9,9,9,9,9,9,9,9,9,9,9,9,9,9,9,9,9,
GRM2,5,4,3,2,1,0,0,0,0,0,0,0,0,0,0,0,0,0,0,0,0,0,0,0,0,0,0,
GRM3,5,4,3,2,1,0,0,0,0,0,0,0,0,0,0,0,0,0,0,0,0,0,0,0,0,0,0,
GRM4,5,4,3,2,1,0,0,0,0,0,0,0,0,0,0,0,0,0,0,0,0,0,0,0,0,0,0,
GRM5,5,4,3,2,1,0,0,0,0,0,0,0,0,0,0,0,0,0,0,0,0,0,0,0,0,0,0,
GRM7,5,4,3,2,1,0,0,0,0,0,0,0,0,0,0,0,0,0,0,0,0,0,0,0,0,0,0,
GRP,5,4,3,2,1,0,0,0,0,0,0,0,0,0,0,0,0,0,0,0,0,0,0,0,0,0,0,
GRPR,5,5,4,3,2,1,0,0,0,0,0,0,0,0,0,0,0,0,0,0,0,0,0,0,0,0,0,
GSDMD,5,6,7,8,9,8,7,6,5,4,3,2,1,0,0,0,0,0,0,0,0,0,0,0,0,0,0,
GSK3A,5,4,3,2,1,0,0,0,0,0,0,0,0,0,0,0,0,0,0,0,0,0,0,0,0,0,0,
GSK3B,5,4,3,2,1,0,0,0,0,0,0,0,0,0,0,0,0,0,0,0,0,0,0,0,0,0,0,
GSN,5,4,3,2,1,2,3,4,5,6,7,8,9,9,9,9,9,9,9,9,9,9,9,9,9,9,9,
GSPT2,5,4,3,2,1,0,0,0,0,0,0,0,0,0,0,0,0,0,0,0,0,0,0,0,0,0,0,
GSR,5,4,3,2,1,0,0,0,0,0,0,0,0,0,0,0,0,0,0,0,0,0,0,0,0,0,0,
GSS,5,4,3,2,1,0,0,0,0,0,0,0,0,0,0,0,0,0,0,0,0,0,0,0,0,0,0,
GSTO2,5,4,3,2,1,0,0,0,0,0,0,0,0,0,0,0,0,0,0,0,0,0,0,0,0,0,0,
GSTZ1,5,4,3,2,1,0,0,0,0,0,0,0,0,0,0,0,0,0,0,0,0,0,0,0,0,0,0,
GTF2I,5,5,4,3,2,3,4,5,6,7,8,9,9,9,9,9,9,9,9,9,9,9,9,9,9,9,9,
GTSE1,5,5,6,7,8,9,9,9,9,9,9,9,9,9,9,9,9,9,9,9,9,9,9,9,9,9,9,
GUCA1A,5,4,3,2,1,0,0,0,0,0,0,0,0,0,0,0,0,0,0,0,0,0,0,0,0,0,0,
GUCY1A2,1,0,1,2,3,4,5,6,7,8,9,9,9,9,9,9,9,9,9,9,9,9,9,9,9,9,9,
GUCY2D,5,6,7,7,6,5,4,5,6,7,8,9,9,9,9,9,9,9,9,9,9,9,9,9,9,9,9,
GUCY2F,5,4,3,2,1,0,0,0,0,0,0,0,0,0,0,0,0,0,0,0,0,0,0,0,0,0,0,
GUK1,5,4,3,2,1,0,0,0,0,0,0,0,0,0,0,0,0,0,0,0,0,0,0,0,0,0,0,
GUSB,5,4,3,2,1,0,0,0,0,0,0,0,0,0,0,0,0,0,0,0,0,0,0,0,0,0,0,
GYG1,5,4,3,2,1,0,0,0,0,0,0,0,0,0,0,0,0,0,0,0,0,0,0,0,0,0,0,
GYS1,5,4,3,2,1,0,0,0,0,0,0,0,0,0,0,0,0,0,0,0,0,0,0,0,0,0,0,
GZMB,5,4,3,2,1,0,0,0,0,0,0,0,0,0,0,0,0,0,0,0,0,0,0,0,0,0,0,
H6PD,5,4,3,2,1,0,0,0,0,0,0,0,0,0,0,0,0,0,0,0,0,0,0,0,0,0,0,
HAAO,5,4,3,2,1,0,0,0,0,0,0,0,0,0,0,0,0,0,0,0,0,0,0,0,0,0,0,
HACD2,5,4,3,2,1,0,0,0,0,0,0,0,0,0,0,0,0,0,0,0,0,0,0,0,0,0,0,
HADH,5,4,3,2,1,0,0,0,0,0,0,0,0,0,0,0,0,0,0,0,0,0,0,0,0,0,0,
HADHA,5,4,3,2,1,0,0,0,0,0,0,0,0,0,0,0,0,0,0,0,0,0,0,0,0,0,0,
HAGH,5,4,3,2,1,0,0,0,0,0,0,0,0,0,0,0,0,0,0,0,0,0,0,0,0,0,0,
HAL,5,4,3,2,1,0,0,0,0,0,0,0,0,0,0,0,0,0,0,0,0,0,0,0,0,0,0,
HAMP,5,4,3,2,1,0,0,0,0,0,0,0,0,0,0,0,0,0,0,0,0,0,0,0,0,0,0,
HAO2,5,4,3,2,1,0,0,0,0,0,0,0,0,0,0,0,0,0,0,0,0,0,0,0,0,0,0,
HAP1,1,0,0,0,0,0,0,0,0,0,0,0,0,0,0,0,0,0,0,0,0,0,0,0,0,0,0,
HBEGF,5,5,5,6,7,8,9,9,9,9,9,9,9,9,9,9,9,9,9,9,9,9,9,9,9,9,9,
HBS1L,5,4,3,2,1,0,0,0,0,0,0,0,0,0,0,0,0,0,0,0,0,0,0,0,0,0,0,
HCCS,5,4,3,2,1,0,0,0,0,0,0,0,0,0,0,0,0,0,0,0,0,0,0,0,0,0,0,
HCK,5,5,4,3,2,1,0,0,0,0,0,0,0,0,0,0,0,0,0,0,0,0,0,0,0,0,0,
HCN4,5,4,3,2,3,4,5,6,7,8,9,9,9,9,9,9,9,9,9,9,9,9,9,9,9,9,9,
HCRT,5,4,3,2,1,0,0,0,0,0,0,0,0,0,0,0,0,0,0,0,0,0,0,0,0,0,0,
HCRTR1,5,5,4,3,2,1,0,0,0,0,0,0,0,0,0,0,0,0,0,0,0,0,0,0,0,0,0,
HCST,5,4,3,2,1,0,0,0,0,0,0,0,0,0,0,0,0,0,0,0,0,0,0,0,0,0,0,
HDAC1,5,4,3,2,1,0,0,0,0,0,0,0,0,0,0,0,0,0,0,0,0,0,0,0,0,0,0,
HDAC1-CIR1,0,0,0,0,0,0,0,0,0,0,0,0,0,0,0,0,0,0,0,0,0,0,0,0,0,0,0,
HDAC1-CTBP1,0,0,0,0,0,0,0,0,0,0,0,0,0,0,0,0,0,0,0,0,0,0,0,0,0,0,0,
HDC,5,4,3,2,1,0,0,0,0,0,0,0,0,0,0,0,0,0,0,0,0,0,0,0,0,0,0,
HDDC3,5,4,3,2,1,0,0,0,0,0,0,0,0,0,0,0,0,0,0,0,0,0,0,0,0,0,0,
HEPH,1,0,0,0,0,0,0,0,0,0,0,0,0,0,0,0,0,0,0,0,0,0,0,0,0,0,0,
HES1,5,5,4,3,2,1,0,0,0,0,0,0,1,2,3,4,5,6,7,8,9,9,9,9,9,9,9,
HEXA,5,4,3,2,1,0,0,0,0,0,0,0,0,0,0,0,0,0,0,0,0,0,0,0,0,0,0,
HEY1,9,8,7,6,5,4,3,2,1,0,0,0,1,2,3,4,5,6,7,8,9,9,9,9,9,9,9,
HGD,5,4,3,2,1,0,0,0,0,0,0,0,0,0,0,0,0,0,0,0,0,0,0,0,0,0,0,
HGS,5,4,3,2,1,0,0,0,0,0,0,0,0,0,0,0,0,0,0,0,0,0,0,0,0,0,0,
HGSNAT,5,4,3,2,1,0,0,0,0,0,0,0,0,0,0,0,0,0,0,0,0,0,0,0,0,0,0,
HHIP,5,6,7,8,8,7,6,5,4,3,4,5,6,7,8,9,9,9,9,9,9,9,9,9,9,9,9,
HIBADH,5,4,3,2,1,0,0,0,0,0,0,0,0,0,0,0,0,0,0,0,0,0,0,0,0,0,0,
HIBCH,5,4,3,2,1,0,0,0,0,0,0,0,0,0,0,0,0,0,0,0,0,0,0,0,0,0,0,
HIF1A,5,6,7,8,9,9,9,9,9,9,9,9,9,9,9,9,9,9,9,9,9,9,9,9,9,9,9,
HJV,5,4,3,2,1,0,0,0,0,0,0,0,0,0,0,0,0,0,0,0,0,0,0,0,0,0,0,
HJV-NEO1,0,0,0,0,0,0,0,0,0,0,0,0,0,0,0,0,0,0,0,0,0,0,0,0,0,0,0,
HK1,5,4,3,2,1,0,0,0,0,0,0,0,0,0,0,0,0,0,0,0,0,0,0,0,0,0,0,
HLA-A,5,4,3,2,1,0,0,0,0,0,0,0,0,0,0,0,0,0,0,0,0,0,0,0,0,0,0,
HLA-B,5,4,3,2,1,0,0,0,0,0,0,0,0,0,0,0,0,0,0,0,0,0,0,0,0,0,0,
HLA-C,5,4,3,2,1,0,0,0,0,0,0,0,0,0,0,0,0,0,0,0,0,0,0,0,0,0,0,
HLA-DMA,5,4,3,2,1,0,0,0,0,0,0,0,0,0,0,0,0,0,0,0,0,0,0,0,0,0,0,
HLA-E,5,4,3,2,1,0,0,0,0,0,0,0,0,0,0,0,0,0,0,0,0,0,0,0,0,0,0,
HLA-G,5,4,3,2,1,0,0,0,0,0,0,0,0,0,0,0,0,0,0,0,0,0,0,0,0,0,0,
HLCS,5,4,3,2,1,0,0,0,0,0,0,0,0,0,0,0,0,0,0,0,0,0,0,0,0,0,0,
HMBS,5,4,3,2,1,0,0,0,0,0,0,0,0,0,0,0,0,0,0,0,0,0,0,0,0,0,0,
HMGB1,5,4,3,2,1,0,0,0,0,0,0,0,0,0,0,0,0,0,0,0,0,0,0,0,0,0,0,
HMGCL,5,4,3,2,1,0,0,0,0,0,0,0,0,0,0,0,0,0,0,0,0,0,0,0,0,0,0,
HMGCR,5,4,3,2,1,0,0,0,0,0,0,0,0,0,0,0,0,0,0,0,0,0,0,0,0,0,0,
HMGCS1,5,4,3,2,1,0,0,0,0,0,0,0,0,0,0,0,0,0,0,0,0,0,0,0,0,0,0,
HMMR,5,4,3,2,1,0,0,0,0,0,0,0,0,0,0,0,0,0,0,0,0,0,0,0,0,0,0,
HMOX1,5,4,3,2,1,0,0,0,0,0,0,0,0,0,0,0,0,0,0,0,0,0,0,0,0,0,0,
HNF4A,5,4,3,2,1,0,0,0,0,0,0,0,0,0,0,0,0,0,0,0,0,0,0,0,0,0,0,
HNMT,5,4,3,2,1,0,0,0,0,0,0,0,0,0,0,0,0,0,0,0,0,0,0,0,0,0,0,
HOGA1,1,0,0,0,0,0,0,0,0,0,0,0,0,0,0,0,0,0,0,0,0,0,0,0,0,0,0,
HOMER3,5,4,3,2,1,0,0,0,0,0,0,0,0,0,0,0,0,0,0,0,0,0,0,0,0,0,0,
HPD,5,4,3,2,1,0,0,0,0,0,0,0,0,0,0,0,0,0,0,0,0,0,0,0,0,0,0,
HPGDS,5,4,3,2,1,0,0,0,0,0,0,0,0,0,0,0,0,0,0,0,0,0,0,0,0,0,0,
HPRT1,5,4,3,2,1,0,0,0,0,0,0,0,0,0,0,0,0,0,0,0,0,0,0,0,0,0,0,
HPSE,5,4,3,2,1,0,0,0,0,0,0,0,0,0,0,0,0,0,0,0,0,0,0,0,0,0,0,
HPSE2,5,4,3,2,1,0,0,0,0,0,0,0,0,0,0,0,0,0,0,0,0,0,0,0,0,0,0,
HRAS,9,9,9,9,9,9,9,9,9,9,9,9,9,9,9,9,9,9,9,9,9,9,9,9,9,9,9,
HRC,5,4,3,2,1,0,0,0,0,0,0,0,0,0,0,0,0,0,0,0,0,0,0,0,0,0,0,
HRH1,5,4,3,2,1,0,0,0,0,0,0,0,0,0,0,0,0,0,0,0,0,0,0,0,0,0,0,
HRH2,5,4,3,2,1,0,0,0,0,0,0,0,0,0,0,0,0,0,0,0,0,0,0,0,0,0,0,
HRH3,5,4,3,2,1,0,0,0,0,0,0,0,0,0,0,0,0,0,0,0,0,0,0,0,0,0,0,
HRK,9,9,9,9,9,9,9,9,9,9,9,9,9,9,9,9,9,9,9,9,9,9,9,9,9,9,9,
HSD11B1,5,4,3,2,1,0,0,0,0,0,0,0,0,0,0,0,0,0,0,0,0,0,0,0,0,0,0,
HSD11B2,5,4,3,2,1,0,0,0,0,0,0,0,0,0,0,0,0,0,0,0,0,0,0,0,0,0,0,
HSD17B1,5,5,4,3,2,1,1,2,3,4,5,6,7,8,9,9,9,9,9,9,9,9,9,9,9,9,9,
HSD17B10,5,4,3,2,1,0,0,0,0,0,0,0,0,0,0,0,0,0,0,0,0,0,0,0,0,0,0,
HSD17B12,5,4,3,2,1,0,0,0,0,0,0,0,0,0,0,0,0,0,0,0,0,0,0,0,0,0,0,
HSD17B2,5,5,4,3,2,1,1,2,3,4,5,6,7,8,9,9,9,9,9,9,9,9,9,9,9,9,9,
HSD17B3,5,4,3,2,1,0,0,0,0,0,0,0,0,0,0,0,0,0,0,0,0,0,0,0,0,0,0,
HSD17B4,5,4,3,2,1,0,0,0,0,0,0,0,0,0,0,0,0,0,0,0,0,0,0,0,0,0,0,
HSD17B7,5,4,3,2,1,0,0,0,0,0,0,0,0,0,0,0,0,0,0,0,0,0,0,0,0,0,0,
HSD17B8,5,4,3,2,1,0,0,0,0,0,0,0,0,0,0,0,0,0,0,0,0,0,0,0,0,0,0,
HSD3B1,5,5,4,3,2,1,1,2,3,4,5,6,7,8,9,9,9,9,9,9,9,9,9,9,9,9,9,
HSD3B7,5,4,3,2,1,0,0,0,0,0,0,0,0,0,0,0,0,0,0,0,0,0,0,0,0,0,0,
HSP90AA1,5,4,3,2,1,0,0,0,0,0,0,0,0,0,0,0,0,0,0,0,0,0,0,0,0,0,0,
HSP90AA1-CDC37,0,0,0,0,0,0,0,0,0,0,0,0,0,0,0,0,0,0,0,0,0,0,0,0,0,0,0,
HSPA1A,5,4,3,2,1,0,0,0,0,0,0,0,0,0,0,0,0,0,0,0,0,0,0,0,0,0,0,
HSPA4,5,4,3,2,1,0,0,0,0,0,0,0,0,0,0,0,0,0,0,0,0,0,0,0,0,0,0,
HSPB1,1,2,3,4,5,6,7,8,9,9,9,9,9,9,9,9,9,9,9,9,9,9,9,9,9,9,9,
HSPG2,5,4,3,2,1,0,0,0,0,0,0,0,0,0,0,0,0,0,0,0,0,0,0,0,0,0,0,
HTD2,5,4,3,2,1,0,0,0,0,0,0,0,0,0,0,0,0,0,0,0,0,0,0,0,0,0,0,
HTR1A,5,4,3,2,1,0,0,0,0,0,0,0,0,0,0,0,0,0,0,0,0,0,0,0,0,0,0,
HTR2A,5,4,3,2,1,0,0,0,0,0,0,0,0,0,0,0,0,0,0,0,0,0,0,0,0,0,0,
HTR3C,5,4,3,2,1,0,0,0,0,0,0,0,0,0,0,0,0,0,0,0,0,0,0,0,0,0,0,
HTR4,5,4,3,2,1,0,0,0,0,0,0,0,0,0,0,0,0,0,0,0,0,0,0,0,0,0,0,
HTR5A,5,4,3,2,1,0,0,0,0,0,0,0,0,0,0,0,0,0,0,0,0,0,0,0,0,0,0,
HTR7,5,4,3,2,1,0,0,0,0,0,0,0,0,0,0,0,0,0,0,0,0,0,0,0,0,0,0,
HTRA2,5,4,3,2,1,0,0,0,0,0,0,0,0,0,0,0,0,0,0,0,0,0,0,0,0,0,0,
HYAL4,5,4,3,2,1,0,0,0,0,0,0,0,0,0,0,0,0,0,0,0,0,0,0,0,0,0,0,
HYI,5,4,3,2,1,0,0,0,0,0,0,0,0,0,0,0,0,0,0,0,0,0,0,0,0,0,0,
HYKK,5,4,3,2,1,0,0,0,0,0,0,0,0,0,0,0,0,0,0,0,0,0,0,0,0,0,0,
IBSP,5,4,3,2,1,0,0,0,0,0,0,0,0,0,0,0,0,0,0,0,0,0,0,0,0,0,0,
ICAM1,5,4,3,2,3,2,3,2,3,2,3,2,3,2,3,2,3,2,3,2,3,2,3,2,3,2,3,
ICAM2,5,4,3,2,1,0,0,0,0,0,0,0,0,0,0,0,0,0,0,0,0,0,0,0,0,0,0,
ICAM3,5,4,3,2,1,0,0,0,0,0,0,0,0,0,0,0,0,0,0,0,0,0,0,0,0,0,0,
ICMT,5,4,3,2,1,0,0,0,0,0,0,0,0,0,0,0,0,0,0,0,0,0,0,0,0,0,0,
ICOS,5,4,3,2,1,0,0,0,0,0,0,0,0,0,0,0,0,0,0,0,0,0,0,0,0,0,0,
ID1,5,4,3,2,1,0,0,0,0,0,0,0,0,0,0,0,0,0,0,0,0,0,0,0,0,0,0,
ID2,5,4,3,2,1,0,0,0,0,0,0,0,0,0,0,0,0,0,0,0,0,0,0,0,0,0,0,
IDH1,5,4,3,2,1,0,0,0,0,0,0,0,0,0,0,0,0,0,0,0,0,0,0,0,0,0,0,
IDH3A,5,4,3,2,1,0,0,0,0,0,0,0,0,0,0,0,0,0,0,0,0,0,0,0,0,0,0,
IDI1,5,4,3,2,1,0,0,0,0,0,0,0,0,0,0,0,0,0,0,0,0,0,0,0,0,0,0,
IDNK,5,4,3,2,1,0,0,0,0,0,0,0,0,0,0,0,0,0,0,0,0,0,0,0,0,0,0,
IDO2,5,4,3,2,1,0,0,0,0,0,0,0,0,0,0,0,0,0,0,0,0,0,0,0,0,0,0,
IDS,5,4,3,2,1,0,0,0,0,0,0,0,0,0,0,0,0,0,0,0,0,0,0,0,0,0,0,
IDUA,5,4,3,2,1,0,0,0,0,0,0,0,0,0,0,0,0,0,0,0,0,0,0,0,0,0,0,
IFI16,5,4,3,2,1,0,0,0,0,0,0,0,0,0,0,0,0,0,0,0,0,0,0,0,0,0,0,
IFIH1,5,4,3,2,1,0,0,0,0,0,0,0,0,0,0,0,0,0,0,0,0,0,0,0,0,0,0,
IFNA1,5,6,7,8,9,9,9,9,9,9,9,9,9,9,9,9,9,9,9,9,9,9,9,9,9,9,9,
IFNAR1,5,6,7,8,9,9,9,9,9,9,9,9,9,9,9,9,9,9,9,9,9,9,9,9,9,9,9,
IFNAR2-IFNAR1,0,1,2,3,4,5,6,7,8,9,9,9,9,9,9,9,9,9,9,9,9,9,9,9,9,9,9,
IFNB1,5,6,7,8,9,9,9,9,9,9,9,9,9,9,9,9,9,9,9,9,9,9,9,9,9,9,9,
IFNE,5,6,7,8,9,9,9,9,9,9,9,9,9,9,9,9,9,9,9,9,9,9,9,9,9,9,9,
IFNG,5,6,7,8,9,9,9,9,9,9,9,9,9,9,9,9,9,9,9,9,9,9,9,9,9,9,9,
IFNGR1,5,5,6,7,8,9,9,9,9,9,9,9,9,9,9,9,9,9,9,9,9,9,9,9,9,9,9,
IFNGR2-IFNGR1,0,1,2,3,4,5,6,7,8,9,9,9,9,9,9,9,9,9,9,9,9,9,9,9,9,9,9,
IFNK,5,6,7,8,9,9,9,9,9,9,9,9,9,9,9,9,9,9,9,9,9,9,9,9,9,9,9,
IFNL1,5,4,3,2,1,0,0,0,0,0,0,0,0,0,0,0,0,0,0,0,0,0,0,0,0,0,0,
IFNL2,5,4,3,2,1,0,0,0,0,0,0,0,0,0,0,0,0,0,0,0,0,0,0,0,0,0,0,
IFNW1,5,6,7,8,9,9,9,9,9,9,9,9,9,9,9,9,9,9,9,9,9,9,9,9,9,9,9,
IGBP1,5,4,3,2,3,4,5,5,4,3,2,1,0,0,0,0,0,0,0,0,0,0,0,0,0,0,0,
IGF1,5,4,3,2,1,0,0,0,0,0,0,0,0,0,0,0,0,0,0,0,0,0,0,0,0,0,0,
IGF1R,5,4,3,2,1,1,0,0,0,0,0,0,0,0,0,0,0,0,0,0,0,0,0,0,0,0,0,
IGF1R-INS,0,0,0,0,0,0,0,0,0,0,0,0,0,0,0,0,0,0,0,0,0,0,0,0,0,0,0,
IGFBP3,9,8,7,7,8,9,9,9,9,9,9,9,9,9,9,9,9,9,9,9,9,9,9,9,9,9,9,
IGH,0,0,0,0,0,0,0,0,0,0,0,0,0,0,0,0,0,0,0,0,0,0,0,0,0,0,0,
IGSF11,5,5,4,3,2,1,0,0,0,0,0,0,0,0,0,0,0,0,0,0,0,0,0,0,0,0,0,
IGSF5,5,4,3,2,1,0,0,0,0,0,0,0,0,0,0,0,0,0,0,0,0,0,0,0,0,0,0,
IHH,5,4,3,2,1,0,0,0,0,0,0,0,0,0,0,0,0,0,0,0,0,0,0,0,0,0,0,
IKBKB,5,5,6,7,8,9,9,9,9,9,9,9,9,9,9,9,9,9,9,9,9,9,9,9,9,9,9,
IKBKB-CHUK,0,0,0,0,0,0,0,0,0,0,0,0,0,0,0,0,0,0,0,0,0,0,0,0,0,0,0,
IKBKB-IKBKG,0,1,2,3,4,5,6,7,8,9,9,9,9,9,9,9,9,9,9,9,9,9,9,9,9,9,9,
IKBKE,5,5,5,6,7,8,9,9,9,9,9,9,9,9,9,9,9,9,9,9,9,9,9,9,9,9,9,
IKBKE-TBK1,0,0,0,0,0,0,0,0,0,0,0,0,0,0,0,0,0,0,0,0,0,0,0,0,0,0,0,
IKBKG,5,6,7,8,9,9,9,9,9,9,9,9,9,9,9,9,9,9,9,9,9,9,9,9,9,9,9,
IKBKG-CHUK,0,1,2,3,4,5,6,7,8,9,9,9,9,9,9,9,9,9,9,9,9,9,9,9,9,9,9,
IL10,5,6,7,8,9,9,9,9,9,9,9,9,9,9,9,9,9,9,9,9,9,9,9,9,9,9,9,
IL10RB-IFNLR1,0,1,2,3,4,3,2,1,0,0,0,0,0,0,0,0,0,0,0,0,0,0,0,0,0,0,0,
IL10RB-IL10RA,0,1,2,3,4,5,6,7,8,9,9,9,9,9,9,9,9,9,9,9,9,9,9,9,9,9,9,
IL10RB-IL22RA1,0,1,2,3,2,1,0,0,0,0,0,0,0,0,0,0,0,0,0,0,0,0,0,0,0,0,0,
IL11,5,4,3,2,1,0,0,0,0,0,0,0,0,0,0,0,0,0,0,0,0,0,0,0,0,0,0,
IL11RA-IL6ST,0,1,2,3,2,1,0,0,0,0,0,0,0,0,0,0,0,0,0,0,0,0,0,0,0,0,0,
IL12A,9,9,9,9,9,9,9,9,9,9,9,9,9,9,9,9,9,9,9,9,9,9,9,9,9,9,9,
IL12RB1-IL23R,0,1,2,3,2,1,0,0,0,0,0,0,0,0,0,0,0,0,0,0,0,0,0,0,0,0,0,
IL12RB2-IL12RB1,0,1,2,3,4,5,6,7,8,9,9,9,9,9,9,9,9,9,9,9,9,9,9,9,9,9,9,
IL13,5,4,3,2,1,0,0,0,0,0,0,0,0,0,0,0,0,0,0,0,0,0,0,0,0,0,0,
IL13RA1,5,5,4,3,2,1,0,0,0,0,0,0,0,0,0,0,0,0,0,0,0,0,0,0,0,0,0,
IL13RA1-IL4R,0,1,2,3,4,5,6,7,8,9,9,9,9,9,9,9,9,9,9,9,9,9,9,9,9,9,9,
IL13RA2,5,5,4,3,2,1,0,0,0,0,0,0,0,0,0,0,0,0,0,0,0,0,0,0,0,0,0,
IL15,1,0,0,0,0,0,0,0,0,0,0,0,0,0,0,0,0,0,0,0,0,0,0,0,0,0,0,
IL15RA,5,4,3,2,1,0,0,0,0,0,0,0,0,0,0,0,0,0,0,0,0,0,0,0,0,0,0,
IL15RA-IL2RG,0,1,0,0,0,0,0,0,0,0,0,0,0,0,0,0,0,0,0,0,0,0,0,0,0,0,0,
IL16,5,4,3,2,1,0,0,0,0,0,0,0,0,0,0,0,0,0,0,0,0,0,0,0,0,0,0,
IL17A,5,4,3,2,1,0,0,0,0,0,0,0,0,0,0,0,0,0,0,0,0,0,0,0,0,0,0,
IL17B,5,4,3,2,1,0,0,0,0,0,0,0,0,0,0,0,0,0,0,0,0,0,0,0,0,0,0,
IL17C,5,4,3,2,1,0,0,0,0,0,0,0,0,0,0,0,0,0,0,0,0,0,0,0,0,0,0,
IL17F,5,4,3,2,1,0,0,0,0,0,0,0,0,0,0,0,0,0,0,0,0,0,0,0,0,0,0,
IL17RA-IL17RC,0,1,2,3,4,3,2,1,0,0,0,0,0,0,0,0,0,0,0,0,0,0,0,0,0,0,0,
IL17RB,5,5,4,3,2,1,0,0,0,0,0,0,0,0,0,0,0,0,0,0,0,0,0,0,0,0,0,
IL17RB-IL17RA,0,1,2,3,2,1,0,0,0,0,0,0,0,0,0,0,0,0,0,0,0,0,0,0,0,0,0,
IL17RE,9,8,7,6,5,4,3,2,1,0,0,0,0,0,0,0,0,0,0,0,0,0,0,0,0,0,0,
IL18,5,6,7,8,9,9,9,9,9,9,9,9,9,9,9,9,9,9,9,9,9,9,9,9,9,9,9,
IL18RAP-IL18R1,0,1,2,3,4,5,6,7,8,9,9,9,9,9,9,9,9,9,9,9,9,9,9,9,9,9,9,
IL19,5,4,3,2,1,0,0,0,0,0,0,0,0,0,0,0,0,0,0,0,0,0,0,0,0,0,0,
IL1A,1,0,0,0,0,0,0,0,0,0,0,0,0,0,0,0,0,0,0,0,0,0,0,0,0,0,0,
IL1B,5,6,7,8,9,9,9,9,9,9,9,9,9,9,9,9,9,9,9,9,9,9,9,9,9,9,9,
IL1F10,5,4,3,2,1,0,0,0,0,0,0,0,0,0,0,0,0,0,0,0,0,0,0,0,0,0,0,
IL1R1,5,6,6,7,8,9,9,9,9,9,9,9,9,9,9,9,9,9,9,9,9,9,9,9,9,9,9,
IL1R2,5,6,7,8,9,9,9,9,9,9,9,9,9,9,9,9,9,9,9,9,9,9,9,9,9,9,9,
IL1RAP-IL1R1,0,1,2,3,4,5,6,7,8,9,9,9,9,9,9,9,9,9,9,9,9,9,9,9,9,9,9,
IL1RAP-IL1RL2,0,1,2,3,4,5,4,3,2,1,0,0,0,0,0,0,0,0,0,0,0,0,0,0,0,0,0,
IL1RL1-IL1RAP,0,1,2,3,4,5,4,3,3,2,1,0,0,0,0,0,0,0,0,0,0,0,0,0,0,0,0,
IL1RN,5,4,3,2,1,0,0,0,0,0,0,0,0,0,0,0,0,0,0,0,0,0,0,0,0,0,0,
IL2,5,6,7,8,9,9,9,9,9,9,9,9,9,9,9,9,9,9,9,9,9,9,9,9,9,9,9,
IL20,5,4,3,2,1,0,0,0,0,0,0,0,0,0,0,0,0,0,0,0,0,0,0,0,0,0,0,
IL20RA-IL10RB,0,1,2,3,2,1,0,0,0,0,0,0,0,0,0,0,0,0,0,0,0,0,0,0,0,0,0,
IL20RA-IL20RB,0,1,2,3,4,3,2,1,0,0,0,0,0,0,0,0,0,0,0,0,0,0,0,0,0,0,0,
IL21,5,4,3,2,1,0,0,0,0,0,0,0,0,0,0,0,0,0,0,0,0,0,0,0,0,0,0,
IL21R-IL2RG,0,1,2,3,2,1,0,0,0,0,0,0,0,0,0,0,0,0,0,0,0,0,0,0,0,0,0,
IL22,5,4,3,2,1,0,0,0,0,0,0,0,0,0,0,0,0,0,0,0,0,0,0,0,0,0,0,
IL22RA1-IL20RB,0,1,2,3,4,3,2,1,0,0,0,0,0,0,0,0,0,0,0,0,0,0,0,0,0,0,0,
IL22RA2,5,6,7,6,5,4,3,2,1,0,0,0,0,0,0,0,0,0,0,0,0,0,0,0,0,0,0,
IL23A,5,4,3,2,1,0,0,0,0,0,0,0,0,0,0,0,0,0,0,0,0,0,0,0,0,0,0,
IL24,5,4,3,2,1,0,0,0,0,0,0,0,0,0,0,0,0,0,0,0,0,0,0,0,0,0,0,
IL25,5,4,3,2,1,0,0,0,0,0,0,0,0,0,0,0,0,0,0,0,0,0,0,0,0,0,0,
IL26,5,4,3,2,1,0,0,0,0,0,0,0,0,0,0,0,0,0,0,0,0,0,0,0,0,0,0,
IL27,5,4,3,2,1,0,0,0,0,0,0,0,0,0,0,0,0,0,0,0,0,0,0,0,0,0,0,
IL27RA-IL6ST,0,1,2,3,2,1,0,0,0,0,0,0,0,0,0,0,0,0,0,0,0,0,0,0,0,0,0,
IL2RA,5,4,3,2,1,0,0,0,0,0,0,0,0,0,0,0,0,0,0,0,0,0,0,0,0,0,0,
IL2RG-IL2RB,0,1,2,3,4,5,6,7,8,9,9,9,9,9,9,9,9,9,9,9,9,9,9,9,9,9,9,
IL3,5,4,3,2,1,0,0,0,0,0,0,0,0,0,0,0,0,0,0,0,0,0,0,0,0,0,0,
IL31,5,4,3,2,1,0,0,0,0,0,0,0,0,0,0,0,0,0,0,0,0,0,0,0,0,0,0,
IL31RA-OSMR,0,1,2,3,2,1,0,0,0,0,0,0,0,0,0,0,0,0,0,0,0,0,0,0,0,0,0,
IL33,9,8,7,6,5,4,3,3,2,1,0,0,0,0,0,0,0,0,0,0,0,0,0,0,0,0,0,
IL34,5,4,3,2,1,0,0,0,0,0,0,0,0,0,0,0,0,0,0,0,0,0,0,0,0,0,0,
IL36A,5,4,3,2,1,0,0,0,0,0,0,0,0,0,0,0,0,0,0,0,0,0,0,0,0,0,0,
IL36B,5,4,3,2,1,0,0,0,0,0,0,0,0,0,0,0,0,0,0,0,0,0,0,0,0,0,0,
IL36G,5,4,3,2,1,0,0,0,0,0,0,0,0,0,0,0,0,0,0,0,0,0,0,0,0,0,0,
IL36RN,5,4,3,2,1,0,0,0,0,0,0,0,0,0,0,0,0,0,0,0,0,0,0,0,0,0,0,
IL37,5,4,3,2,1,0,0,0,0,0,0,0,0,0,0,0,0,0,0,0,0,0,0,0,0,0,0,
IL3RA-CSF2RB,0,1,2,3,2,1,0,0,0,0,0,0,0,0,0,0,0,0,0,0,0,0,0,0,0,0,0,
IL4,5,6,7,8,9,9,9,9,9,9,9,9,9,9,9,9,9,9,9,9,9,9,9,9,9,9,9,
IL4I1,5,4,3,2,1,0,0,0,0,0,0,0,0,0,0,0,0,0,0,0,0,0,0,0,0,0,0,
IL4R,9,8,7,7,8,9,9,9,9,9,9,9,9,9,9,9,9,9,9,9,9,9,9,9,9,9,9,
IL4R-IL13RA2,0,1,2,3,4,5,6,7,8,9,9,9,9,9,9,9,9,9,9,9,9,9,9,9,9,9,9,
IL4R-IL2RG,0,1,2,3,4,5,6,7,8,9,9,9,9,9,9,9,9,9,9,9,9,9,9,9,9,9,9,
IL5,5,6,7,8,9,9,9,9,9,9,9,9,9,9,9,9,9,9,9,9,9,9,9,9,9,9,9,
IL5RA-CSF2RB,0,1,2,3,4,5,6,7,8,9,9,9,9,9,9,9,9,9,9,9,9,9,9,9,9,9,9,
IL6,5,6,7,8,9,9,9,9,9,9,9,9,9,9,9,9,9,9,9,9,9,9,9,9,9,9,9,
IL6R,9,9,9,9,9,9,9,9,9,9,9,9,9,9,9,9,9,9,9,9,9,9,9,9,9,9,9,
IL6ST,5,6,7,7,6,5,4,3,2,1,0,0,0,0,0,0,0,0,0,0,0,0,0,0,0,0,0,
IL6ST-IL6R,0,1,2,3,4,5,6,7,8,9,9,9,9,9,9,9,9,9,9,9,9,9,9,9,9,9,9,
IL7,5,4,3,2,1,0,0,0,0,0,0,0,0,0,0,0,0,0,0,0,0,0,0,0,0,0,0,
IL7R,5,5,4,4,5,6,7,8,8,8,8,9,9,9,9,9,9,9,9,9,9,9,9,9,9,9,9,
IL7R-IL2RG,0,1,2,3,2,1,0,0,0,0,0,0,0,0,0,0,0,0,0,0,0,0,0,0,0,0,0,
IL9,5,4,3,2,1,0,0,0,0,0,0,0,0,0,0,0,0,0,0,0,0,0,0,0,0,0,0,
IL9R-IL2RG,0,1,2,3,2,1,0,0,0,0,0,0,0,0,0,0,0,0,0,0,0,0,0,0,0,0,0,
ILK,5,5,6,7,8,9,9,9,9,9,9,9,9,9,9,9,9,9,9,9,9,9,9,9,9,9,9,
IMPA1,5,4,3,2,1,0,0,0,0,0,0,0,0,0,0,0,0,0,0,0,0,0,0,0,0,0,0,
IMPDH1,5,4,3,2,1,0,0,0,0,0,0,0,0,0,0,0,0,0,0,0,0,0,0,0,0,0,0,
INHBA,5,4,3,2,1,0,0,0,0,0,0,0,0,0,0,0,0,0,0,0,0,0,0,0,0,0,0,
INHBB,5,4,3,2,1,0,0,0,0,0,0,0,0,0,0,0,0,0,0,0,0,0,0,0,0,0,0,
INMT,5,4,3,2,1,0,0,0,0,0,0,0,0,0,0,0,0,0,0,0,0,0,0,0,0,0,0,
INPP1,5,4,3,2,1,0,0,0,0,0,0,0,0,0,0,0,0,0,0,0,0,0,0,0,0,0,0,
INPP4A,5,4,3,2,1,0,0,0,0,0,0,0,0,0,0,0,0,0,0,0,0,0,0,0,0,0,0,
INPP5A,5,4,3,2,1,0,0,0,0,0,0,0,0,0,0,0,0,0,0,0,0,0,0,0,0,0,0,
INPP5B,5,4,3,2,1,0,0,0,0,0,0,0,0,0,0,0,0,0,0,0,0,0,0,0,0,0,0,
INPP5D,5,4,3,2,1,0,0,0,0,0,0,0,0,0,0,0,0,0,0,0,0,0,0,0,0,0,0,
INPP5F,5,4,3,2,1,0,0,0,0,0,0,0,0,0,0,0,0,0,0,0,0,0,0,0,0,0,0,
INPP5J,5,5,4,3,2,1,0,0,0,0,0,0,0,0,0,0,0,0,0,0,0,0,0,0,0,0,0,
INPPL1,5,4,3,2,1,0,0,0,0,0,0,0,0,0,0,0,0,0,0,0,0,0,0,0,0,0,0,
INS,5,6,7,8,9,9,9,9,9,9,9,9,9,9,9,9,9,9,9,9,9,9,9,9,9,9,9,
INSL5,5,4,3,2,1,0,0,0,0,0,0,0,0,0,0,0,0,0,0,0,0,0,0,0,0,0,0,
INSR,5,4,3,2,1,2,3,4,5,4,3,2,1,0,0,0,0,0,0,0,0,0,0,0,0,0,0,
INVS,5,4,3,2,1,0,0,0,0,0,0,0,0,0,0,0,0,0,0,0,0,0,0,0,0,0,0,
IP6K3,5,4,3,2,1,0,0,0,0,0,0,0,0,0,0,0,0,0,0,0,0,0,0,0,0,0,0,
IPMK,5,4,3,2,1,0,0,0,0,0,0,0,0,0,0,0,0,0,0,0,0,0,0,0,0,0,0,
IPPK,5,4,3,2,1,0,0,0,0,0,0,0,0,0,0,0,0,0,0,0,0,0,0,0,0,0,0,
IQGAP1,5,4,3,2,1,0,0,0,0,0,0,0,0,0,0,0,0,0,0,0,0,0,0,0,0,0,0,
IQGAP2,5,6,7,8,9,9,9,9,9,9,9,9,9,9,9,9,9,9,9,9,9,9,9,9,9,9,9,
IRAG1,0,1,2,3,2,3,4,5,6,7,8,9,9,9,9,9,9,9,9,9,9,9,9,9,9,9,9,
IRAK1,5,6,7,8,9,9,9,9,9,9,9,9,9,9,9,9,9,9,9,9,9,9,9,9,9,9,9,
IRAK1-IRAK4,0,1,2,3,4,5,6,7,8,9,9,9,9,9,9,9,9,9,9,9,9,9,9,9,9,9,9,
IRAK1-MYD88,0,1,2,3,4,5,6,7,8,9,9,9,9,9,9,9,9,9,9,9,9,9,9,9,9,9,9,
IRAK1-TRAF6,0,0,1,2,3,3,2,1,0,0,0,0,0,0,0,0,0,0,0,0,0,0,0,0,0,0,0,
IRAK3,5,4,3,2,1,0,0,0,0,0,0,0,0,0,0,0,0,0,0,0,0,0,0,0,0,0,0,
IRAK3-TRAF6,0,0,0,0,0,0,0,0,0,0,0,0,0,0,0,0,0,0,0,0,0,0,0,0,0,0,0,
IRAK4,5,5,6,7,8,9,9,9,9,9,9,9,9,9,9,9,9,9,9,9,9,9,9,9,9,9,9,
IRF1,5,6,7,8,9,9,9,9,9,9,9,9,9,9,9,9,9,9,9,9,9,9,9,9,9,9,9,
IRF3,5,5,6,7,8,9,9,9,9,9,9,9,9,9,9,9,9,9,9,9,9,9,9,9,9,9,9,
IRF5,5,5,4,3,4,5,6,7,8,9,9,9,9,9,9,9,9,9,9,9,9,9,9,9,9,9,9,
IRF7,5,6,7,8,9,9,9,9,9,9,9,9,9,9,9,9,9,9,9,9,9,9,9,9,9,9,9,
IRF9,5,4,3,2,1,0,0,0,0,0,0,0,0,0,0,0,0,0,0,0,0,0,0,0,0,0,0,
IRS1,9,8,7,6,5,4,3,2,1,0,0,0,0,0,0,0,0,0,0,0,0,0,0,0,0,0,0,
ISG15,5,4,3,2,1,0,0,0,0,0,0,0,0,0,0,0,0,0,0,0,0,0,0,0,0,0,0,
ISYNA1,5,4,3,2,1,0,0,0,0,0,0,0,0,0,0,0,0,0,0,0,0,0,0,0,0,0,0,
ITCH,5,4,3,2,1,0,0,0,0,0,0,0,0,0,0,0,0,0,0,0,0,0,0,0,0,0,0,
ITGA10-ITGB1,0,1,0,0,0,0,0,0,0,0,0,0,0,0,0,0,0,0,0,0,0,0,0,0,0,0,0,
ITGA11,5,5,4,3,2,1,0,0,0,0,0,0,0,0,0,0,0,0,0,0,0,0,0,0,0,0,0,
ITGA11-ITGB1,0,1,0,0,0,0,0,0,0,0,0,0,0,0,0,0,0,0,0,0,0,0,0,0,0,0,0,
ITGA2,5,4,3,2,1,0,0,0,0,0,0,0,0,0,0,0,0,0,0,0,0,0,0,0,0,0,0,
ITGA2-ITGB1,0,1,2,3,2,1,0,0,0,0,0,0,0,0,0,0,0,0,0,0,0,0,0,0,0,0,0,
ITGA2B,5,6,7,8,9,9,9,9,9,9,9,9,9,9,9,9,9,9,9,9,9,9,9,9,9,9,9,
ITGA2B-ITGB3,0,1,2,3,4,3,2,1,0,0,0,0,0,0,0,0,0,0,0,0,0,0,0,0,0,0,0,
ITGA3-ITGB1,0,1,2,3,4,3,2,1,0,0,0,0,0,0,0,0,0,0,0,0,0,0,0,0,0,0,0,
ITGA4,5,4,3,2,1,0,0,0,0,0,0,0,0,0,0,0,0,0,0,0,0,0,0,0,0,0,0,
ITGA4-ITGB1,0,1,2,3,4,3,2,1,0,0,0,0,0,0,0,0,0,0,0,0,0,0,0,0,0,0,0,
ITGA4-ITGB7,0,1,2,3,2,1,0,0,0,0,0,0,0,0,0,0,0,0,0,0,0,0,0,0,0,0,0,
ITGA5-ITGB1,0,1,2,3,2,1,0,0,0,0,0,0,0,0,0,0,0,0,0,0,0,0,0,0,0,0,0,
ITGA6-ITGB1,0,1,0,0,0,0,0,0,0,0,0,0,0,0,0,0,0,0,0,0,0,0,0,0,0,0,0,
ITGA7-ITGB1,0,1,0,0,0,0,0,0,0,0,0,0,0,0,0,0,0,0,0,0,0,0,0,0,0,0,0,
ITGA8-ITGB1,0,1,2,3,4,3,2,1,0,0,0,0,0,0,0,0,0,0,0,0,0,0,0,0,0,0,0,
ITGA9-ITGB1,0,1,2,3,4,3,2,1,0,0,0,0,0,0,0,0,0,0,0,0,0,0,0,0,0,0,0,
ITGAL,9,9,9,9,9,9,9,9,9,9,9,9,9,9,9,9,9,9,9,9,9,9,9,9,9,9,9,
ITGAL-ITGB2,0,0,1,2,3,4,5,6,7,8,9,9,9,9,9,9,9,9,9,9,9,9,9,9,9,9,9,
ITGAM-ITGB2,0,0,1,2,3,4,5,6,7,8,9,9,9,9,9,9,9,9,9,9,9,9,9,9,9,9,9,
ITGAV-ITGB1,0,1,2,3,4,4,3,2,1,0,0,0,0,0,0,0,0,0,0,0,0,0,0,0,0,0,0,
ITGAV-ITGB3,0,1,2,3,4,5,4,3,2,1,0,0,0,0,0,0,0,0,0,0,0,0,0,0,0,0,0,
ITGAV-ITGB5,0,1,2,3,4,3,2,1,0,0,0,0,0,0,0,0,0,0,0,0,0,0,0,0,0,0,0,
ITGB1,5,6,6,7,8,9,9,9,9,9,9,9,9,9,9,9,9,9,9,9,9,9,9,9,9,9,9,
ITGB1-ITGA1,0,1,0,0,0,0,0,0,0,0,0,0,0,0,0,0,0,0,0,0,0,0,0,0,0,0,0,
ITGB1-ITGA11,0,1,0,0,0,0,0,0,0,0,0,0,0,0,0,0,0,0,0,0,0,0,0,0,0,0,0,
ITGB1-ITGA4,0,0,1,2,3,4,5,6,7,8,9,9,9,9,9,9,9,9,9,9,9,9,9,9,9,9,9,
ITGB2,5,5,4,3,2,1,0,1,0,0,0,0,0,0,0,0,0,0,0,0,0,0,0,0,0,0,0,
ITGB2-ITGAL,0,1,2,3,2,3,2,3,2,3,2,3,2,3,2,3,2,3,2,3,2,3,2,3,2,3,2,
ITGB2-ITGAM,0,0,0,0,0,0,0,0,0,0,0,0,0,0,0,0,0,0,0,0,0,0,0,0,0,0,0,
ITGB3,5,6,7,8,9,9,9,9,9,9,9,9,9,9,9,9,9,9,9,9,9,9,9,9,9,9,9,
ITGB3-ITGAV,0,0,0,0,0,0,0,0,0,0,0,0,0,0,0,0,0,0,0,0,0,0,0,0,0,0,0,
ITGB4-ITGA6,0,1,0,0,0,0,0,0,0,0,0,0,0,0,0,0,0,0,0,0,0,0,0,0,0,0,0,
ITGB6-ITGAV,0,1,2,3,4,3,2,1,0,0,0,0,0,0,0,0,0,0,0,0,0,0,0,0,0,0,0,
ITGB7-ITGA4,0,0,0,0,0,0,0,0,0,0,0,0,0,0,0,0,0,0,0,0,0,0,0,0,0,0,0,
ITGB8-ITGAV,0,1,2,3,4,3,2,1,0,0,0,0,0,0,0,0,0,0,0,0,0,0,0,0,0,0,0,
ITK,5,6,7,8,9,9,9,9,9,9,9,9,9,9,9,9,9,9,9,9,9,9,9,9,9,9,9,
ITPA,5,4,3,2,1,0,0,0,0,0,0,0,0,0,0,0,0,0,0,0,0,0,0,0,0,0,0,
ITPK1,5,4,3,2,1,0,0,0,0,0,0,0,0,0,0,0,0,0,0,0,0,0,0,0,0,0,0,
ITPKA,5,4,3,2,1,0,0,0,0,0,0,0,0,0,0,0,0,0,0,0,0,0,0,0,0,0,0,
ITPR1,5,4,3,2,1,0,0,0,0,0,0,0,0,0,0,0,0,0,0,0,0,0,0,0,0,0,0,
ITPR3,5,5,5,5,5,5,6,7,8,9,9,9,9,9,9,9,9,9,9,9,9,9,9,9,9,9,9,
IVD,5,4,3,2,1,0,0,0,0,0,0,0,0,0,0,0,0,0,0,0,0,0,0,0,0,0,0,
JAG1,5,4,3,2,1,0,0,0,0,0,0,0,0,0,0,0,0,0,0,0,0,0,0,0,0,0,0,
JAK1,5,4,3,4,5,5,4,3,2,1,0,0,0,0,0,0,0,0,0,0,0,0,0,0,0,0,0,
JAK2,5,6,7,6,5,4,3,2,1,0,0,0,0,0,0,0,0,0,0,0,0,0,0,0,0,0,0,
JAM2,5,4,3,2,1,0,0,0,0,0,0,0,0,0,0,0,0,0,0,0,0,0,0,0,0,0,0,
JAM3,5,4,3,2,1,0,0,0,0,0,0,0,0,0,0,0,0,0,0,0,0,0,0,0,0,0,0,
JUN,5,6,7,8,9,9,9,9,9,9,9,9,9,9,9,9,9,9,9,9,9,9,9,9,9,9,9,
JUND,5,4,3,2,1,0,0,0,0,0,0,0,0,0,0,0,0,0,0,0,0,0,0,0,0,0,0,
KAT2A-NCOA2,0,0,0,0,0,0,0,0,0,0,0,0,0,0,0,0,0,0,0,0,0,0,0,0,0,0,0,
KCNE1B,0,1,2,3,2,1,1,2,3,4,5,6,7,8,9,9,9,9,9,9,9,9,9,9,9,9,9,
KCNJ1,1,2,3,4,5,6,7,8,9,9,9,9,9,9,9,9,9,9,9,9,9,9,9,9,9,9,9,
KCNJ18,5,4,3,2,1,0,0,0,0,0,0,0,0,0,0,0,0,0,0,0,0,0,0,0,0,0,0,
KCNJ2,1,0,0,0,0,0,0,0,0,0,0,0,0,0,0,0,0,0,0,0,0,0,0,0,0,0,0,
KCNJ3,5,5,6,7,8,9,9,9,9,9,9,9,9,9,9,9,9,9,9,9,9,9,9,9,9,9,9,
KCNJ6,5,5,6,7,8,9,9,9,9,9,9,9,9,9,9,9,9,9,9,9,9,9,9,9,9,9,9,
KCNJ8,5,5,6,7,8,9,9,9,9,9,9,9,9,9,9,9,9,9,9,9,9,9,9,9,9,9,9,
KCNK3,1,0,0,0,0,0,0,0,0,0,0,0,0,0,0,0,0,0,0,0,0,0,0,0,0,0,0,
KCNMA1,5,5,6,7,8,9,9,9,9,9,9,9,9,9,9,9,9,9,9,9,9,9,9,9,9,9,9,
KCNMB2,5,6,7,6,5,4,5,6,7,8,9,9,9,9,9,9,9,9,9,9,9,9,9,9,9,9,9,
KCNN4,1,0,0,0,0,0,0,0,0,0,0,0,0,0,0,0,0,0,0,0,0,0,0,0,0,0,0,
KCNQ1,5,4,3,2,3,4,5,6,7,8,9,9,9,9,9,9,9,9,9,9,9,9,9,9,9,9,9,
KDR,5,6,7,7,6,5,4,3,2,1,0,0,0,0,0,0,0,0,0,0,0,0,0,0,0,0,0,
KDSR,5,4,3,2,1,0,0,0,0,0,0,0,0,0,0,0,0,0,0,0,0,0,0,0,0,0,0,
KHK,5,4,3,2,1,0,0,0,0,0,0,0,0,0,0,0,0,0,0,0,0,0,0,0,0,0,0,
KIDINS220,5,5,6,7,6,5,4,3,2,1,0,0,0,0,0,0,0,0,0,0,0,0,0,0,0,0,0,
KIF3A,5,4,3,2,1,0,0,0,0,0,0,0,0,0,0,0,0,0,0,0,0,0,0,0,0,0,0,
KIF5A-GRIA1,0,0,0,0,0,0,0,0,0,0,0,0,0,0,0,0,0,0,0,0,0,0,0,0,0,0,0,
KIF7,5,4,3,2,1,0,0,0,0,0,0,0,0,0,0,0,0,0,0,0,0,0,0,0,0,0,0,
KIR2DL1,5,5,4,3,2,1,0,0,0,0,0,0,0,0,0,0,0,0,0,0,0,0,0,0,0,0,0,
KIR2DS2,5,6,7,6,5,4,3,2,1,0,0,0,0,0,0,0,0,0,0,0,0,0,0,0,0,0,0,
KIR3DL3,5,6,7,8,7,6,5,4,3,2,1,0,0,0,0,0,0,0,0,0,0,0,0,0,0,0,0,
KISS1,5,4,3,2,1,0,0,0,0,0,0,0,0,0,0,0,0,0,0,0,0,0,0,0,0,0,0,
KISS1R,5,5,4,3,2,1,0,0,0,0,0,0,0,0,0,0,0,0,0,0,0,0,0,0,0,0,0,
KIT,5,4,3,2,1,0,0,0,0,0,0,0,0,0,0,0,0,0,0,0,0,0,0,0,0,0,0,
KITLG,1,0,0,0,0,0,0,0,0,0,0,0,0,0,0,0,0,0,0,0,0,0,0,0,0,0,0,
KL,5,4,3,2,1,0,0,0,0,0,0,0,0,0,0,0,0,0,0,0,0,0,0,0,0,0,0,
KLF2,1,2,3,4,5,6,7,8,8,8,8,9,9,9,9,9,9,9,9,9,9,9,9,9,9,9,9,
KLF4,5,5,6,7,8,9,9,9,9,9,9,9,9,9,9,9,9,9,9,9,9,9,9,9,9,9,9,
KLK1,5,4,3,2,1,0,0,0,0,0,0,0,0,0,0,0,0,0,0,0,0,0,0,0,0,0,0,
KLKB1,5,5,4,3,2,1,0,0,0,0,0,0,0,0,0,0,0,0,0,0,0,0,0,0,0,0,0,
KLRC4-KLRK1,5,6,7,8,7,6,5,4,3,2,1,0,0,0,0,0,0,0,0,0,0,0,0,0,0,0,0,
KLRD1-KLRC1,0,1,2,3,2,1,0,0,0,0,0,0,0,0,0,0,0,0,0,0,0,0,0,0,0,0,0,
KLRD1-KLRC2,0,1,2,3,2,1,0,0,0,0,0,0,0,0,0,0,0,0,0,0,0,0,0,0,0,0,0,
KMO,5,4,3,2,1,0,0,0,0,0,0,0,0,0,0,0,0,0,0,0,0,0,0,0,0,0,0,
KNG1,5,5,5,4,3,2,1,0,0,0,0,0,0,0,0,0,0,0,0,0,0,0,0,0,0,0,0,
KPNB1,5,4,3,2,1,0,0,0,0,0,0,0,0,0,0,0,0,0,0,0,0,0,0,0,0,0,0,
KRAS,5,4,3,2,1,0,0,0,0,0,0,0,0,0,0,0,0,0,0,0,0,0,0,0,0,0,0,
KRIT1,5,5,6,7,8,9,9,9,9,9,9,9,9,9,9,9,9,9,9,9,9,9,9,9,9,9,9,
KSR2,1,0,0,0,0,0,0,0,0,0,0,0,0,0,0,0,0,0,0,0,0,0,0,0,0,0,0,
KYAT3,5,4,3,2,1,0,0,0,0,0,0,0,0,0,0,0,0,0,0,0,0,0,0,0,0,0,0,
KYNU,1,0,0,0,0,0,0,0,0,0,0,0,0,0,0,0,0,0,0,0,0,0,0,0,0,0,0,
L1CAM,5,4,3,2,1,0,0,0,0,0,0,0,0,0,0,0,0,0,0,0,0,0,0,0,0,0,0,
L3HYPDH,5,4,3,2,1,0,0,0,0,0,0,0,0,0,0,0,0,0,0,0,0,0,0,0,0,0,0,
LAMC3,1,0,0,0,0,0,0,0,0,0,0,0,0,0,0,0,0,0,0,0,0,0,0,0,0,0,0,
LAMTOR3,5,4,3,2,1,0,0,0,0,0,0,0,0,0,0,0,0,0,0,0,0,0,0,0,0,0,0,
LAMTOR5,5,6,7,6,5,4,3,2,1,0,0,0,0,0,0,0,0,0,0,0,0,0,0,0,0,0,0,
LAP3,5,4,3,2,1,0,0,0,0,0,0,0,0,0,0,0,0,0,0,0,0,0,0,0,0,0,0,
LAT,5,6,7,8,9,9,9,9,9,9,9,9,9,9,9,9,9,9,9,9,9,9,9,9,9,9,9,
LATS2,5,4,3,2,1,2,3,4,5,6,7,8,9,9,9,9,9,9,9,9,9,9,9,9,9,9,9,
LBR,5,4,3,2,1,0,0,0,0,0,0,0,0,0,0,0,0,0,0,0,0,0,0,0,0,0,0,
LCAT,5,4,3,2,1,0,0,0,0,0,0,0,0,0,0,0,0,0,0,0,0,0,0,0,0,0,0,
LCK,5,5,6,7,8,9,9,9,9,9,9,9,9,9,9,9,9,9,9,9,9,9,9,9,9,9,9,
LCLAT1,5,4,3,2,1,0,0,0,0,0,0,0,0,0,0,0,0,0,0,0,0,0,0,0,0,0,0,
LCP2,5,4,3,2,1,0,0,1,2,3,4,5,6,7,8,9,9,9,9,9,9,9,9,9,9,9,9,
LCP2-BTK,0,1,2,3,4,5,6,7,8,9,9,9,9,9,9,9,9,9,9,9,9,9,9,9,9,9,9,
LCP2-FYB1,0,1,2,3,4,5,6,7,8,9,9,9,9,9,9,9,9,9,9,9,9,9,9,9,9,9,9,
LCP2-SKAP1,0,0,0,0,0,0,0,0,0,0,0,0,0,0,0,0,0,0,0,0,0,0,0,0,0,0,0,
LCT,5,4,3,2,1,0,0,0,0,0,0,0,0,0,0,0,0,0,0,0,0,0,0,0,0,0,0,
LDHAL6A,5,4,3,2,1,0,0,0,0,0,0,0,0,0,0,0,0,0,0,0,0,0,0,0,0,0,0,
LDHD,1,0,0,0,0,0,0,0,0,0,0,0,0,0,0,0,0,0,0,0,0,0,0,0,0,0,0,
LDLR,5,4,3,2,1,0,0,0,0,0,0,0,0,0,0,0,0,0,0,0,0,0,0,0,0,0,0,
LDLRAP1-DAB2,0,0,0,0,0,0,0,0,0,0,0,0,0,0,0,0,0,0,0,0,0,0,0,0,0,0,0,
LEF1,5,4,3,2,1,0,0,0,0,0,0,0,0,0,0,0,0,0,0,0,0,0,0,0,0,0,0,
LEF1-TEAD1,0,0,0,0,0,0,0,0,0,0,0,0,0,0,0,0,0,0,0,0,0,0,0,0,0,0,0,
LEFTY1,5,4,3,2,1,0,0,0,0,0,0,0,0,0,0,0,0,0,0,0,0,0,0,0,0,0,0,
LEP,5,4,3,2,1,0,0,0,0,0,0,0,0,0,0,0,0,0,0,0,0,0,0,0,0,0,0,
LEPR,5,4,3,2,1,0,0,0,0,0,0,0,0,0,0,0,0,0,0,0,0,0,0,0,0,0,0,
LFNG,5,4,3,2,1,0,0,0,0,0,0,0,0,0,0,0,0,0,0,0,0,0,0,0,0,0,0,
LGMN,5,4,3,2,1,0,0,0,0,0,0,0,0,0,0,0,0,0,0,0,0,0,0,0,0,0,0,
LHCGR,5,6,7,8,9,9,9,9,9,9,9,9,9,9,9,9,9,9,9,9,9,9,9,9,9,9,9,
LIAS,5,4,3,2,1,0,0,0,0,0,0,0,0,0,0,0,0,0,0,0,0,0,0,0,0,0,0,
LIF,9,8,7,6,5,4,3,2,1,0,0,0,0,0,0,0,0,0,0,0,0,0,0,0,0,0,0,
LIFR-IL6ST,0,1,2,3,4,5,4,3,2,1,0,0,0,0,0,0,0,0,0,0,0,0,0,0,0,0,0,
LIMK1,5,5,6,7,8,9,9,9,9,9,9,9,9,9,9,9,9,9,9,9,9,9,9,9,9,9,9,
LIPE,5,5,4,3,2,1,0,0,0,1,2,3,4,5,6,7,8,9,9,9,9,9,9,9,9,9,9,
LIPT1,5,4,3,2,1,0,0,0,0,0,0,0,0,0,0,0,0,0,0,0,0,0,0,0,0,0,0,
LIPT2,5,4,3,2,1,0,0,0,0,0,0,0,0,0,0,0,0,0,0,0,0,0,0,0,0,0,0,
LLGL2,5,5,5,6,7,8,9,9,9,9,9,9,9,9,9,9,9,9,9,9,9,9,9,9,9,9,9,
LLGL2-SCRIB,0,0,0,0,0,0,0,0,0,0,0,0,0,0,0,0,0,0,0,0,0,0,0,0,0,0,0,
LMNA,5,4,3,2,1,0,0,0,0,0,0,0,0,0,0,0,0,0,0,0,0,0,0,0,0,0,0,
LMO7,5,4,3,2,1,0,0,0,0,0,0,0,0,0,0,0,0,0,0,0,0,0,0,0,0,0,0,
LNPEP,5,4,3,2,1,0,0,0,0,0,0,0,0,0,0,0,0,0,0,0,0,0,0,0,0,0,0,
LPAR1,9,8,7,6,5,4,3,2,1,0,0,0,0,0,0,0,0,0,0,0,0,0,0,0,0,0,0,
LPAR6,5,6,7,8,9,9,9,9,9,9,9,9,9,9,9,9,9,9,9,9,9,9,9,9,9,9,9,
LPCAT2,5,4,3,2,1,0,0,0,0,0,0,0,0,0,0,0,0,0,0,0,0,0,0,0,0,0,0,
LPCAT3,5,4,3,2,1,0,0,0,0,0,0,0,0,0,0,0,0,0,0,0,0,0,0,0,0,0,0,
LPCAT4,5,4,3,2,1,0,0,0,0,0,0,0,0,0,0,0,0,0,0,0,0,0,0,0,0,0,0,
LPIN1,5,5,6,7,8,9,9,9,9,9,9,9,9,9,9,9,9,9,9,9,9,9,9,9,9,9,9,
LPL,5,4,3,2,1,0,0,0,0,0,0,0,0,0,0,0,0,0,0,0,0,0,0,0,0,0,0,
LRAT,5,4,3,2,1,0,0,0,0,0,0,0,0,0,0,0,0,0,0,0,0,0,0,0,0,0,0,
LRP2,5,4,3,2,1,0,0,0,0,0,0,0,0,0,0,0,0,0,0,0,0,0,0,0,0,0,0,
LRP6,5,4,3,2,1,0,0,0,0,0,0,0,0,0,0,0,0,0,0,0,0,0,0,0,0,0,0,
LRRC4,5,4,3,2,1,0,0,0,0,0,0,0,0,0,0,0,0,0,0,0,0,0,0,0,0,0,0,
LRRC4B,5,4,3,2,1,0,0,0,0,0,0,0,0,0,0,0,0,0,0,0,0,0,0,0,0,0,0,
LRRC4C,5,4,3,2,1,0,0,0,0,0,0,0,0,0,0,0,0,0,0,0,0,0,0,0,0,0,0,
LSS,5,4,3,2,1,0,0,0,0,0,0,0,0,0,0,0,0,0,0,0,0,0,0,0,0,0,0,
LTA,5,4,3,2,1,0,0,0,0,0,0,0,0,0,0,0,0,0,0,0,0,0,0,0,0,0,0,
LTA-LTB,0,0,0,0,0,0,0,0,0,0,0,0,0,0,0,0,0,0,0,0,0,0,0,0,0,0,0,
LTA4H,5,4,3,2,1,0,0,0,0,0,0,0,0,0,0,0,0,0,0,0,0,0,0,0,0,0,0,
LTB,5,4,3,2,1,0,0,0,0,0,0,0,0,0,0,0,0,0,0,0,0,0,0,0,0,0,0,
LTB4R,5,4,3,2,1,0,0,0,0,0,0,0,0,0,0,0,0,0,0,0,0,0,0,0,0,0,0,
LTBP1,1,0,0,0,0,0,0,0,0,0,0,0,0,0,0,0,0,0,0,0,0,0,0,0,0,0,0,
LTBR,1,2,3,4,5,4,3,2,1,0,0,0,0,0,0,0,0,0,0,0,0,0,0,0,0,0,0,
LTC4S,5,4,3,2,1,0,0,0,0,0,0,0,0,0,0,0,0,0,0,0,0,0,0,0,0,0,0,
LY96,1,0,0,0,0,0,0,0,0,0,0,0,0,0,0,0,0,0,0,0,0,0,0,0,0,0,0,
LYN,5,5,5,4,5,6,7,7,8,8,8,9,9,9,9,9,9,9,9,9,9,9,9,9,9,9,9,
LYPLA1,5,4,3,2,1,0,0,0,0,0,0,0,0,0,0,0,0,0,0,0,0,0,0,0,0,0,0,
MAD1L1,5,5,4,3,2,1,0,0,0,0,0,0,0,0,0,0,0,0,0,0,0,0,0,0,0,0,0,
MAD2L2,5,5,5,4,3,2,1,0,0,0,0,0,0,0,0,0,0,0,0,0,0,0,0,0,0,0,0,
MADCAM1,1,0,0,0,0,0,0,0,0,0,0,0,0,0,0,0,0,0,0,0,0,0,0,0,0,0,0,
MAG,5,4,3,2,1,0,0,0,0,0,0,0,0,0,0,0,0,0,0,0,0,0,0,0,0,0,0,
MAGED1,5,4,3,2,1,0,0,0,0,0,0,0,0,0,0,0,0,0,0,0,0,0,0,0,0,0,0,
MAGI1,5,4,3,2,1,0,0,0,0,0,0,0,0,0,0,0,0,0,0,0,0,0,0,0,0,0,0,
MAGI3,5,5,5,4,3,2,1,0,0,0,0,0,0,0,0,0,0,0,0,0,0,0,0,0,0,0,0,
MAGOH,5,4,3,2,1,0,0,0,0,0,0,0,0,0,0,0,0,0,0,0,0,0,0,0,0,0,0,
MALT1-BCL10,0,0,0,0,0,0,0,0,0,0,0,0,0,0,0,0,0,0,0,0,0,0,0,0,0,0,0,
MAN1B1,5,4,3,2,1,0,0,0,0,0,0,0,0,0,0,0,0,0,0,0,0,0,0,0,0,0,0,
MAN2A2,5,4,3,2,1,0,0,0,0,0,0,0,0,0,0,0,0,0,0,0,0,0,0,0,0,0,0,
MAOA,5,4,3,2,1,0,0,0,0,0,0,0,0,0,0,0,0,0,0,0,0,0,0,0,0,0,0,
MAP2K1,5,6,7,8,9,9,9,9,9,9,9,9,9,9,9,9,9,9,9,9,9,9,9,9,9,9,9,
MAP2K2,5,5,6,7,8,9,9,9,9,9,9,9,9,9,9,9,9,9,9,9,9,9,9,9,9,9,9,
MAP2K3,5,6,7,8,9,9,9,9,9,9,9,9,9,9,9,9,9,9,9,9,9,9,9,9,9,9,9,
MAP2K4,5,4,3,2,1,0,0,0,0,0,0,0,0,0,0,0,0,0,0,0,0,0,0,0,0,0,0,
MAP2K5,5,6,7,8,9,9,9,9,9,9,9,9,9,9,9,9,9,9,9,9,9,9,9,9,9,9,9,
MAP2K6,5,6,7,8,9,9,9,9,9,9,9,9,9,9,9,9,9,9,9,9,9,9,9,9,9,9,9,
MAP2K7,5,6,7,8,9,9,9,9,9,9,9,9,9,9,9,9,9,9,9,9,9,9,9,9,9,9,9,
MAP3K1,5,6,7,8,9,9,9,9,9,9,9,9,9,9,9,9,9,9,9,9,9,9,9,9,9,9,9,
MAP3K11,5,4,3,2,1,0,0,0,0,0,0,0,0,0,0,0,0,0,0,0,0,0,0,0,0,0,0,
MAP3K12,5,4,3,2,1,0,0,0,0,0,0,0,0,0,0,0,0,0,0,0,0,0,0,0,0,0,0,
MAP3K13,5,4,3,2,1,0,0,0,0,0,0,0,0,0,0,0,0,0,0,0,0,0,0,0,0,0,0,
MAP3K14,5,6,7,8,9,9,9,9,9,9,9,9,9,9,9,9,9,9,9,9,9,9,9,9,9,9,9,
MAP3K2,5,5,6,7,8,9,9,9,9,9,9,9,9,9,9,9,9,9,9,9,9,9,9,9,9,9,9,
MAP3K20,5,4,3,2,1,0,0,0,0,0,0,0,0,0,0,0,0,0,0,0,0,0,0,0,0,0,0,
MAP3K3,5,6,7,8,9,9,9,9,9,9,9,9,9,9,9,9,9,9,9,9,9,9,9,9,9,9,9,
MAP3K4,5,5,6,7,8,9,9,9,9,9,9,9,9,9,9,9,9,9,9,9,9,9,9,9,9,9,9,
MAP3K5,5,6,7,8,9,9,9,9,9,9,9,9,9,9,9,9,9,9,9,9,9,9,9,9,9,9,9,
MAP3K6,5,4,3,2,1,0,0,0,0,0,0,0,0,0,0,0,0,0,0,0,0,0,0,0,0,0,0,
MAP3K7,5,6,7,8,9,9,9,9,9,9,9,9,9,9,9,9,9,9,9,9,9,9,9,9,9,9,9,
MAP3K7-TAB1,0,1,2,3,4,5,6,7,8,9,9,9,9,9,9,9,9,9,9,9,9,9,9,9,9,9,9,
MAP3K8,5,5,4,3,4,5,6,7,8,9,9,9,9,9,9,9,9,9,9,9,9,9,9,9,9,9,9,
MAP4K1,1,0,0,0,0,0,0,0,0,0,0,0,0,0,0,0,0,0,0,0,0,0,0,0,0,0,0,
MAP4K2,5,5,6,7,8,9,9,9,9,9,9,9,9,9,9,9,9,9,9,9,9,9,9,9,9,9,9,
MAP4K3,5,4,3,2,1,0,0,0,0,0,0,0,0,0,0,0,0,0,0,0,0,0,0,0,0,0,0,
MAP4K4,5,4,3,2,1,0,0,0,0,0,0,0,0,0,0,0,0,0,0,0,0,0,0,0,0,0,0,
MAPK1,5,6,7,8,9,9,9,9,9,9,9,9,9,9,9,9,9,9,9,9,9,9,9,9,9,9,9,
MAPK14,5,6,7,8,9,9,9,9,9,9,9,9,9,9,9,9,9,9,9,9,9,9,9,9,9,9,9,
MAPK7,5,5,6,7,8,9,9,9,9,9,9,9,9,9,9,9,9,9,9,9,9,9,9,9,9,9,9,
MAPK8,5,6,7,8,9,9,9,9,9,9,9,9,9,9,9,9,9,9,9,9,9,9,9,9,9,9,9,
MAPK8IP2,5,4,3,2,1,0,0,0,0,0,0,0,0,0,0,0,0,0,0,0,0,0,0,0,0,0,0,
MAPK8IP3,5,4,3,2,1,0,0,0,0,0,0,0,0,0,0,0,0,0,0,0,0,0,0,0,0,0,0,
MAPKAP1,5,4,3,2,1,0,0,0,0,0,0,0,0,0,0,0,0,0,0,0,0,0,0,0,0,0,0,
MAPKAPK2,5,5,6,7,8,9,9,9,9,9,9,9,9,9,9,9,9,9,9,9,9,9,9,9,9,9,9,
MAPKAPK3,5,5,6,7,8,9,9,9,9,9,9,9,9,9,9,9,9,9,9,9,9,9,9,9,9,9,9,
MAPKAPK5,5,4,3,2,1,0,0,0,0,0,0,0,0,0,0,0,0,0,0,0,0,0,0,0,0,0,0,
MAPT,5,4,3,2,1,0,0,0,0,0,0,0,0,0,0,0,0,0,0,0,0,0,0,0,0,0,0,
MARCKS,1,0,0,0,0,0,0,0,0,0,0,0,0,0,0,0,0,0,0,0,0,0,0,0,0,0,0,
MARS1,9,8,7,6,5,4,3,2,1,0,0,0,0,0,0,0,0,0,0,0,0,0,0,0,0,0,0,
MARVELD2,5,4,3,2,1,0,0,0,0,0,0,0,0,0,0,0,0,0,0,0,0,0,0,0,0,0,0,
MARVELD3,5,4,3,2,1,0,0,0,0,0,0,0,0,0,0,0,0,0,0,0,0,0,0,0,0,0,0,
MAS1,5,5,4,3,2,1,0,0,0,0,0,0,0,0,0,0,0,0,0,0,0,0,0,0,0,0,0,
MASP2,5,4,3,2,1,0,0,0,0,0,0,0,0,0,0,0,0,0,0,0,0,0,0,0,0,0,0,
MAT2B,5,4,3,2,1,0,0,0,0,0,0,0,0,0,0,0,0,0,0,0,0,0,0,0,0,0,0,
MATK,1,0,0,0,0,0,0,0,0,0,0,0,0,0,0,0,0,0,0,0,0,0,0,0,0,0,0,
MAVS,5,6,7,8,8,7,6,5,4,3,2,1,0,0,0,0,0,0,0,0,0,0,0,0,0,0,0,
MAX,5,4,3,2,1,0,0,0,0,0,0,0,0,0,0,0,0,0,0,0,0,0,0,0,0,0,0,
MBL2,5,4,3,2,1,0,0,0,0,0,0,0,0,0,0,0,0,0,0,0,0,0,0,0,0,0,0,
MBL2-MASP2,0,0,0,0,0,0,0,0,0,0,0,0,0,0,0,0,0,0,0,0,0,0,0,0,0,0,0,
MC1R,5,4,3,3,4,5,6,7,8,9,9,9,9,9,9,9,9,9,9,9,9,9,9,9,9,9,9,
MC2R,5,4,3,2,1,0,0,0,0,0,0,0,0,0,0,0,0,0,0,0,0,0,0,0,0,0,0,
MCAT,5,4,3,2,1,0,0,0,0,0,0,0,0,0,0,0,0,0,0,0,0,0,0,0,0,0,0,
MCCC1,5,4,3,2,1,0,0,0,0,0,0,0,0,0,0,0,0,0,0,0,0,0,0,0,0,0,0,
MCEE,5,4,3,2,1,0,0,0,0,0,0,0,0,0,0,0,0,0,0,0,0,0,0,0,0,0,0,
MCHR1,9,8,7,6,5,4,3,2,1,0,0,0,0,0,0,0,0,0,0,0,0,0,0,0,0,0,0,
MCL1,5,4,3,4,5,6,7,8,9,9,9,9,9,9,9,9,9,9,9,9,9,9,9,9,9,9,9,
MCM7-MCM6,0,0,0,0,0,0,0,0,0,0,0,0,0,0,0,0,0,0,0,0,0,0,0,0,0,0,0,
MDH1,5,4,3,2,1,0,0,0,0,0,0,0,0,0,0,0,0,0,0,0,0,0,0,0,0,0,0,
MDM2,5,6,7,8,9,9,9,9,9,9,9,9,9,9,9,9,9,9,9,9,9,9,9,9,9,9,9,
MDM4,5,4,3,2,1,0,0,0,0,0,0,0,0,0,0,0,0,0,0,0,0,0,0,0,0,0,0,
ME2,5,4,3,2,1,0,0,0,0,0,0,0,0,0,0,0,0,0,0,0,0,0,0,0,0,0,0,
ME3,5,4,3,2,1,0,0,0,0,0,0,0,0,0,0,0,0,0,0,0,0,0,0,0,0,0,0,
MECOM,1,0,0,0,0,0,0,0,0,0,0,0,0,0,0,0,0,0,0,0,0,0,0,0,0,0,0,
MECR,5,4,3,2,1,0,0,0,0,0,0,0,0,0,0,0,0,0,0,0,0,0,0,0,0,0,0,
MED16-MED1,0,0,0,0,0,0,0,0,0,0,0,0,0,0,0,0,0,0,0,0,0,0,0,0,0,0,0,
MEF2B,5,4,3,2,1,0,0,0,0,0,0,0,0,0,0,0,0,0,0,0,0,0,0,0,0,0,0,
MEF2C,1,2,3,4,5,6,7,8,9,9,9,9,9,9,9,9,9,9,9,9,9,9,9,9,9,9,9,
MEFV,5,4,3,2,1,0,0,0,0,0,0,0,0,0,0,0,0,0,0,0,0,0,0,0,0,0,0,
MEGF8,5,4,3,2,1,0,0,0,0,0,0,0,0,0,0,0,0,0,0,0,0,0,0,0,0,0,0,
MET,5,4,3,2,1,0,0,0,0,0,0,0,0,0,0,0,0,0,0,0,0,0,0,0,0,0,0,
MFN1,5,4,3,2,1,0,0,0,0,0,0,0,0,0,0,0,0,0,0,0,0,0,0,0,0,0,0,
MGAM,5,4,3,2,1,0,0,0,0,0,0,0,0,0,0,0,0,0,0,0,0,0,0,0,0,0,0,
MGAT1,5,4,3,2,1,0,0,0,0,0,0,0,0,0,0,0,0,0,0,0,0,0,0,0,0,0,0,
MGAT2,5,4,3,2,1,0,0,0,0,0,0,0,0,0,0,0,0,0,0,0,0,0,0,0,0,0,0,
MGAT3,5,4,3,2,1,0,0,0,0,0,0,0,0,0,0,0,0,0,0,0,0,0,0,0,0,0,0,
MGAT4B,5,4,3,2,1,0,0,0,0,0,0,0,0,0,0,0,0,0,0,0,0,0,0,0,0,0,0,
MGAT4C,5,4,3,2,1,0,0,0,0,0,0,0,0,0,0,0,0,0,0,0,0,0,0,0,0,0,0,
MGAT5B,1,0,0,0,0,0,0,0,0,0,0,0,0,0,0,0,0,0,0,0,0,0,0,0,0,0,0,
MGLL,5,4,3,2,1,0,0,0,0,0,0,0,0,0,0,0,0,0,0,0,0,0,0,0,0,0,0,
MGRN1,5,4,3,2,1,0,0,0,0,0,0,0,0,0,0,0,0,0,0,0,0,0,0,0,0,0,0,
MICA,5,4,3,2,1,0,0,0,0,0,0,0,0,0,0,0,0,0,0,0,0,0,0,0,0,0,0,
MICALL2,5,4,3,2,1,0,0,0,0,0,0,0,0,0,0,0,0,0,0,0,0,0,0,0,0,0,0,
MICOS10-NBL1,5,4,3,2,1,0,0,0,0,0,0,0,0,0,0,0,0,0,0,0,0,0,0,0,0,0,0,
MIF,5,4,3,2,1,0,0,0,0,0,0,0,0,0,0,0,0,0,0,0,0,0,0,0,0,0,0,
MINPP1,5,4,3,2,1,0,0,0,0,0,0,0,0,0,0,0,0,0,0,0,0,0,0,0,0,0,0,
MIOS,5,4,3,2,1,0,0,0,0,0,0,0,0,0,0,0,0,0,0,0,0,0,0,0,0,0,0,
MIOX,5,4,3,2,1,0,0,0,0,0,0,0,0,0,0,0,0,0,0,0,0,0,0,0,0,0,0,
MITF,5,6,7,8,9,9,9,9,9,9,9,9,9,9,9,9,9,9,9,9,9,9,9,9,9,9,9,
MKNK2,5,5,6,7,8,9,9,9,9,9,9,9,9,9,9,9,9,9,9,9,9,9,9,9,9,9,9,
MLH1-PMS2,0,1,2,3,4,3,2,1,0,0,0,0,0,0,0,0,0,0,0,0,0,0,0,0,0,0,0,
MLKL,5,4,3,2,1,0,0,0,0,0,0,0,0,0,0,0,0,0,0,0,0,0,0,0,0,0,0,
MLN,5,4,3,2,1,0,0,0,0,0,0,0,0,0,0,0,0,0,0,0,0,0,0,0,0,0,0,
MLNR,5,5,4,3,2,1,0,0,0,0,0,0,0,0,0,0,0,0,0,0,0,0,0,0,0,0,0,
MLST8,5,4,3,2,1,0,0,0,0,0,0,0,0,0,0,0,0,0,0,0,0,0,0,0,0,0,0,
MLYCD,5,5,6,7,8,9,9,9,9,9,9,9,9,9,9,9,9,9,9,9,9,9,9,9,9,9,9,
MMACHC,5,4,3,2,1,0,0,0,0,0,0,0,0,0,0,0,0,0,0,0,0,0,0,0,0,0,0,
MMP1,9,8,7,6,5,4,3,2,1,0,0,0,0,0,0,0,0,0,0,0,0,0,0,0,0,0,0,
MMP14,5,4,3,2,1,0,0,0,0,0,0,0,0,0,0,0,0,0,0,0,0,0,0,0,0,0,0,
MMP2,5,5,6,7,8,9,9,9,9,9,9,9,9,9,9,9,9,9,9,9,9,9,9,9,9,9,9,
MMP7,5,5,4,3,2,1,0,0,0,0,0,0,0,0,0,0,0,0,0,0,0,0,0,0,0,0,0,
MMUT,5,4,3,2,1,0,0,0,0,0,0,0,0,0,0,0,0,0,0,0,0,0,0,0,0,0,0,
MOB1A,5,5,5,6,7,8,9,9,9,9,9,9,9,9,9,9,9,9,9,9,9,9,9,9,9,9,9,
MOCOS,5,4,3,2,1,0,0,0,0,0,0,0,0,0,0,0,0,0,0,0,0,0,0,0,0,0,0,
MOCS1,5,4,3,2,1,0,0,0,0,0,0,0,0,0,0,0,0,0,0,0,0,0,0,0,0,0,0,
MOCS2,5,4,3,2,1,0,0,0,0,0,0,0,0,0,0,0,0,0,0,0,0,0,0,0,0,0,0,
MOCS3,5,6,7,8,7,6,5,4,3,2,1,0,0,0,0,0,0,0,0,0,0,0,0,0,0,0,0,
MOGAT1,5,4,3,2,1,0,0,0,0,0,0,0,0,0,0,0,0,0,0,0,0,0,0,0,0,0,0,
MOGAT3,5,4,3,2,1,0,0,0,0,0,0,0,0,0,0,0,0,0,0,0,0,0,0,0,0,0,0,
MOGS,5,4,3,2,1,0,0,0,0,0,0,0,0,0,0,0,0,0,0,0,0,0,0,0,0,0,0,
MOS,5,5,4,3,2,1,0,0,0,0,0,0,0,0,0,0,0,0,0,0,0,0,0,0,0,0,0,
MOSMO,5,4,3,2,1,0,0,0,0,0,0,0,0,0,0,0,0,0,0,0,0,0,0,0,0,0,0,
MPDZ,5,4,3,2,1,0,0,0,0,0,0,0,0,0,0,0,0,0,0,0,0,0,0,0,0,0,0,
MPI,5,4,3,2,1,0,0,0,0,0,0,0,0,0,0,0,0,0,0,0,0,0,0,0,0,0,0,
MPL,5,5,4,3,2,1,0,0,0,0,0,0,0,0,0,0,0,0,0,0,0,0,0,0,0,0,0,
MPO,5,4,3,2,1,0,0,0,0,0,0,0,0,0,0,0,0,0,0,0,0,0,0,0,0,0,0,
MPP4,5,4,3,2,1,0,0,0,0,0,0,0,0,0,0,0,0,0,0,0,0,0,0,0,0,0,0,
MPP5,5,4,3,2,1,0,0,0,0,0,0,0,0,0,0,0,0,0,0,0,0,0,0,0,0,0,0,
MPST,5,5,4,3,2,1,0,0,0,0,0,0,0,0,0,0,0,0,0,0,0,0,0,0,0,0,0,
MPZ,5,4,3,2,1,0,0,0,0,0,0,0,0,0,0,0,0,0,0,0,0,0,0,0,0,0,0,
MRAS,5,6,7,8,9,9,9,9,9,9,9,9,9,9,9,9,9,9,9,9,9,9,9,9,9,9,9,
MRGPRD,5,4,3,2,1,0,0,0,0,0,0,0,0,0,0,0,0,0,0,0,0,0,0,0,0,0,0,
MRI1,5,4,3,2,1,0,0,0,0,0,0,0,0,0,0,0,0,0,0,0,0,0,0,0,0,0,0,
MRVI1,5,5,4,3,2,3,4,5,6,7,8,9,9,9,9,9,9,9,9,9,9,9,9,9,9,9,9,
MS4A2,5,5,5,5,4,5,6,7,7,8,8,8,9,9,9,9,9,9,9,9,9,9,9,9,9,9,9,
MS4A2-FCER1A,0,0,0,0,0,0,0,0,0,0,0,0,0,0,0,0,0,0,0,0,0,0,0,0,0,0,0,
MSI2,5,4,3,2,1,0,0,0,0,0,0,0,0,0,0,0,0,0,0,0,0,0,0,0,0,0,0,
MSMO1,5,4,3,2,1,0,0,0,0,0,0,0,0,0,0,0,0,0,0,0,0,0,0,0,0,0,0,
MSN,5,6,7,8,9,9,9,9,9,9,9,9,9,9,9,9,9,9,9,9,9,9,9,9,9,9,9,
MSTN,5,4,3,2,1,0,0,0,0,0,0,0,0,0,0,0,0,0,0,0,0,0,0,0,0,0,0,
MT1A,5,4,3,2,1,0,0,0,0,0,0,0,0,0,0,0,0,0,0,0,0,0,0,0,0,0,0,
MTAP,5,4,3,2,1,0,0,0,0,0,0,0,0,0,0,0,0,0,0,0,0,0,0,0,0,0,0,
MTCP1,5,4,3,2,1,0,0,0,0,0,0,0,0,0,0,0,0,0,0,0,0,0,0,0,0,0,0,
MTFMT,5,4,3,2,1,0,0,0,0,0,0,0,0,0,0,0,0,0,0,0,0,0,0,0,0,0,0,
MTHFD1,5,4,3,2,1,0,0,0,0,0,0,0,0,0,0,0,0,0,0,0,0,0,0,0,0,0,0,
MTHFD1L,5,4,3,2,1,0,0,0,0,0,0,0,0,0,0,0,0,0,0,0,0,0,0,0,0,0,0,
MTHFD2,5,4,3,2,1,0,0,0,0,0,0,0,0,0,0,0,0,0,0,0,0,0,0,0,0,0,0,
MTHFR,5,4,3,2,1,0,0,0,0,0,0,0,0,0,0,0,0,0,0,0,0,0,0,0,0,0,0,
MTM1,5,4,3,2,1,0,0,0,0,0,0,0,0,0,0,0,0,0,0,0,0,0,0,0,0,0,0,
MTMR14,5,4,3,2,1,0,0,0,0,0,0,0,0,0,0,0,0,0,0,0,0,0,0,0,0,0,0,
MTMR3,5,4,3,2,1,0,0,0,0,0,0,0,0,0,0,0,0,0,0,0,0,0,0,0,0,0,0,
MTNR1A,5,4,3,2,1,0,0,0,0,0,0,0,0,0,0,0,0,0,0,0,0,0,0,0,0,0,0,
MTNR1B,5,4,3,2,1,0,0,0,0,0,0,0,0,0,0,0,0,0,0,0,0,0,0,0,0,0,0,
MTOR,5,6,7,8,9,9,9,9,9,9,9,9,9,9,9,9,9,9,9,9,9,9,9,9,9,9,9,
MTR,5,4,3,2,1,0,0,0,0,0,0,0,0,0,0,0,0,0,0,0,0,0,0,0,0,0,0,
MVB12B,5,4,3,2,1,0,0,0,0,0,0,0,0,0,0,0,0,0,0,0,0,0,0,0,0,0,0,
MVD,5,4,3,2,1,0,0,0,0,0,0,0,0,0,0,0,0,0,0,0,0,0,0,0,0,0,0,
MVK,5,4,3,2,1,0,0,0,0,0,0,0,0,0,0,0,0,0,0,0,0,0,0,0,0,0,0,
MYB,1,2,3,4,5,6,7,8,9,9,9,9,9,9,9,9,9,9,9,9,9,9,9,9,9,9,9,
MYC,5,6,7,8,9,9,9,9,9,9,9,9,9,9,9,9,9,9,9,9,9,9,9,9,9,9,9,
MYD88,5,6,7,8,9,9,9,9,9,9,9,9,9,9,9,9,9,9,9,9,9,9,9,9,9,9,9,
MYD88-TIRAP,0,0,0,0,0,0,0,0,0,0,0,0,0,0,0,0,0,0,0,0,0,0,0,0,0,0,0,
MYD88-TOLLIP,0,1,2,3,2,1,0,0,0,0,0,0,0,0,0,0,0,0,0,0,0,0,0,0,0,0,0,
MYH6,5,6,7,8,9,9,9,9,9,9,9,9,9,9,9,9,9,9,9,9,9,9,9,9,9,9,9,
MYH9,5,4,3,2,1,0,0,0,0,0,0,0,0,0,0,0,0,0,0,0,0,0,0,0,0,0,0,
MYH9-MYL9,0,0,0,0,0,0,0,0,0,0,0,0,0,0,0,0,0,0,0,0,0,0,0,0,0,0,0,
MYL12B,5,5,6,7,8,9,8,7,6,5,4,3,2,1,0,0,0,0,0,0,0,0,0,0,0,0,0,
MYL2,5,6,7,8,9,9,9,9,9,9,9,9,9,9,9,9,9,9,9,9,9,9,9,9,9,9,9,
MYL9,5,6,7,6,5,4,3,4,5,6,7,8,9,9,9,9,9,9,9,9,9,9,9,9,9,9,9,
MYL9-MYH9,0,0,0,0,0,0,0,0,0,0,0,0,0,0,0,0,0,0,0,0,0,0,0,0,0,0,0,
MYLK4,5,4,3,2,1,1,2,3,4,4,4,3,2,1,0,0,0,0,0,0,0,0,0,0,0,0,0,
MYO10,9,9,9,9,9,9,9,9,9,9,9,9,9,9,9,9,9,9,9,9,9,9,9,9,9,9,9,
NADK2,5,4,3,2,1,0,0,0,0,0,0,0,0,0,0,0,0,0,0,0,0,0,0,0,0,0,0,
NADSYN1,5,4,3,2,1,0,0,0,0,0,0,0,0,0,0,0,0,0,0,0,0,0,0,0,0,0,0,
NAGA,5,4,3,2,1,0,0,0,0,0,0,0,0,0,0,0,0,0,0,0,0,0,0,0,0,0,0,
NAGK,5,4,3,2,1,0,0,0,0,0,0,0,0,0,0,0,0,0,0,0,0,0,0,0,0,0,0,
NAGLU,5,4,3,2,1,0,0,0,0,0,0,0,0,0,0,0,0,0,0,0,0,0,0,0,0,0,0,
NAGS,5,4,3,2,1,0,0,0,0,0,0,0,0,0,0,0,0,0,0,0,0,0,0,0,0,0,0,
NAIP,5,4,3,2,1,0,0,0,0,0,0,0,0,0,0,0,0,0,0,0,0,0,0,0,0,0,0,
NAMPT,5,4,3,2,1,0,0,0,0,0,0,0,0,0,0,0,0,0,0,0,0,0,0,0,0,0,0,
NANOGP8,0,1,2,3,4,5,6,7,8,9,9,9,9,9,9,9,9,9,9,9,9,9,9,9,9,9,9,
NANP,5,4,3,2,1,0,0,0,0,0,0,0,0,0,0,0,0,0,0,0,0,0,0,0,0,0,0,
NANS,5,4,3,2,1,0,0,0,0,0,0,0,0,0,0,0,0,0,0,0,0,0,0,0,0,0,0,
NAPRT,5,4,3,2,1,0,0,0,0,0,0,0,0,0,0,0,0,0,0,0,0,0,0,0,0,0,0,
NARS1,5,4,3,2,1,0,0,0,0,0,0,0,0,0,0,0,0,0,0,0,0,0,0,0,0,0,0,
NAT2,5,4,3,2,1,0,0,0,0,0,0,0,0,0,0,0,0,0,0,0,0,0,0,0,0,0,0,
NAT8B,5,4,3,2,1,0,0,0,0,0,0,0,0,0,0,0,0,0,0,0,0,0,0,0,0,0,0,
NAT8L,5,4,3,2,1,0,0,0,0,0,0,0,0,0,0,0,0,0,0,0,0,0,0,0,0,0,0,
NCALD,9,8,7,6,5,4,5,6,7,8,9,9,9,9,9,9,9,9,9,9,9,9,9,9,9,9,9,
NCAM1,5,4,3,2,1,0,0,0,0,0,0,0,0,0,0,0,0,0,0,0,0,0,0,0,0,0,0,
NCBP1,5,4,3,2,1,0,0,0,0,0,0,0,0,0,0,0,0,0,0,0,0,0,0,0,0,0,0,
NCBP2,5,4,3,2,1,0,0,0,0,0,0,0,0,0,0,0,0,0,0,0,0,0,0,0,0,0,0,
NCF1,5,6,7,8,9,9,9,9,9,9,9,9,9,9,9,9,9,9,9,9,9,9,9,9,9,9,9,
NCK1,5,4,3,2,1,0,0,0,0,0,0,0,0,0,0,0,0,0,0,0,0,0,0,0,0,0,0,
NCK2,5,5,4,3,2,1,0,0,0,0,0,0,0,0,0,0,0,0,0,0,0,0,0,0,0,0,0,
NCK2-PAK4,0,1,2,3,4,5,6,7,8,9,9,9,9,9,9,9,9,9,9,9,9,9,9,9,9,9,9,
NCOA2-ESR1,0,0,0,0,0,0,0,0,0,0,0,0,0,0,0,0,0,0,0,0,0,0,0,0,0,0,0,
NCOR1-SIN3A,0,0,0,0,0,0,0,0,0,0,0,0,0,0,0,0,0,0,0,0,0,0,0,0,0,0,0,
NCR1,5,5,6,7,8,9,9,9,9,9,9,9,9,9,9,9,9,9,9,9,9,9,9,9,9,9,9,
NCR2,5,4,3,2,1,0,0,0,0,0,0,0,0,0,0,0,0,0,0,0,0,0,0,0,0,0,0,
NCR3,5,4,3,2,1,0,0,0,0,0,0,0,0,0,0,0,0,0,0,0,0,0,0,0,0,0,0,
NDUFC2-KCTD14,5,4,3,2,1,0,0,0,0,0,0,0,0,0,0,0,0,0,0,0,0,0,0,0,0,0,0,
NECTIN1,5,4,3,2,1,0,0,0,0,0,0,0,0,0,0,0,0,0,0,0,0,0,0,0,0,0,0,
NECTIN2,5,4,3,2,1,0,0,0,0,0,0,0,0,0,0,0,0,0,0,0,0,0,0,0,0,0,0,
NECTIN3,5,4,3,2,1,0,0,0,0,0,0,0,0,0,0,0,0,0,0,0,0,0,0,0,0,0,0,
NEDD4L,5,4,3,2,1,0,0,0,0,0,0,0,0,0,0,0,0,0,0,0,0,0,0,0,0,0,0,
NEGR1,1,0,0,0,0,0,0,0,0,0,0,0,0,0,0,0,0,0,0,0,0,0,0,0,0,0,0,
NEK7,5,4,3,2,1,0,0,0,0,0,0,0,0,0,0,0,0,0,0,0,0,0,0,0,0,0,0,
NEO1,5,6,7,7,6,5,4,3,2,1,0,0,0,0,0,0,0,0,0,0,0,0,0,0,0,0,0,
NEU3,5,4,3,2,1,0,0,0,0,0,0,0,0,0,0,0,0,0,0,0,0,0,0,0,0,0,0,
NF1,5,4,3,2,1,0,0,0,0,0,0,0,0,0,0,0,0,0,0,0,0,0,0,0,0,0,0,
NF2,9,8,7,6,5,4,3,2,1,0,0,0,0,0,0,0,0,0,0,0,0,0,0,0,0,0,0,
NFASC,5,4,3,2,1,0,0,0,0,0,0,0,0,0,0,0,0,0,0,0,0,0,0,0,0,0,0,
NFATC1,5,6,7,8,9,9,9,9,9,9,9,9,9,9,9,9,9,9,9,9,9,9,9,9,9,9,9,
NFATC2,9,8,7,6,5,5,6,7,8,9,9,9,9,9,9,9,9,9,9,9,9,9,9,9,9,9,9,
NFATC3,5,4,3,2,1,0,0,0,0,0,0,0,0,0,0,0,0,0,0,0,0,0,0,0,0,0,0,
NFE2L2,5,5,4,3,2,1,0,0,0,0,0,0,0,0,0,0,0,0,0,0,0,0,0,0,0,0,0,
NFKB1,5,6,7,8,9,9,9,9,9,9,9,9,9,9,9,9,9,9,9,9,9,9,9,9,9,9,9,
NFKB1-NFKBIA,0,1,2,3,2,1,1,2,3,4,5,6,7,8,9,9,9,9,9,9,9,9,9,9,9,9,9,
NFKB1-RELA,0,0,0,0,0,0,0,0,0,0,0,0,0,0,0,0,0,0,0,0,0,0,0,0,0,0,0,
NFKB2,9,8,7,7,8,9,9,9,9,9,9,9,9,9,9,9,9,9,9,9,9,9,9,9,9,9,9,
NFKBIA,1,2,3,4,5,6,7,8,9,9,9,9,9,9,9,9,9,9,9,9,9,9,9,9,9,9,9,
NFS1,5,4,3,2,1,0,0,0,0,0,0,0,0,0,0,0,0,0,0,0,0,0,0,0,0,0,0,
NFYA,5,5,4,3,2,1,0,0,0,0,0,0,0,0,0,0,0,0,0,0,0,0,0,0,0,0,0,
NGEF,5,6,7,8,9,8,7,6,5,4,3,2,1,0,0,0,0,0,0,0,0,0,0,0,0,0,0,
NGF,5,4,3,2,1,0,0,0,0,0,0,0,0,0,0,0,0,0,0,0,0,0,0,0,0,0,0,
NGFR,5,6,7,8,9,9,9,9,9,9,9,9,9,9,9,9,9,9,9,9,9,9,9,9,9,9,9,
NIT2,5,4,3,2,1,0,0,0,0,0,0,0,0,0,0,0,0,0,0,0,0,0,0,0,0,0,0,
NKD1,5,4,3,2,1,0,0,0,0,0,0,0,0,0,0,0,0,0,0,0,0,0,0,0,0,0,0,
NLGN4Y,5,5,4,3,2,1,0,0,0,0,0,0,0,0,0,0,0,0,0,0,0,0,0,0,0,0,0,
NLK,5,5,6,7,8,9,9,9,9,9,9,9,9,9,9,9,9,9,9,9,9,9,9,9,9,9,9,
NLRC4,5,6,7,8,9,9,9,9,9,9,9,9,9,9,9,9,9,9,9,9,9,9,9,9,9,9,9,
NLRP1,5,4,3,2,2,3,4,3,2,1,0,0,0,0,0,0,0,0,0,0,0,0,0,0,0,0,0,
NLRP12,5,4,3,2,1,0,0,0,0,0,0,0,0,0,0,0,0,0,0,0,0,0,0,0,0,0,0,
NLRP3,5,6,7,8,9,9,9,9,9,9,9,9,9,9,9,9,9,9,9,9,9,9,9,9,9,9,9,
NLRP6,5,4,3,2,1,0,0,0,0,0,0,0,0,0,0,0,0,0,0,0,0,0,0,0,0,0,0,
NLRP7,5,4,3,2,1,0,0,0,0,0,0,0,0,0,0,0,0,0,0,0,0,0,0,0,0,0,0,
NLRX1,5,4,3,2,1,0,0,0,0,0,0,0,0,0,0,0,0,0,0,0,0,0,0,0,0,0,0,
NMD3,5,4,3,2,1,0,0,0,0,0,0,0,0,0,0,0,0,0,0,0,0,0,0,0,0,0,0,
NME6,5,4,3,2,1,0,0,0,0,0,0,0,0,0,0,0,0,0,0,0,0,0,0,0,0,0,0,
NMNAT2,5,4,3,2,1,0,0,0,0,0,0,0,0,0,0,0,0,0,0,0,0,0,0,0,0,0,0,
NMRK2,5,4,3,2,1,0,0,0,0,0,0,0,0,0,0,0,0,0,0,0,0,0,0,0,0,0,0,
NMU,5,4,3,2,1,0,0,0,0,0,0,0,0,0,0,0,0,0,0,0,0,0,0,0,0,0,0,
NMUR1,5,5,4,3,2,1,0,0,0,0,0,0,0,0,0,0,0,0,0,0,0,0,0,0,0,0,0,
NNMT,5,4,3,2,1,0,0,0,0,0,0,0,0,0,0,0,0,0,0,0,0,0,0,0,0,0,0,
NNT,5,4,3,2,1,0,0,0,0,0,0,0,0,0,0,0,0,0,0,0,0,0,0,0,0,0,0,
NOD1,5,5,4,3,2,1,0,0,0,0,0,0,0,0,0,0,0,0,0,0,0,0,0,0,0,0,0,
NOD2,9,8,7,6,5,4,3,2,1,0,0,0,0,0,0,0,0,0,0,0,0,0,0,0,0,0,0,
NODAL,5,4,3,2,1,0,0,0,0,0,0,0,0,0,0,0,0,0,0,0,0,0,0,0,0,0,0,
NOG,5,4,3,2,1,0,0,0,0,0,0,0,0,0,0,0,0,0,0,0,0,0,0,0,0,0,0,
NOS1,5,6,7,8,9,9,9,9,9,9,9,9,9,9,9,9,9,9,9,9,9,9,9,9,9,9,9,
NOS1AP,9,8,7,6,5,4,3,2,1,0,0,0,0,0,0,0,0,0,0,0,0,0,0,0,0,0,0,
NOS2,5,4,3,2,1,0,0,0,0,0,0,0,0,0,0,0,0,0,0,0,0,0,0,0,0,0,0,
NOS3,5,6,7,8,9,9,9,9,9,9,9,9,9,9,9,9,9,9,9,9,9,9,9,9,9,9,9,
NOTCH1,1,2,3,2,1,0,0,0,0,0,1,2,3,4,5,6,7,8,9,9,9,9,9,9,9,9,9,
NOTUM,1,0,0,0,0,0,0,0,0,0,0,0,0,0,0,0,0,0,0,0,0,0,0,0,0,0,0,
NPB,5,4,3,2,1,0,0,0,0,0,0,0,0,0,0,0,0,0,0,0,0,0,0,0,0,0,0,
NPBWR1,5,5,4,3,2,1,0,0,0,0,0,0,0,0,0,0,0,0,0,0,0,0,0,0,0,0,0,
NPFF,1,0,0,0,0,0,0,0,0,0,0,0,0,0,0,0,0,0,0,0,0,0,0,0,0,0,0,
NPFFR2,5,4,3,2,1,0,0,0,0,0,0,0,0,0,0,0,0,0,0,0,0,0,0,0,0,0,0,
NPL,5,4,3,2,1,0,0,0,0,0,0,0,0,0,0,0,0,0,0,0,0,0,0,0,0,0,0,
NPLOC4,5,4,3,2,1,0,0,0,0,0,0,0,0,0,0,0,0,0,0,0,0,0,0,0,0,0,0,
NPNT-FREM1,0,0,0,0,0,0,0,0,0,0,0,0,0,0,0,0,0,0,0,0,0,0,0,0,0,0,0,
NPPA,5,4,3,2,1,0,0,0,0,0,0,0,0,0,0,0,0,0,0,0,0,0,0,0,0,0,0,
NPPB,5,5,6,7,8,9,9,9,9,9,9,9,9,9,9,9,9,9,9,9,9,9,9,9,9,9,9,
NPPC,1,0,0,0,0,0,0,0,0,0,0,0,0,0,0,0,0,0,0,0,0,0,0,0,0,0,0,
NPR1,5,6,7,8,9,9,9,9,9,9,9,9,9,9,9,9,9,9,9,9,9,9,9,9,9,9,9,
NPR2,5,4,3,2,1,0,0,0,0,0,0,0,0,0,0,0,0,0,0,0,0,0,0,0,0,0,0,
NPRL2,5,4,3,2,1,0,0,0,0,0,0,0,0,0,0,0,0,0,0,0,0,0,0,0,0,0,0,
NPY,5,4,3,2,1,0,0,0,0,0,0,0,0,0,0,0,0,0,0,0,0,0,0,0,0,0,0,
NPY1R,1,2,3,3,2,1,0,0,0,0,0,0,0,0,0,0,0,0,0,0,0,0,0,0,0,0,0,
NPY4R2,5,5,4,3,2,1,0,0,0,0,0,0,0,0,0,0,0,0,0,0,0,0,0,0,0,0,0,
NQO1,5,4,3,2,1,0,0,0,0,0,0,0,0,0,0,0,0,0,0,0,0,0,0,0,0,0,0,
NR0B2,1,2,3,3,2,1,0,0,0,0,0,0,0,0,0,0,0,0,0,0,0,0,0,0,0,0,0,
NR1D1,5,4,3,2,1,0,0,0,0,0,0,0,0,0,0,0,0,0,0,0,0,0,0,0,0,0,0,
NR1H3,5,4,3,2,1,0,0,0,0,0,0,0,0,0,0,0,0,0,0,0,0,0,0,0,0,0,0,
NR1H4,5,4,3,2,1,0,0,0,0,0,0,0,0,0,0,0,0,0,0,0,0,0,0,0,0,0,0,
NR3C1,1,0,0,0,0,0,0,0,0,0,0,0,0,0,0,0,0,0,0,0,0,0,0,0,0,0,0,
NR3C2,1,0,0,0,0,0,0,0,0,0,0,0,0,0,0,0,0,0,0,0,0,0,0,0,0,0,0,
NR4A1,5,4,3,2,1,0,0,0,0,0,0,0,0,0,0,0,0,0,0,0,0,0,0,0,0,0,0,
NR4A2,5,4,3,2,1,0,0,0,0,0,0,0,0,0,0,0,0,0,0,0,0,0,0,0,0,0,0,
NRBF2,5,6,7,8,9,9,9,9,9,8,7,6,5,4,3,2,1,0,0,0,0,0,0,0,0,0,0,
NRCAM,5,5,4,3,2,1,0,0,0,0,0,0,0,0,0,0,0,0,0,0,0,0,0,0,0,0,0,
NRG1,9,8,7,6,5,4,3,2,1,0,0,0,0,0,0,0,0,0,0,0,0,0,0,0,0,0,0,
NRG2,5,4,3,2,1,0,0,0,0,0,0,0,0,0,0,0,0,0,0,0,0,0,0,0,0,0,0,
NRG3,5,4,3,2,1,0,0,0,0,0,0,0,0,0,0,0,0,0,0,0,0,0,0,0,0,0,0,
NRG4,5,4,3,2,1,0,0,0,0,0,0,0,0,0,0,0,0,0,0,0,0,0,0,0,0,0,0,
NRP1,5,6,7,6,5,4,3,2,1,0,0,0,0,0,0,0,0,0,0,0,0,0,0,0,0,0,0,
NRXN3,5,4,3,2,1,0,0,0,0,0,0,0,0,0,0,0,0,0,0,0,0,0,0,0,0,0,0,
NSDHL,5,4,3,2,1,0,0,0,0,0,0,0,0,0,0,0,0,0,0,0,0,0,0,0,0,0,0,
NSF,5,4,3,2,1,0,0,0,0,0,0,0,0,0,0,0,0,0,0,0,0,0,0,0,0,0,0,
NSMAF,5,5,6,7,8,9,9,9,9,9,9,9,9,9,9,9,9,9,9,9,9,9,9,9,9,9,9,
NT5C1B-RDH14,5,4,3,2,1,0,0,0,0,0,0,0,0,0,0,0,0,0,0,0,0,0,0,0,0,0,0,
NTF3,5,4,3,2,1,0,0,0,0,0,0,0,0,0,0,0,0,0,0,0,0,0,0,0,0,0,0,
NTF4,5,4,3,2,1,0,0,0,0,0,0,0,0,0,0,0,0,0,0,0,0,0,0,0,0,0,0,
NTN1,9,8,7,6,5,4,3,2,1,0,0,0,0,0,0,0,0,0,0,0,0,0,0,0,0,0,0,
NTNG1,5,5,4,3,2,1,0,0,0,0,0,0,0,0,0,0,0,0,0,0,0,0,0,0,0,0,0,
NTNG2,5,5,4,3,2,1,0,0,0,0,0,0,0,0,0,0,0,0,0,0,0,0,0,0,0,0,0,
NTPCR,5,4,3,2,1,0,0,0,0,0,0,0,0,0,0,0,0,0,0,0,0,0,0,0,0,0,0,
NTRK1,5,6,7,6,5,4,3,2,1,0,0,0,0,0,0,0,0,0,0,0,0,0,0,0,0,0,0,
NTRK2,5,6,7,8,9,9,9,9,9,9,9,9,9,9,9,9,9,9,9,9,9,9,9,9,9,9,9,
NTRK3,5,5,4,3,2,1,0,0,0,0,0,0,0,0,0,0,0,0,0,0,0,0,0,0,0,0,0,
NTS,9,8,7,6,5,4,3,2,1,0,0,0,0,0,0,0,0,0,0,0,0,0,0,0,0,0,0,
NTSR2,1,2,3,4,5,5,4,3,2,1,0,0,0,0,0,0,0,0,0,0,0,0,0,0,0,0,0,
NUDT12,5,4,3,2,1,0,0,0,0,0,0,0,0,0,0,0,0,0,0,0,0,0,0,0,0,0,0,
NUDT16,5,4,3,2,1,0,0,0,0,0,0,0,0,0,0,0,0,0,0,0,0,0,0,0,0,0,0,
NUDT2,5,4,3,2,1,0,0,0,0,0,0,0,0,0,0,0,0,0,0,0,0,0,0,0,0,0,0,
NUDT21,5,4,3,2,1,0,0,0,0,0,0,0,0,0,0,0,0,0,0,0,0,0,0,0,0,0,0,
NUDT5,5,4,3,2,1,0,0,0,0,0,0,0,0,0,0,0,0,0,0,0,0,0,0,0,0,0,0,
NUMB,5,4,3,2,1,0,0,0,0,0,0,0,0,0,0,0,0,0,0,0,0,0,0,0,0,0,0,
NUP107,5,4,3,2,1,0,0,0,0,0,0,0,0,0,0,0,0,0,0,0,0,0,0,0,0,0,0,
NUP133,5,4,3,2,1,0,0,0,0,0,0,0,0,0,0,0,0,0,0,0,0,0,0,0,0,0,0,
NUP153,5,4,3,2,1,0,0,0,0,0,0,0,0,0,0,0,0,0,0,0,0,0,0,0,0,0,0,
NUP155,5,4,3,2,1,0,0,0,0,0,0,0,0,0,0,0,0,0,0,0,0,0,0,0,0,0,0,
NUP160,5,4,3,2,1,0,0,0,0,0,0,0,0,0,0,0,0,0,0,0,0,0,0,0,0,0,0,
NUP188,5,4,3,2,1,0,0,0,0,0,0,0,0,0,0,0,0,0,0,0,0,0,0,0,0,0,0,
NUP205,5,4,3,2,1,0,0,0,0,0,0,0,0,0,0,0,0,0,0,0,0,0,0,0,0,0,0,
NUP214,5,4,3,2,1,0,0,0,0,0,0,0,0,0,0,0,0,0,0,0,0,0,0,0,0,0,0,
NUP35,5,4,3,2,1,0,0,0,0,0,0,0,0,0,0,0,0,0,0,0,0,0,0,0,0,0,0,
NUP37,5,4,3,2,1,0,0,0,0,0,0,0,0,0,0,0,0,0,0,0,0,0,0,0,0,0,0,
NUP42,5,4,3,2,1,0,0,0,0,0,0,0,0,0,0,0,0,0,0,0,0,0,0,0,0,0,0,
NUP43,5,4,3,2,1,0,0,0,0,0,0,0,0,0,0,0,0,0,0,0,0,0,0,0,0,0,0,
NUP54,5,4,3,2,1,0,0,0,0,0,0,0,0,0,0,0,0,0,0,0,0,0,0,0,0,0,0,
NUP58,5,4,3,2,1,0,0,0,0,0,0,0,0,0,0,0,0,0,0,0,0,0,0,0,0,0,0,
NUP62,5,4,3,2,1,0,0,0,0,0,0,0,0,0,0,0,0,0,0,0,0,0,0,0,0,0,0,
NUP85,5,4,3,2,1,0,0,0,0,0,0,0,0,0,0,0,0,0,0,0,0,0,0,0,0,0,0,
NUP88,5,4,3,2,1,0,0,0,0,0,0,0,0,0,0,0,0,0,0,0,0,0,0,0,0,0,0,
NUP93,5,4,3,2,1,0,0,0,0,0,0,0,0,0,0,0,0,0,0,0,0,0,0,0,0,0,0,
NUP98,5,4,3,2,1,0,0,0,0,0,0,0,0,0,0,0,0,0,0,0,0,0,0,0,0,0,0,
NUS1,5,4,3,2,1,0,0,0,0,0,0,0,0,0,0,0,0,0,0,0,0,0,0,0,0,0,0,
NXF1,5,4,3,2,1,0,0,0,0,0,0,0,0,0,0,0,0,0,0,0,0,0,0,0,0,0,0,
NXT1,5,4,3,2,1,0,0,0,0,0,0,0,0,0,0,0,0,0,0,0,0,0,0,0,0,0,0,
OAT,5,4,3,2,1,0,0,0,0,0,0,0,0,0,0,0,0,0,0,0,0,0,0,0,0,0,0,
OCLN,5,4,3,3,4,5,6,7,8,9,9,9,9,9,9,9,9,9,9,9,9,9,9,9,9,9,9,
ODC1,5,4,3,2,1,0,0,0,0,0,0,0,0,0,0,0,0,0,0,0,0,0,0,0,0,0,0,
OGDH,5,4,3,2,1,0,0,0,0,0,0,0,0,0,0,0,0,0,0,0,0,0,0,0,0,0,0,
OLAH,5,4,3,2,1,0,0,0,0,0,0,0,0,0,0,0,0,0,0,0,0,0,0,0,0,0,0,
OLR1,5,4,3,2,1,0,0,0,0,0,0,0,0,0,0,0,0,0,0,0,0,0,0,0,0,0,0,
OPLAH,5,4,3,2,1,0,0,0,0,0,0,0,0,0,0,0,0,0,0,0,0,0,0,0,0,0,0,
OPRD1,5,5,4,3,2,1,0,0,0,0,0,0,0,0,0,0,0,0,0,0,0,0,0,0,0,0,0,
OPRM1,5,5,5,6,7,8,9,9,9,9,9,9,9,9,9,9,9,9,9,9,9,9,9,9,9,9,9,
ORAI1,5,6,7,6,5,4,3,2,3,4,5,6,7,8,9,9,9,9,9,9,9,9,9,9,9,9,9,
ORAI2,5,5,4,3,2,1,0,0,0,0,0,0,0,0,0,0,0,0,0,0,0,0,0,0,0,0,0,
ORC6-ORC3,0,0,0,0,0,0,0,0,0,0,0,0,0,0,0,0,0,0,0,0,0,0,0,0,0,0,0,
OSM,5,4,3,2,1,0,0,0,0,0,0,0,0,0,0,0,0,0,0,0,0,0,0,0,0,0,0,
OSMR-IL6ST,0,1,2,3,2,1,0,0,0,0,0,0,0,0,0,0,0,0,0,0,0,0,0,0,0,0,0,
OTC,5,4,3,2,1,0,0,0,0,0,0,0,0,0,0,0,0,0,0,0,0,0,0,0,0,0,0,
OTUD5,5,4,3,2,1,0,0,0,0,0,0,0,0,0,0,0,0,0,0,0,0,0,0,0,0,0,0,
OXCT1,5,4,3,2,1,0,0,0,0,0,0,0,0,0,0,0,0,0,0,0,0,0,0,0,0,0,0,
OXSM,5,4,3,2,1,0,0,0,0,0,0,0,0,0,0,0,0,0,0,0,0,0,0,0,0,0,0,
OXT,5,4,3,2,1,0,0,0,0,0,0,0,0,0,0,0,0,0,0,0,0,0,0,0,0,0,0,
OXTR,1,2,3,3,2,1,0,0,0,0,0,0,0,0,0,0,0,0,0,0,0,0,0,0,0,0,0,
P2RX1,5,4,3,2,1,0,0,0,0,0,0,0,0,0,0,0,0,0,0,0,0,0,0,0,0,0,0,
P2RX2,5,4,3,2,1,0,0,0,0,0,0,0,0,0,0,0,0,0,0,0,0,0,0,0,0,0,0,
P2RX3,5,4,3,2,1,0,0,0,0,0,0,0,0,0,0,0,0,0,0,0,0,0,0,0,0,0,0,
P2RX7,5,4,3,2,1,0,0,0,0,0,0,0,0,0,0,0,0,0,0,0,0,0,0,0,0,0,0,
P2RY1,5,4,3,2,1,0,0,0,0,0,0,0,0,0,0,0,0,0,0,0,0,0,0,0,0,0,0,
P2RY12,5,4,3,2,1,0,0,0,0,0,0,0,0,0,0,0,0,0,0,0,0,0,0,0,0,0,0,
P2RY2,5,4,3,2,1,0,0,0,0,0,0,0,0,0,0,0,0,0,0,0,0,0,0,0,0,0,0,
P2RY4,5,4,3,2,1,0,0,0,0,0,0,0,0,0,0,0,0,0,0,0,0,0,0,0,0,0,0,
P4HA3,5,4,3,2,1,0,0,0,0,0,0,0,0,0,0,0,0,0,0,0,0,0,0,0,0,0,0,
PABPC4L,5,4,3,2,1,0,0,0,0,0,0,0,0,0,0,0,0,0,0,0,0,0,0,0,0,0,0,
PAFAH1B1,5,4,3,2,1,0,0,0,0,0,0,0,0,0,0,0,0,0,0,0,0,0,0,0,0,0,0,
PAH,5,4,3,2,1,0,0,0,0,0,0,0,0,0,0,0,0,0,0,0,0,0,0,0,0,0,0,
PAICS,5,4,3,2,1,0,0,0,0,0,0,0,0,0,0,0,0,0,0,0,0,0,0,0,0,0,0,
PAIP1,5,4,3,2,1,0,0,0,0,0,0,0,0,0,0,0,0,0,0,0,0,0,0,0,0,0,0,
PAK1,5,6,7,8,9,9,9,9,9,9,9,9,9,9,9,9,9,9,9,9,9,9,9,9,9,9,9,
PAK4,5,6,7,8,9,9,9,9,9,9,9,9,9,9,9,9,9,9,9,9,9,9,9,9,9,9,9,
PALB2-BRCA2,0,0,0,0,0,0,0,0,0,0,0,0,0,0,0,0,0,0,0,0,0,0,0,0,0,0,0,
PAN2,5,4,3,2,1,0,0,0,0,0,0,0,0,0,0,0,0,0,0,0,0,0,0,0,0,0,0,
PAN3,5,5,4,3,2,1,0,0,0,0,0,0,0,0,0,0,0,0,0,0,0,0,0,0,0,0,0,
PANK1,5,4,3,2,1,0,0,0,0,0,0,0,0,0,0,0,0,0,0,0,0,0,0,0,0,0,0,
PAPSS2,9,8,7,6,5,4,3,2,1,0,0,0,0,0,0,0,0,0,0,0,0,0,0,0,0,0,0,
PARD3,5,6,7,8,9,9,9,9,9,9,9,9,9,9,9,9,9,9,9,9,9,9,9,9,9,9,9,
PARD3-PRKCZ,0,1,2,3,4,5,6,7,8,9,9,9,9,9,9,9,9,9,9,9,9,9,9,9,9,9,9,
PARD6A,5,5,6,7,8,9,9,9,9,9,9,9,9,9,9,9,9,9,9,9,9,9,9,9,9,9,9,
PARP2,5,4,3,2,1,0,0,0,0,0,0,0,0,0,0,0,0,0,0,0,0,0,0,0,0,0,0,
PARVB,5,4,3,2,1,0,0,0,0,0,0,0,0,0,0,0,0,0,0,0,0,0,0,0,0,0,0,
PATJ,5,5,6,7,8,9,9,9,9,9,9,9,9,9,9,9,9,9,9,9,9,9,9,9,9,9,9,
PAX8,5,6,7,8,9,9,9,9,9,9,9,9,9,9,9,9,9,9,9,9,9,9,9,9,9,9,9,
PC,5,4,3,2,1,0,0,0,0,0,0,0,0,0,0,0,0,0,0,0,0,0,0,0,0,0,0,
PCBD1,5,4,3,2,1,0,0,0,0,0,0,0,0,0,0,0,0,0,0,0,0,0,0,0,0,0,0,
PCCA,5,4,3,2,1,0,0,0,0,0,0,0,0,0,0,0,0,0,0,0,0,0,0,0,0,0,0,
PCF11,5,4,3,2,1,0,0,0,0,0,0,0,0,0,0,0,0,0,0,0,0,0,0,0,0,0,0,
PCK1,5,6,7,8,9,9,8,8,8,8,8,9,9,9,9,9,9,9,9,9,9,9,9,9,9,9,9,
PCNA,5,5,6,7,8,9,9,9,9,9,9,9,9,9,9,9,9,9,9,9,9,9,9,9,9,9,9,
PCYT1A,5,4,3,2,1,0,0,0,0,0,0,0,0,0,0,0,0,0,0,0,0,0,0,0,0,0,0,
PCYT2,5,4,3,2,1,0,0,0,0,0,0,0,0,0,0,0,0,0,0,0,0,0,0,0,0,0,0,
PDCD1,5,6,7,8,9,9,9,9,9,9,9,9,9,9,9,9,9,9,9,9,9,9,9,9,9,9,9,
PDCD1LG2,5,4,3,2,1,0,0,0,0,0,0,0,0,0,0,0,0,0,0,0,0,0,0,0,0,0,0,
PDCD6IP,5,4,3,2,1,0,0,0,0,0,0,0,0,0,0,0,0,0,0,0,0,0,0,0,0,0,0,
PDE10A,5,4,3,2,1,0,0,0,0,0,0,0,0,0,0,0,0,0,0,0,0,0,0,0,0,0,0,
PDE1A,9,9,9,9,9,9,9,9,9,9,9,9,9,9,9,9,9,9,9,9,9,9,9,9,9,9,9,
PDE2A,5,4,3,2,3,4,5,6,7,8,9,9,9,9,9,9,9,9,9,9,9,9,9,9,9,9,9,
PDE3A,5,4,3,2,1,0,0,0,0,0,0,0,0,0,0,0,0,0,0,0,0,0,0,0,0,0,0,
PDE3B,5,5,4,3,4,5,6,7,8,9,9,9,9,9,9,9,9,9,9,9,9,9,9,9,9,9,9,
PDE6A,5,5,4,3,2,1,0,0,0,0,0,0,0,0,0,0,0,0,0,0,0,0,0,0,0,0,0,
PDE7B,5,4,3,2,1,0,0,0,0,0,0,0,0,0,0,0,0,0,0,0,0,0,0,0,0,0,0,
PDGFA,1,0,0,0,0,0,0,0,0,0,0,0,0,0,0,0,0,0,0,0,0,0,0,0,0,0,0,
PDHA1,5,4,3,2,1,0,0,0,0,0,0,0,0,0,0,0,0,0,0,0,0,0,0,0,0,0,0,
PDIA6,5,5,4,3,2,1,0,0,0,0,0,0,0,0,0,0,0,0,0,0,0,0,0,0,0,0,0,
PDK1,5,5,6,7,8,9,9,9,9,9,9,9,9,9,9,9,9,9,9,9,9,9,9,9,9,9,9,
PDPK1,5,6,7,8,9,9,9,9,9,9,9,9,9,9,9,9,9,9,9,9,9,9,9,9,9,9,9,
PDSS1,5,4,3,2,1,0,0,0,0,0,0,0,0,0,0,0,0,0,0,0,0,0,0,0,0,0,0,
PDX1,5,5,4,3,2,1,1,2,3,4,5,6,7,8,9,9,9,9,9,9,9,9,9,9,9,9,9,
PDXK,5,4,3,2,1,0,0,0,0,0,0,0,0,0,0,0,0,0,0,0,0,0,0,0,0,0,0,
PDYN,5,4,3,2,1,0,0,0,0,0,0,0,0,0,0,0,0,0,0,0,0,0,0,0,0,0,0,
PECAM1,5,4,3,2,1,0,0,0,0,0,0,0,0,0,0,0,0,0,0,0,0,0,0,0,0,0,0,
PELO,5,4,3,2,1,0,0,0,0,0,0,0,0,0,0,0,0,0,0,0,0,0,0,0,0,0,0,
PEMT,5,4,3,2,1,0,0,0,0,0,0,0,0,0,0,0,0,0,0,0,0,0,0,0,0,0,0,
PER1,5,6,7,8,9,9,9,9,9,9,9,9,9,9,9,9,9,9,9,9,9,9,9,9,9,9,9,
PERP,5,5,6,7,8,9,9,9,9,9,9,9,9,9,9,9,9,9,9,9,9,9,9,9,9,9,9,
PF4,5,4,3,2,1,0,0,0,0,0,0,0,0,0,0,0,0,0,0,0,0,0,0,0,0,0,0,
PFAS,5,4,3,2,1,0,0,0,0,0,0,0,0,0,0,0,0,0,0,0,0,0,0,0,0,0,0,
PFKFB1,5,6,7,8,9,9,9,9,9,9,9,9,9,9,9,9,9,9,9,9,9,9,9,9,9,9,9,
PFKFB2,5,5,4,3,4,5,6,7,8,9,9,9,9,9,9,9,9,9,9,9,9,9,9,9,9,9,9,
PFKFB3,5,4,3,2,1,0,0,0,0,0,0,0,0,0,0,0,0,0,0,0,0,0,0,0,0,0,0,
PFKL,5,5,6,7,8,9,9,9,9,9,9,9,9,9,9,9,9,9,9,9,9,9,9,9,9,9,9,
PFN3,5,6,7,8,9,9,9,9,9,9,9,9,9,9,9,9,9,9,9,9,9,9,9,9,9,9,9,
PGA5,5,4,3,2,1,0,0,0,0,0,0,0,0,0,0,0,0,0,0,0,0,0,0,0,0,0,0,
PGAM4,5,4,3,2,1,0,0,0,0,0,0,0,0,0,0,0,0,0,0,0,0,0,0,0,0,0,0,
PGAM5,5,5,4,3,2,1,0,0,0,0,0,0,0,0,0,0,0,0,0,0,0,0,0,0,0,0,0,
PGAP1,5,4,3,2,1,0,0,0,0,0,0,0,0,0,0,0,0,0,0,0,0,0,0,0,0,0,0,
PGD,5,5,4,3,2,1,0,0,0,0,0,0,0,0,0,0,0,0,0,0,0,0,0,0,0,0,0,
PGK1,5,4,3,2,1,0,0,0,0,0,0,0,0,0,0,0,0,0,0,0,0,0,0,0,0,0,0,
PGLS,5,4,3,2,1,0,0,0,0,0,0,0,0,0,0,0,0,0,0,0,0,0,0,0,0,0,0,
PGM1,5,4,3,2,1,0,0,0,0,0,0,0,0,0,0,0,0,0,0,0,0,0,0,0,0,0,0,
PGM2,5,4,3,2,1,0,0,0,0,0,0,0,0,0,0,0,0,0,0,0,0,0,0,0,0,0,0,
PGM2L1,5,4,3,2,1,0,0,0,0,0,0,0,0,0,0,0,0,0,0,0,0,0,0,0,0,0,0,
PGM3,5,4,3,2,1,0,0,0,0,0,0,0,0,0,0,0,0,0,0,0,0,0,0,0,0,0,0,
PGP,5,4,3,2,1,0,0,0,0,0,0,0,0,0,0,0,0,0,0,0,0,0,0,0,0,0,0,
PGR,5,4,3,2,1,0,0,0,0,0,0,0,0,0,0,0,0,0,0,0,0,0,0,0,0,0,0,
PGS1,5,4,3,2,1,0,0,0,0,0,0,0,0,0,0,0,0,0,0,0,0,0,0,0,0,0,0,
PHAX,5,4,3,2,1,0,0,0,0,0,0,0,0,0,0,0,0,0,0,0,0,0,0,0,0,0,0,
PHGDH,9,8,7,6,5,4,3,2,1,0,0,0,0,0,0,0,0,0,0,0,0,0,0,0,0,0,0,
PHKA1,5,4,3,2,1,0,0,0,0,0,0,0,0,0,0,0,0,0,0,0,0,0,0,0,0,0,0,
PHKA1-CALML6,0,1,2,3,2,1,1,2,3,4,5,6,7,8,9,9,9,9,9,9,9,9,9,9,9,9,9,
PHLPP2,5,4,3,2,1,0,0,0,0,0,0,0,0,0,0,0,0,0,0,0,0,0,0,0,0,0,0,
PHOSPHO1,5,4,3,2,1,0,0,0,0,0,0,0,0,0,0,0,0,0,0,0,0,0,0,0,0,0,0,
PHOSPHO2,5,4,3,2,1,0,0,0,0,0,0,0,0,0,0,0,0,0,0,0,0,0,0,0,0,0,0,
PHYKPL,5,4,3,2,1,0,0,0,0,0,0,0,0,0,0,0,0,0,0,0,0,0,0,0,0,0,0,
PI4KA,5,4,3,2,1,0,0,0,0,0,0,0,0,0,0,0,0,0,0,0,0,0,0,0,0,0,0,
PIAS3,5,4,3,2,1,0,0,0,0,0,0,0,0,0,0,0,0,0,0,0,0,0,0,0,0,0,0,
PIDD1,5,5,6,7,8,9,9,9,9,9,9,9,9,9,9,9,9,9,9,9,9,9,9,9,9,9,9,
PIGB,5,4,3,2,1,0,0,0,0,0,0,0,0,0,0,0,0,0,0,0,0,0,0,0,0,0,0,
PIGF-PIGO,0,0,0,0,0,0,0,0,0,0,0,0,0,0,0,0,0,0,0,0,0,0,0,0,0,0,0,
PIGL,5,4,3,2,1,0,0,0,0,0,0,0,0,0,0,0,0,0,0,0,0,0,0,0,0,0,0,
PIGN,5,4,3,2,1,0,0,0,0,0,0,0,0,0,0,0,0,0,0,0,0,0,0,0,0,0,0,
PIGR,5,4,3,2,1,0,0,0,0,0,0,0,0,0,0,0,0,0,0,0,0,0,0,0,0,0,0,
PIGU-PIGT,0,0,0,0,0,0,0,0,0,0,0,0,0,0,0,0,0,0,0,0,0,0,0,0,0,0,0,
PIGV,5,4,3,2,1,0,0,0,0,0,0,0,0,0,0,0,0,0,0,0,0,0,0,0,0,0,0,
PIGW,5,4,3,2,1,0,0,0,0,0,0,0,0,0,0,0,0,0,0,0,0,0,0,0,0,0,0,
PIGX-PIGM,0,0,0,0,0,0,0,0,0,0,0,0,0,0,0,0,0,0,0,0,0,0,0,0,0,0,0,
PIGY-DPM2,0,0,0,0,0,0,0,0,0,0,0,0,0,0,0,0,0,0,0,0,0,0,0,0,0,0,0,
PIK3AP1,5,6,7,8,9,9,9,9,9,9,9,9,9,9,9,9,9,9,9,9,9,9,9,9,9,9,9,
PIK3C2A,5,4,3,2,1,0,0,0,0,0,0,0,0,0,0,0,0,0,0,0,0,0,0,0,0,0,0,
PIK3C3,5,6,7,8,9,9,9,9,9,9,9,9,9,8,7,6,5,4,3,2,1,0,0,0,0,0,0,
PIK3CA,5,6,7,8,9,9,9,9,9,9,9,9,9,9,9,9,9,9,9,9,9,9,9,9,9,9,9,
PIK3R4,5,4,3,2,1,0,0,0,0,0,0,0,0,0,0,0,0,0,0,0,0,0,0,0,0,0,0,
PIK3R6,5,6,7,8,9,9,9,9,9,9,9,9,9,9,9,9,9,9,9,9,9,9,9,9,9,9,9,
PIKFYVE,5,4,3,2,1,0,0,0,0,0,0,0,0,0,0,0,0,0,0,0,0,0,0,0,0,0,0,
PIM1,5,4,3,2,1,2,3,4,5,6,7,8,9,9,9,9,9,9,9,9,9,9,9,9,9,9,9,
PIN1,5,4,3,2,1,0,0,0,0,0,0,0,0,0,0,0,0,0,0,0,0,0,0,0,0,0,0,
PIP4K2A,5,4,3,2,1,0,0,0,0,0,0,0,0,0,0,0,0,0,0,0,0,0,0,0,0,0,0,
PIP4P2,5,4,3,2,1,0,0,0,0,0,0,0,0,0,0,0,0,0,0,0,0,0,0,0,0,0,0,
PIP5K1C,5,6,7,8,9,9,9,9,9,9,9,9,9,9,9,9,9,9,9,9,9,9,9,9,9,9,9,
PIP5KL1,5,4,3,2,1,0,0,0,0,0,0,0,0,0,0,0,0,0,0,0,0,0,0,0,0,0,0,
PIPOX,9,8,7,6,5,4,3,2,1,0,0,0,0,0,0,0,0,0,0,0,0,0,0,0,0,0,0,
PISD,5,4,3,2,1,0,0,0,0,0,0,0,0,0,0,0,0,0,0,0,0,0,0,0,0,0,0,
PITX2,5,4,3,2,1,0,0,0,0,0,0,0,0,0,0,0,0,0,0,0,0,0,0,0,0,0,0,
PKD1L3,5,4,3,2,1,0,0,0,0,0,0,0,0,0,0,0,0,0,0,0,0,0,0,0,0,0,0,
PKD2L1,5,4,3,2,1,0,0,0,0,0,0,0,0,0,0,0,0,0,0,0,0,0,0,0,0,0,0,
PKD2L1-PKD1L3,0,0,0,0,0,0,0,0,0,0,0,0,0,0,0,0,0,0,0,0,0,0,0,0,0,0,0,
PKLR,5,5,4,3,2,1,0,0,0,0,0,0,0,0,0,0,0,0,0,0,0,0,0,0,0,0,0,
PKM,5,4,3,2,1,0,0,0,0,0,0,0,0,0,0,0,0,0,0,0,0,0,0,0,0,0,0,
PKMYT1,5,4,3,2,1,0,0,0,0,0,0,0,0,0,0,0,0,0,0,0,0,0,0,0,0,0,0,
PKN1,5,5,6,7,8,9,9,9,9,9,9,9,9,9,9,9,9,9,9,9,9,9,9,9,9,9,9,
PKN1-YWHAE,0,0,0,0,0,0,0,0,0,0,0,0,0,0,0,0,0,0,0,0,0,0,0,0,0,0,0,
PKN3,5,5,6,7,8,9,9,9,9,9,9,9,9,9,9,9,9,9,9,9,9,9,9,9,9,9,9,
PLA1A,5,4,3,2,1,0,0,0,0,0,0,0,0,0,0,0,0,0,0,0,0,0,0,0,0,0,0,
PLA2G4B,5,6,7,8,9,9,9,9,9,9,9,9,9,9,9,9,9,9,9,9,9,9,9,9,9,9,9,
PLA2G6,5,6,7,8,9,9,9,9,9,9,9,9,9,9,9,9,9,9,9,9,9,9,9,9,9,9,9,
PLAAT3,5,5,4,3,2,1,2,3,4,5,4,3,2,1,0,0,0,0,0,0,0,0,0,0,0,0,0,
PLAT,5,4,3,2,1,0,0,0,0,0,0,0,0,0,0,0,0,0,0,0,0,0,0,0,0,0,0,
PLAU,9,8,7,6,5,4,3,2,1,0,0,0,0,0,0,0,0,0,0,0,0,0,0,0,0,0,0,
PLAUR,5,6,7,7,6,5,4,3,2,1,0,0,0,0,0,0,0,0,0,0,0,0,0,0,0,0,0,
PLCB1,5,6,7,8,9,9,9,9,9,9,9,9,9,9,9,9,9,9,9,9,9,9,9,9,9,9,9,
PLCD3,5,4,3,2,1,0,0,0,0,0,0,0,0,0,0,0,0,0,0,0,0,0,0,0,0,0,0,
PLCE1,5,6,7,8,9,9,9,9,9,9,9,9,9,9,9,9,9,9,9,9,9,9,9,9,9,9,9,
PLCG1,5,6,7,8,9,9,9,9,9,9,9,9,9,9,9,9,9,9,9,9,9,9,9,9,9,9,9,
PLCG2,5,4,3,2,1,0,0,0,0,0,0,0,0,0,0,0,0,0,0,0,0,0,0,0,0,0,0,
PLCL1,5,4,3,2,1,0,0,0,0,0,0,0,0,0,0,0,0,0,0,0,0,0,0,0,0,0,0,
PLCZ1,5,4,3,2,1,0,0,0,0,0,0,0,0,0,0,0,0,0,0,0,0,0,0,0,0,0,0,
PLD1,5,6,7,8,9,9,9,9,9,9,9,9,9,9,9,9,9,9,9,9,9,9,9,9,9,9,9,
PLD4,5,4,3,2,1,0,0,0,0,0,0,0,0,0,0,0,0,0,0,0,0,0,0,0,0,0,0,
PLG,5,6,7,8,9,9,8,7,6,5,4,3,2,1,0,0,0,0,0,0,0,0,0,0,0,0,0,
PLIN1,5,6,7,6,5,4,5,6,7,8,9,9,9,9,9,9,9,9,9,9,9,9,9,9,9,9,9,
PLIN2,5,4,3,2,1,0,0,0,0,0,0,0,0,0,0,0,0,0,0,0,0,0,0,0,0,0,0,
PLK1,5,5,4,3,2,1,0,0,0,0,0,0,0,0,0,0,0,0,0,0,0,0,0,0,0,0,0,
PLK4,5,5,4,4,5,6,7,8,8,8,8,9,9,9,9,9,9,9,9,9,9,9,9,9,9,9,9,
PLN,5,6,7,8,9,9,9,9,9,9,9,9,9,9,9,9,9,9,9,9,9,9,9,9,9,9,9,
PLOD1,5,4,3,2,1,0,0,0,0,0,0,0,0,0,0,0,0,0,0,0,0,0,0,0,0,0,0,
PLPP1,5,4,3,2,3,4,5,6,7,8,9,9,9,9,9,9,9,9,9,9,9,9,9,9,9,9,9,
PLPP4,5,4,3,2,1,0,0,0,0,0,0,0,0,0,0,0,0,0,0,0,0,0,0,0,0,0,0,
PLTP,9,8,7,6,5,4,3,2,1,0,0,0,0,0,0,0,0,0,0,0,0,0,0,0,0,0,0,
PLXNA1,5,6,7,8,9,9,9,9,9,9,9,9,9,9,9,9,9,9,9,9,9,9,9,9,9,9,9,
PLXNB2,5,5,4,3,2,1,0,0,0,0,0,0,0,0,0,0,0,0,0,0,0,0,0,0,0,0,0,
PLXNC1,5,4,3,2,1,0,0,0,0,0,0,0,0,0,0,0,0,0,0,0,0,0,0,0,0,0,0,
PMAIP1,5,5,6,7,8,9,9,9,9,9,9,9,9,9,9,9,9,9,9,9,9,9,9,9,9,9,9,
PMCH,5,4,3,2,1,0,0,0,0,0,0,0,0,0,0,0,0,0,0,0,0,0,0,0,0,0,0,
PMM1,5,4,3,2,1,0,0,0,0,0,0,0,0,0,0,0,0,0,0,0,0,0,0,0,0,0,0,
PMVK,5,4,3,2,1,0,0,0,0,0,0,0,0,0,0,0,0,0,0,0,0,0,0,0,0,0,0,
PNMT,5,4,3,2,1,0,0,0,0,0,0,0,0,0,0,0,0,0,0,0,0,0,0,0,0,0,0,
PNN,5,4,3,2,1,0,0,0,0,0,0,0,0,0,0,0,0,0,0,0,0,0,0,0,0,0,0,
PNP,5,4,3,2,1,0,0,0,0,0,0,0,0,0,0,0,0,0,0,0,0,0,0,0,0,0,0,
PNPLA2,5,4,3,2,1,0,0,0,0,0,0,0,0,0,0,0,0,0,0,0,0,0,0,0,0,0,0,
PNPLA4,5,4,3,2,1,0,0,0,0,0,0,0,0,0,0,0,0,0,0,0,0,0,0,0,0,0,0,
PNPLA6,5,4,3,2,1,0,0,0,0,0,0,0,0,0,0,0,0,0,0,0,0,0,0,0,0,0,0,
PNPO,5,4,3,2,1,0,0,0,0,0,0,0,0,0,0,0,0,0,0,0,0,0,0,0,0,0,0,
POC1B-GALNT4,5,4,3,2,1,0,0,0,0,0,0,0,0,0,0,0,0,0,0,0,0,0,0,0,0,0,0,
POMC,5,5,6,7,8,9,9,9,9,9,9,9,9,9,9,9,9,9,9,9,9,9,9,9,9,9,9,
PORCN,5,4,3,2,1,0,0,0,0,0,0,0,0,0,0,0,0,0,0,0,0,0,0,0,0,0,0,
POU5F1,5,4,3,2,3,4,5,6,7,8,9,9,9,9,9,9,9,9,9,9,9,9,9,9,9,9,9,
PPA2,5,4,3,2,1,0,0,0,0,0,0,0,0,0,0,0,0,0,0,0,0,0,0,0,0,0,0,
PPARA,5,6,7,8,7,6,5,4,3,4,5,6,7,8,9,9,9,9,9,9,9,9,9,9,9,9,9,
PPARA-RXRA,0,0,0,0,0,0,0,0,0,0,0,0,0,0,0,0,0,0,0,0,0,0,0,0,0,0,0,
PPARD,5,5,4,3,2,1,0,0,0,0,0,0,0,0,0,0,0,0,0,0,0,0,0,0,0,0,0,
PPARD-RXRA,0,0,0,0,0,0,0,0,0,0,0,0,0,0,0,0,0,0,0,0,0,0,0,0,0,0,0,
PPARG,9,8,7,6,6,7,7,6,5,4,3,2,1,0,0,0,0,0,0,0,0,0,0,0,0,0,0,
PPARG-RXRA,0,0,0,0,0,0,0,0,0,0,0,0,0,0,0,0,0,0,0,0,0,0,0,0,0,0,0,
PPARGC1A,5,6,7,8,9,9,9,9,9,9,9,9,9,9,9,9,9,9,9,9,9,9,9,9,9,9,9,
PPARGC1A-FOXO1,0,0,0,0,0,0,0,0,0,0,0,0,0,0,0,0,0,0,0,0,0,0,0,0,0,0,0,
PPARGC1A-PPARA,0,0,0,0,0,0,0,0,0,0,0,0,0,0,0,0,0,0,0,0,0,0,0,0,0,0,0,
PPAT,5,4,3,2,1,0,0,0,0,0,0,0,0,0,0,0,0,0,0,0,0,0,0,0,0,0,0,
PPBP,5,4,3,2,1,0,0,0,0,0,0,0,0,0,0,0,0,0,0,0,0,0,0,0,0,0,0,
PPCDC,5,4,3,2,1,0,0,0,0,0,0,0,0,0,0,0,0,0,0,0,0,0,0,0,0,0,0,
PPCS,5,4,3,2,1,0,0,0,0,0,0,0,0,0,0,0,0,0,0,0,0,0,0,0,0,0,0,
PPIF,5,4,3,2,1,0,0,0,0,0,0,0,0,0,0,0,0,0,0,0,0,0,0,0,0,0,0,
PPIP5K2,5,4,3,2,1,0,0,0,0,0,0,0,0,0,0,0,0,0,0,0,0,0,0,0,0,0,0,
PPM1A,5,4,3,2,1,0,0,0,0,0,0,0,0,0,0,0,0,0,0,0,0,0,0,0,0,0,0,
PPM1B,5,4,3,2,1,0,0,0,0,0,0,0,0,0,0,0,0,0,0,0,0,0,0,0,0,0,0,
PPM1D,5,5,6,7,8,9,9,9,9,9,9,9,9,9,9,9,9,9,9,9,9,9,9,9,9,9,9,
PPOX,5,4,3,2,1,0,0,0,0,0,0,0,0,0,0,0,0,0,0,0,0,0,0,0,0,0,0,
PPP1CA,5,4,3,2,1,2,3,4,5,5,5,4,3,2,1,0,0,0,0,0,0,0,0,0,0,0,0,
PPP1CA-TP53BP2,0,0,0,0,0,0,0,0,0,0,0,0,0,0,0,0,0,0,0,0,0,0,0,0,0,0,0,
PPP1R12A,5,4,3,2,1,1,2,3,4,5,6,7,8,9,9,9,9,9,9,9,9,9,9,9,9,9,9,
PPP1R14A,5,4,3,2,1,0,0,0,0,0,0,0,0,0,0,0,0,0,0,0,0,0,0,0,0,0,0,
PPP1R15A,5,6,7,8,9,9,9,9,9,9,9,9,9,9,9,9,9,9,9,9,9,9,9,9,9,9,9,
PPP1R17,5,5,4,3,2,3,4,5,6,7,8,9,9,9,9,9,9,9,9,9,9,9,9,9,9,9,9,
PPP1R1A,9,8,7,6,5,4,4,4,4,4,5,6,7,8,9,9,9,9,9,9,9,9,9,9,9,9,9,
PPP1R1B,5,4,3,2,1,0,0,0,0,0,0,0,0,0,0,0,0,0,0,0,0,0,0,0,0,0,0,
PPP2CA,5,5,4,3,2,3,2,1,0,0,0,0,0,0,0,0,0,0,0,0,0,0,0,0,0,0,0,
PPP2R3B,5,4,3,2,1,0,0,0,0,0,0,0,0,0,0,0,0,0,0,0,0,0,0,0,0,0,0,
PPP2R5A-PPP2CA,0,0,0,0,0,0,0,0,0,0,0,0,0,0,0,0,0,0,0,0,0,0,0,0,0,0,0,
PPP3CA,1,2,3,4,5,6,7,8,9,9,9,9,9,9,9,9,9,9,9,9,9,9,9,9,9,9,9,
PPP4R3C,0,1,2,3,4,5,6,7,8,9,9,9,9,9,9,9,9,9,9,9,9,9,9,9,9,9,9,
PPP5C,5,4,3,2,1,0,0,0,0,0,0,0,0,0,0,0,0,0,0,0,0,0,0,0,0,0,0,
PPT1,5,4,3,2,1,0,0,0,0,0,0,0,0,0,0,0,0,0,0,0,0,0,0,0,0,0,0,
PRAP1,5,4,3,2,1,0,0,0,0,0,0,0,0,0,0,0,0,0,0,0,0,0,0,0,0,0,0,
PRDM4,5,4,3,2,1,0,0,0,0,0,0,0,0,0,0,0,0,0,0,0,0,0,0,0,0,0,0,
PRDX6,5,4,3,2,1,0,0,0,0,0,0,0,0,0,0,0,0,0,0,0,0,0,0,0,0,0,0,
PREB,5,4,3,2,1,0,0,0,0,0,0,0,0,0,0,0,0,0,0,0,0,0,0,0,0,0,0,
PREX1,1,2,3,4,5,6,7,8,9,9,9,9,9,9,9,9,9,9,9,9,9,9,9,9,9,9,9,
PRICKLE1,1,0,0,0,0,0,0,0,0,0,0,0,0,0,0,0,0,0,0,0,0,0,0,0,0,0,0,
PRKAA1,5,6,7,8,9,9,9,9,9,9,9,9,9,9,9,9,9,9,9,9,9,9,9,9,9,9,9,
PRKACA,5,4,3,2,1,1,2,3,4,5,6,7,8,9,9,9,9,9,9,9,9,9,9,9,9,9,9,
PRKAG2,5,6,7,8,9,9,9,9,9,9,9,9,9,9,9,9,9,9,9,9,9,9,9,9,9,9,9,
PRKCA,5,6,7,8,9,9,9,9,9,9,9,9,9,9,9,9,9,9,9,9,9,9,9,9,9,9,9,
PRKCB,1,2,3,4,5,6,7,8,9,9,9,9,9,9,9,9,9,9,9,9,9,9,9,9,9,9,9,
PRKCD,5,6,7,8,9,9,9,9,9,9,9,9,9,9,9,9,9,9,9,9,9,9,9,9,9,9,9,
PRKCE,5,6,7,8,9,9,9,9,9,9,9,9,9,9,9,9,9,9,9,9,9,9,9,9,9,9,9,
PRKCI,5,5,6,7,8,9,9,9,9,9,9,9,9,9,9,9,9,9,9,9,9,9,9,9,9,9,9,
PRKCI-PARD6A,0,1,2,3,4,5,6,7,8,9,9,9,9,9,9,9,9,9,9,9,9,9,9,9,9,9,9,
PRKCQ,5,4,3,2,1,0,0,0,0,0,0,0,0,0,0,0,0,0,0,0,0,0,0,0,0,0,0,
PRKCZ,5,5,6,7,8,9,9,9,9,9,9,9,9,9,9,9,9,9,9,9,9,9,9,9,9,9,9,
PRKCZ-PARD6A,0,1,2,3,4,5,6,7,8,9,9,9,9,9,9,9,9,9,9,9,9,9,9,9,9,9,9,
PRKD3,5,5,6,7,8,9,9,9,9,9,9,9,9,9,9,9,9,9,9,9,9,9,9,9,9,9,9,
PRKDC,5,4,3,2,1,0,0,0,0,0,0,0,0,0,0,0,0,0,0,0,0,0,0,0,0,0,0,
PRKG1,5,4,3,2,3,4,5,6,7,8,9,9,9,9,9,9,9,9,9,9,9,9,9,9,9,9,9,
PRL,5,4,3,2,1,0,0,0,0,0,0,0,0,0,0,0,0,0,0,0,0,0,0,0,0,0,0,
PRLH,5,4,3,2,1,0,0,0,0,0,0,0,0,0,0,0,0,0,0,0,0,0,0,0,0,0,0,
PRLHR,5,5,4,3,2,1,0,0,0,0,0,0,0,0,0,0,0,0,0,0,0,0,0,0,0,0,0,
PRLR,5,5,5,4,3,2,1,0,0,0,0,0,0,0,0,0,0,0,0,0,0,0,0,0,0,0,0,
PRMT1,5,4,3,2,1,0,0,0,0,0,0,0,0,0,0,0,0,0,0,0,0,0,0,0,0,0,0,
PROC,9,8,7,6,5,4,4,3,2,1,0,0,0,0,0,0,0,0,0,0,0,0,0,0,0,0,0,
PROCR,5,4,3,2,1,0,0,0,0,0,0,0,0,0,0,0,0,0,0,0,0,0,0,0,0,0,0,
PRODH2,5,4,3,2,1,0,0,0,0,0,0,0,0,0,0,0,0,0,0,0,0,0,0,0,0,0,0,
PROS1,5,4,3,2,1,0,0,0,0,0,0,0,0,0,0,0,0,0,0,0,0,0,0,0,0,0,0,
PRPS1L1,5,4,3,2,1,0,0,0,0,0,0,0,0,0,0,0,0,0,0,0,0,0,0,0,0,0,0,
PRR5,5,4,3,2,1,0,0,0,0,0,0,0,0,0,0,0,0,0,0,0,0,0,0,0,0,0,0,
PRUNE1,5,4,3,2,1,0,0,0,0,0,0,0,0,0,0,0,0,0,0,0,0,0,0,0,0,0,0,
PRXL2B,5,4,3,2,1,0,0,0,0,0,0,0,0,0,0,0,0,0,0,0,0,0,0,0,0,0,0,
PSAT1,9,8,7,6,5,4,3,2,1,0,0,0,0,0,0,0,0,0,0,0,0,0,0,0,0,0,0,
PSEN1,5,4,3,2,1,0,0,0,0,0,0,0,0,0,0,0,0,0,0,0,0,0,0,0,0,0,0,
PSME3,5,6,7,8,9,9,9,9,9,9,9,9,9,9,9,9,9,9,9,9,9,9,9,9,9,9,9,
PSPH,5,4,3,2,1,0,0,0,0,0,0,0,0,0,0,0,0,0,0,0,0,0,0,0,0,0,0,
PSTK,5,4,3,2,1,0,0,0,0,0,0,0,0,0,0,0,0,0,0,0,0,0,0,0,0,0,0,
PSTPIP1,5,4,3,2,1,0,0,0,0,0,0,0,0,0,0,0,0,0,0,0,0,0,0,0,0,0,0,
PTAFR,5,4,3,2,1,0,0,0,0,0,0,0,0,0,0,0,0,0,0,0,0,0,0,0,0,0,0,
PTCH1,5,6,7,8,9,8,7,6,5,4,4,5,6,7,8,9,9,9,9,9,9,9,9,9,9,9,9,
PTCRA,5,5,4,3,2,1,0,0,0,0,0,0,1,2,3,4,5,6,7,8,9,9,9,9,9,9,9,
PTDSS1,5,4,3,2,1,0,0,0,0,0,0,0,0,0,0,0,0,0,0,0,0,0,0,0,0,0,0,
PTDSS2,5,4,3,2,1,0,0,0,0,0,0,0,0,0,0,0,0,0,0,0,0,0,0,0,0,0,0,
PTEN,5,6,7,6,5,4,3,2,1,0,0,0,0,0,0,0,0,0,0,0,0,0,0,0,0,0,0,
PTGDR,5,4,3,2,1,0,0,0,0,0,0,0,0,0,0,0,0,0,0,0,0,0,0,0,0,0,0,
PTGER1,5,4,3,2,1,0,0,0,0,0,0,0,0,0,0,0,0,0,0,0,0,0,0,0,0,0,0,
PTGER2,5,5,4,3,2,1,0,0,0,0,0,0,0,0,0,0,0,0,0,0,0,0,0,0,0,0,0,
PTGER3,5,4,3,2,1,0,0,0,0,0,0,0,0,0,0,0,0,0,0,0,0,0,0,0,0,0,0,
PTGES3,5,4,3,2,1,0,0,0,0,0,0,0,0,0,0,0,0,0,0,0,0,0,0,0,0,0,0,
PTGFR,5,4,3,2,1,0,0,0,0,0,0,0,0,0,0,0,0,0,0,0,0,0,0,0,0,0,0,
PTGIR,5,4,3,2,1,0,0,0,0,0,0,0,0,0,0,0,0,0,0,0,0,0,0,0,0,0,0,
PTGIS,5,4,3,2,1,0,0,0,0,0,0,0,0,0,0,0,0,0,0,0,0,0,0,0,0,0,0,
PTGS1,5,4,3,2,1,0,0,0,0,0,0,0,0,0,0,0,0,0,0,0,0,0,0,0,0,0,0,
PTGS2,5,6,7,8,9,9,9,9,9,9,9,9,9,9,9,9,9,9,9,9,9,9,9,9,9,9,9,
PTH,5,4,3,2,1,0,0,0,0,0,0,0,0,0,0,0,0,0,0,0,0,0,0,0,0,0,0,
PTH1R,5,6,7,6,5,4,3,2,1,0,0,0,0,0,0,0,0,0,0,0,0,0,0,0,0,0,0,
PTH2,5,4,3,2,1,0,0,0,0,0,0,0,0,0,0,0,0,0,0,0,0,0,0,0,0,0,0,
PTK2,5,6,7,8,9,9,9,9,9,9,9,9,9,9,9,9,9,9,9,9,9,9,9,9,9,9,9,
PTK2-CRK,0,1,2,3,4,5,6,7,8,9,9,9,9,9,9,9,9,9,9,9,9,9,9,9,9,9,9,
PTK2B,5,6,7,8,9,9,9,9,9,9,9,9,9,9,9,9,9,9,9,9,9,9,9,9,9,9,9,
PTPN1,5,4,3,2,1,0,0,0,0,0,0,0,0,0,0,0,0,0,0,0,0,0,0,0,0,0,0,
PTPN11,5,6,7,8,9,9,9,9,9,9,9,9,9,9,9,9,9,9,9,9,9,9,9,9,9,9,9,
PTPN11-GRB2,0,0,0,0,0,0,0,0,0,0,0,0,0,0,0,0,0,0,0,0,0,0,0,0,0,0,0,
PTPN13,5,5,6,7,8,9,9,9,9,9,9,9,9,9,9,9,9,9,9,9,9,9,9,9,9,9,9,
PTPN2,5,4,3,2,1,0,0,0,0,0,0,0,0,0,0,0,0,0,0,0,0,0,0,0,0,0,0,
PTPN6,5,6,7,8,9,9,8,7,6,5,4,3,2,1,0,0,0,0,0,0,0,0,0,0,0,0,0,
PTPRB,5,4,3,2,1,0,0,0,0,0,0,0,0,0,0,0,0,0,0,0,0,0,0,0,0,0,0,
PTPRC,5,4,3,2,1,0,0,0,0,0,0,0,0,0,0,0,0,0,0,0,0,0,0,0,0,0,0,
PTPRF,5,5,4,3,2,1,0,0,0,0,0,0,0,0,0,0,0,0,0,0,0,0,0,0,0,0,0,
PTPRJ,5,4,3,2,1,0,0,0,0,0,0,0,0,0,0,0,0,0,0,0,0,0,0,0,0,0,0,
PTPRM,5,4,3,2,1,0,0,0,0,0,0,0,0,0,0,0,0,0,0,0,0,0,0,0,0,0,0,
PTS,5,4,3,2,1,0,0,0,0,0,0,0,0,0,0,0,0,0,0,0,0,0,0,0,0,0,0,
PTTG2,1,0,0,0,0,0,0,0,0,0,0,0,0,0,0,0,0,0,0,0,0,0,0,0,0,0,0,
PVR,5,4,3,2,1,0,0,0,0,0,0,0,0,0,0,0,0,0,0,0,0,0,0,0,0,0,0,
PXN,5,6,7,8,9,9,9,9,9,9,9,9,9,9,9,9,9,9,9,9,9,9,9,9,9,9,9,
PYCARD,5,4,3,2,1,0,0,0,0,0,0,0,0,0,0,0,0,0,0,0,0,0,0,0,0,0,0,
PYCR2,5,4,3,2,1,0,0,0,0,0,0,0,0,0,0,0,0,0,0,0,0,0,0,0,0,0,0,
PYDC1,5,4,3,2,1,0,0,0,0,0,0,0,0,0,0,0,0,0,0,0,0,0,0,0,0,0,0,
PYDC2,5,4,3,2,1,0,0,0,0,0,0,0,0,0,0,0,0,0,0,0,0,0,0,0,0,0,0,
PYDC5,5,4,3,2,1,0,0,0,0,0,0,0,0,0,0,0,0,0,0,0,0,0,0,0,0,0,0,
PYGB,5,6,7,8,9,9,9,9,9,9,9,9,9,9,9,9,9,9,9,9,9,9,9,9,9,9,9,
PYM1,5,4,3,2,1,0,0,0,0,0,0,0,0,0,0,0,0,0,0,0,0,0,0,0,0,0,0,
QARS1,5,4,3,2,1,0,0,0,0,0,0,0,0,0,0,0,0,0,0,0,0,0,0,0,0,0,0,
QDPR,5,4,3,2,1,0,0,0,0,0,0,0,0,0,0,0,0,0,0,0,0,0,0,0,0,0,0,
QPRT,5,4,3,2,1,0,0,0,0,0,0,0,0,0,0,0,0,0,0,0,0,0,0,0,0,0,0,
RAB10,5,4,3,2,1,0,0,0,0,0,0,0,0,0,0,0,0,0,0,0,0,0,0,0,0,0,0,
RAB11A,5,4,3,2,1,0,0,0,0,0,0,0,0,0,0,0,0,0,0,0,0,0,0,0,0,0,0,
RAB11FIP2,5,4,3,2,1,0,0,0,0,0,0,0,0,0,0,0,0,0,0,0,0,0,0,0,0,0,0,
RAB13,5,4,3,2,1,0,0,0,0,0,0,0,0,0,0,0,0,0,0,0,0,0,0,0,0,0,0,
RAB1A,5,4,3,2,1,0,0,0,0,0,0,0,0,0,0,0,0,0,0,0,0,0,0,0,0,0,0,
RAB33B,5,4,3,2,1,0,0,0,0,0,0,0,0,0,0,0,0,0,0,0,0,0,0,0,0,0,0,
RAB39B,5,4,3,2,1,0,0,0,0,0,0,0,0,0,0,0,0,0,0,0,0,0,0,0,0,0,0,
RAB3A,5,4,3,2,3,2,3,4,5,6,7,8,9,9,9,9,9,9,9,9,9,9,9,9,9,9,9,
RAB4A,5,4,3,2,1,0,0,0,0,0,0,0,0,0,0,0,0,0,0,0,0,0,0,0,0,0,0,
RAB5A,5,5,6,7,8,9,9,9,9,9,9,9,9,9,9,9,9,9,9,9,9,9,9,9,9,9,9,
RAB8A,5,4,3,2,1,0,0,0,0,0,0,0,0,0,0,0,0,0,0,0,0,0,0,0,0,0,0,
RAC1,5,6,7,8,9,9,9,9,9,9,9,9,9,9,9,9,9,9,9,9,9,9,9,9,9,9,9,
RAC2,5,5,6,7,8,9,9,9,9,9,9,9,9,9,9,9,9,9,9,9,9,9,9,9,9,9,9,
RAD51,5,5,5,4,3,2,1,0,0,0,0,0,0,0,0,0,0,0,0,0,0,0,0,0,0,0,0,
RAD51C,5,4,3,2,1,0,0,0,0,0,0,0,0,0,0,0,0,0,0,0,0,0,0,0,0,0,0,
RAE1,5,4,3,2,1,0,0,0,0,0,0,0,0,0,0,0,0,0,0,0,0,0,0,0,0,0,0,
RAET1E,5,4,3,2,1,0,0,0,0,0,0,0,0,0,0,0,0,0,0,0,0,0,0,0,0,0,0,
RAF1,5,6,7,8,9,9,9,9,9,9,9,9,9,9,9,9,9,9,9,9,9,9,9,9,9,9,9,
RAG1,5,6,7,8,9,9,9,9,9,9,9,9,9,9,9,9,9,9,9,9,9,9,9,9,9,9,9,
RALA,5,6,7,8,9,9,9,9,9,9,9,9,9,9,9,9,9,9,9,9,9,9,9,9,9,9,9,
RALBP1,5,6,7,8,9,9,9,9,9,9,9,9,9,9,9,9,9,9,9,9,9,9,9,9,9,9,9,
RALGDS,5,6,7,8,9,9,9,9,9,9,9,9,9,9,9,9,9,9,9,9,9,9,9,9,9,9,9,
RAN,5,4,3,2,1,0,0,0,0,0,0,0,0,0,0,0,0,0,0,0,0,0,0,0,0,0,0,
RANBP2,5,4,3,2,1,0,0,0,0,0,0,0,0,0,0,0,0,0,0,0,0,0,0,0,0,0,0,
RANGAP1,5,4,3,2,1,0,0,0,0,0,0,0,0,0,0,0,0,0,0,0,0,0,0,0,0,0,0,
RAP1A,5,6,7,8,9,9,9,9,9,9,9,9,9,9,9,9,9,9,9,9,9,9,9,9,9,9,9,
RAP1A-RASSF5,0,1,2,3,4,5,6,7,8,9,9,9,9,9,9,9,9,9,9,9,9,9,9,9,9,9,9,
RAP1GAP,5,4,3,2,1,0,0,0,0,0,0,0,0,0,0,0,0,0,0,0,0,0,0,0,0,0,0,
RAP2C,5,5,4,3,2,3,4,5,6,7,8,9,9,9,9,9,9,9,9,9,9,9,9,9,9,9,9,
RAPGEF1,5,6,7,8,8,7,6,5,4,3,2,1,0,0,0,0,0,0,0,0,0,0,0,0,0,0,0,
RAPGEF2,5,4,3,2,3,4,5,6,7,8,9,9,9,9,9,9,9,9,9,9,9,9,9,9,9,9,9,
RAPGEF3,5,5,6,7,8,9,9,9,9,9,9,9,9,9,9,9,9,9,9,9,9,9,9,9,9,9,9,
RAPGEF4,5,4,3,2,3,4,5,6,7,8,9,9,9,9,9,9,9,9,9,9,9,9,9,9,9,9,9,
RAPGEF5,5,4,3,2,1,0,0,0,0,0,0,0,0,0,0,0,0,0,0,0,0,0,0,0,0,0,0,
RAPGEF6,5,5,5,5,4,3,2,1,0,0,0,0,0,0,0,0,0,0,0,0,0,0,0,0,0,0,0,
RARA,5,4,3,2,1,0,0,0,0,0,0,0,0,0,0,0,0,0,0,0,0,0,0,0,0,0,0,
RASA1,5,6,7,8,9,8,7,6,5,4,3,2,1,0,0,0,0,0,0,0,0,0,0,0,0,0,0,
RASA2,5,5,5,6,7,8,9,9,9,9,9,9,9,9,9,9,9,9,9,9,9,9,9,9,9,9,9,
RASA4B,5,4,3,2,1,0,0,0,0,0,0,0,0,0,0,0,0,0,0,0,0,0,0,0,0,0,0,
RASD1,5,4,3,2,1,0,0,0,0,0,0,0,0,0,0,0,0,0,0,0,0,0,0,0,0,0,0,
RASGRF1,5,6,7,8,9,9,9,9,9,9,9,9,9,9,9,9,9,9,9,9,9,9,9,9,9,9,9,
RASGRP1,5,5,6,7,8,9,9,9,9,9,9,9,9,9,9,9,9,9,9,9,9,9,9,9,9,9,9,
RASGRP2,9,8,7,6,6,7,8,9,9,9,9,9,9,9,9,9,9,9,9,9,9,9,9,9,9,9,9,
RASGRP3,5,5,6,7,8,9,9,9,9,9,9,9,9,9,9,9,9,9,9,9,9,9,9,9,9,9,9,
RASSF1,5,5,6,7,8,9,9,9,9,9,9,9,9,9,9,9,9,9,9,9,9,9,9,9,9,9,9,
RASSF5,9,9,9,9,9,9,9,9,9,9,9,9,9,9,9,9,9,9,9,9,9,9,9,9,9,9,9,
RASSF6,5,4,3,2,1,0,0,0,0,0,0,0,0,0,0,0,0,0,0,0,0,0,0,0,0,0,0,
RB1,5,4,3,2,1,0,0,0,0,0,0,0,0,0,0,0,0,0,0,0,0,0,0,0,0,0,0,
RB1CC1,5,5,4,3,2,1,0,0,0,0,0,0,0,0,0,0,0,0,0,0,0,0,0,0,0,0,0,
RBCK1,5,4,3,2,1,0,0,0,0,0,0,0,0,0,0,0,0,0,0,0,0,0,0,0,0,0,0,
RBKS,5,4,3,2,1,0,0,0,0,0,0,0,0,0,0,0,0,0,0,0,0,0,0,0,0,0,0,
RBL1,5,4,3,2,1,0,0,0,0,0,0,0,0,0,0,0,0,0,0,0,0,0,0,0,0,0,0,
RBL1-E2F4,0,0,0,0,0,0,0,0,0,0,0,0,0,0,0,0,0,0,0,0,0,0,0,0,0,0,0,
RBL2,5,6,7,7,7,7,7,8,8,8,8,9,9,9,9,9,9,9,9,9,9,9,9,9,9,9,9,
RBM8A,5,4,3,2,1,0,0,0,0,0,0,0,0,0,0,0,0,0,0,0,0,0,0,0,0,0,0,
RBP2,5,4,3,2,1,0,0,0,0,0,0,0,0,0,0,0,0,0,0,0,0,0,0,0,0,0,0,
RBPJL,5,4,3,2,1,0,0,0,0,0,0,1,2,3,4,5,6,7,8,9,9,9,9,9,9,9,9,
RBSN,5,4,3,2,1,0,0,0,0,0,0,0,0,0,0,0,0,0,0,0,0,0,0,0,0,0,0,
RBX1,5,4,3,2,1,0,0,0,0,0,0,0,0,0,0,0,0,0,0,0,0,0,0,0,0,0,0,
RCAN1,5,6,7,8,9,9,9,9,9,9,9,9,9,9,9,9,9,9,9,9,9,9,9,9,9,9,9,
RCAN2,9,8,7,7,8,9,9,9,9,9,9,9,9,9,9,9,9,9,9,9,9,9,9,9,9,9,9,
RCE1,5,4,3,2,1,0,0,0,0,0,0,0,0,0,0,0,0,0,0,0,0,0,0,0,0,0,0,
RCHY1,5,5,6,7,8,9,9,9,9,9,9,9,9,9,9,9,9,9,9,9,9,9,9,9,9,9,9,
RCVRN,5,4,3,2,1,0,0,0,0,0,0,0,0,0,0,0,0,0,0,0,0,0,0,0,0,0,0,
RDH10,5,4,3,2,1,0,0,0,0,0,0,0,0,0,0,0,0,0,0,0,0,0,0,0,0,0,0,
RDH12,5,4,3,2,1,0,0,0,0,0,0,0,0,0,0,0,0,0,0,0,0,0,0,0,0,0,0,
REC8,5,4,3,2,1,0,0,0,0,0,0,0,0,0,0,0,0,0,0,0,0,0,0,0,0,0,0,
REL,5,5,6,7,8,9,9,9,9,9,9,9,9,9,9,9,9,9,9,9,9,9,9,9,9,9,9,
RELB-NFKB2,0,0,0,0,0,0,0,0,0,0,0,0,0,0,0,0,0,0,0,0,0,0,0,0,0,0,0,
RELN,5,4,3,2,1,0,0,0,0,0,0,0,0,0,0,0,0,0,0,0,0,0,0,0,0,0,0,
REN,5,5,6,7,8,9,9,9,9,9,9,9,9,9,9,9,9,9,9,9,9,9,9,9,9,9,9,
RENBP,5,4,3,2,1,0,0,0,0,0,0,0,0,0,0,0,0,0,0,0,0,0,0,0,0,0,0,
RETSAT,5,4,3,2,1,0,0,0,0,0,0,0,0,0,0,0,0,0,0,0,0,0,0,0,0,0,0,
RFK,5,4,3,2,1,0,0,0,0,0,0,0,0,0,0,0,0,0,0,0,0,0,0,0,0,0,0,
RFX5,5,5,4,3,2,1,0,0,0,0,0,0,0,0,0,0,0,0,0,0,0,0,0,0,0,0,0,
RGL1,5,5,6,7,8,9,9,9,9,9,9,9,9,9,9,9,9,9,9,9,9,9,9,9,9,9,9,
RGL2,5,5,6,7,8,9,9,9,9,9,9,9,9,9,9,9,9,9,9,9,9,9,9,9,9,9,9,
RGMA,9,8,7,6,5,4,3,2,1,0,0,0,0,0,0,0,0,0,0,0,0,0,0,0,0,0,0,
RGMB,5,4,3,2,1,0,0,0,0,0,0,0,0,0,0,0,0,0,0,0,0,0,0,0,0,0,0,
RGN,5,4,3,2,1,0,0,0,0,0,0,0,0,0,0,0,0,0,0,0,0,0,0,0,0,0,0,
RGS14,5,5,6,7,8,9,9,9,9,9,9,9,9,9,9,9,9,9,9,9,9,9,9,9,9,9,9,
RGS2,5,6,7,8,9,9,9,9,9,9,9,9,9,9,9,9,9,9,9,9,9,9,9,9,9,9,9,
RGS3,5,4,3,2,1,0,0,0,0,0,0,0,0,0,0,0,0,0,0,0,0,0,0,0,0,0,0,
RGS9,9,8,7,6,5,4,3,2,1,0,0,0,0,0,0,0,0,0,0,0,0,0,0,0,0,0,0,
RHEB,5,4,3,2,1,0,0,0,0,0,0,0,0,0,0,0,0,0,0,0,0,0,0,0,0,0,0,
RHO,5,4,3,2,1,0,0,0,0,0,0,0,0,0,0,0,0,0,0,0,0,0,0,0,0,0,0,
RHOA,5,6,7,8,9,9,9,9,9,9,9,9,9,9,9,9,9,9,9,9,9,9,9,9,9,9,9,
RHOD,5,4,3,2,1,0,0,0,0,0,0,0,0,0,0,0,0,0,0,0,0,0,0,0,0,0,0,
RHOQ,5,6,7,8,9,9,9,9,9,9,9,9,9,9,9,9,9,9,9,9,9,9,9,9,9,9,9,
RICTOR,5,4,3,2,1,0,0,0,0,0,0,0,0,0,0,0,0,0,0,0,0,0,0,0,0,0,0,
RIMKLA,5,4,3,2,1,0,0,0,0,0,0,0,0,0,0,0,0,0,0,0,0,0,0,0,0,0,0,
RIMS1,5,4,3,2,1,0,0,0,0,0,0,0,0,0,0,0,0,0,0,0,0,0,0,0,0,0,0,
RIMS2-PCLO,0,1,2,3,2,3,4,5,6,7,8,9,9,9,9,9,9,9,9,9,9,9,9,9,9,9,9,
RIN1,5,6,7,8,9,9,9,9,9,9,9,9,9,9,9,9,9,9,9,9,9,9,9,9,9,9,9,
RIPK1,5,5,4,3,4,5,6,7,8,9,9,9,9,9,9,9,9,9,9,9,9,9,9,9,9,9,9,
RIPK1-TRAF6,0,0,1,2,3,3,2,1,0,0,0,0,0,0,0,0,0,0,0,0,0,0,0,0,0,0,0,
RIPK2,5,6,7,8,9,9,9,9,9,9,9,9,9,9,9,9,9,9,9,9,9,9,9,9,9,9,9,
RIPK3,5,4,3,2,1,0,0,0,0,0,0,0,0,0,0,0,0,0,0,0,0,0,0,0,0,0,0,
RNASEL,1,0,0,0,0,0,0,0,0,0,0,0,0,0,0,0,0,0,0,0,0,0,0,0,0,0,0,
RND1,5,4,3,2,1,0,0,0,0,0,0,0,0,0,0,0,0,0,0,0,0,0,0,0,0,0,0,
RNF125,5,4,3,2,1,0,0,0,0,0,0,0,0,0,0,0,0,0,0,0,0,0,0,0,0,0,0,
RNF152,5,4,3,2,1,0,0,0,0,0,0,0,0,0,0,0,0,0,0,0,0,0,0,0,0,0,0,
RNF41,9,8,7,6,5,4,3,2,1,0,0,0,0,0,0,0,0,0,0,0,0,0,0,0,0,0,0,
RNF43,5,4,3,2,1,0,0,0,0,0,0,0,0,0,0,0,0,0,0,0,0,0,0,0,0,0,0,
RNPS1,5,4,3,2,1,0,0,0,0,0,0,0,0,0,0,0,0,0,0,0,0,0,0,0,0,0,0,
ROBO1,5,6,7,8,9,9,9,9,9,9,9,9,9,9,9,9,9,9,9,9,9,9,9,9,9,9,9,
ROBO2,5,6,7,8,9,9,9,9,9,9,9,9,9,9,9,9,9,9,9,9,9,9,9,9,9,9,9,
ROBO3,5,4,3,2,1,0,0,0,0,0,0,0,0,0,0,0,0,0,0,0,0,0,0,0,0,0,0,
ROCK1,5,4,3,2,1,0,0,0,0,0,0,0,0,0,0,0,0,0,0,0,0,0,0,0,0,0,0,
ROCK2,5,5,6,7,8,9,9,9,9,9,9,9,9,9,9,9,9,9,9,9,9,9,9,9,9,9,9,
ROR1,5,4,3,2,1,0,0,0,0,0,0,0,0,0,0,0,0,0,0,0,0,0,0,0,0,0,0,
RORA,5,4,3,2,1,0,0,0,0,0,0,0,0,0,0,0,0,0,0,0,0,0,0,0,0,0,0,
RPA4,5,4,3,2,1,0,0,0,0,0,0,0,0,0,0,0,0,0,0,0,0,0,0,0,0,0,0,
RPE,5,4,3,2,1,0,0,0,0,0,0,0,0,0,0,0,0,0,0,0,0,0,0,0,0,0,0,
RPE65,5,4,3,2,1,0,0,0,0,0,0,0,0,0,0,0,0,0,0,0,0,0,0,0,0,0,0,
RPIA,5,4,3,2,1,0,0,0,0,0,0,0,0,0,0,0,0,0,0,0,0,0,0,0,0,0,0,
RPRM,1,2,3,4,5,6,7,8,9,9,9,9,9,9,9,9,9,9,9,9,9,9,9,9,9,9,9,
RPS6,5,5,6,7,8,9,9,9,9,9,9,9,9,9,9,9,9,9,9,9,9,9,9,9,9,9,9,
RPS6KA4,5,4,3,2,1,0,0,0,0,0,0,0,0,0,0,0,0,0,0,0,0,0,0,0,0,0,0,
RPS6KA5,5,6,7,8,9,9,9,9,9,9,9,9,9,9,9,9,9,9,9,9,9,9,9,9,9,9,9,
RPS6KA6,5,6,7,8,9,9,9,9,9,9,9,9,9,9,9,9,9,9,9,9,9,9,9,9,9,9,9,
RPS6KB1,5,6,7,8,9,9,9,9,9,9,9,9,9,9,9,9,9,9,9,9,9,9,9,9,9,9,9,
RPTOR,5,4,3,2,1,0,0,0,0,0,0,0,0,0,0,0,0,0,0,0,0,0,0,0,0,0,0,
RPTOR-DEPTOR,0,1,2,3,4,5,5,4,3,2,1,0,0,0,0,0,0,0,0,0,0,0,0,0,0,0,0,
RPTOR-MTOR,0,1,2,3,2,1,0,0,0,0,0,0,0,0,0,0,0,0,0,0,0,0,0,0,0,0,0,
RRAGB,5,4,3,2,1,0,0,0,0,0,0,0,0,0,0,0,0,0,0,0,0,0,0,0,0,0,0,
RRAGB-RRAGD,0,1,2,3,4,5,4,3,2,1,0,0,0,0,0,0,0,0,0,0,0,0,0,0,0,0,0,
RRAGD,5,4,3,2,1,0,0,0,0,0,0,0,0,0,0,0,0,0,0,0,0,0,0,0,0,0,0,
RRAS,5,4,3,3,4,5,6,7,8,9,9,9,9,9,9,9,9,9,9,9,9,9,9,9,9,9,9,
RRAS2,5,6,7,8,9,9,9,9,9,9,9,9,9,9,9,9,9,9,9,9,9,9,9,9,9,9,9,
RRM2B,5,5,6,7,8,9,9,9,9,9,9,9,9,9,9,9,9,9,9,9,9,9,9,9,9,9,9,
RSPO1,5,4,3,2,1,0,0,0,0,0,0,0,0,0,0,0,0,0,0,0,0,0,0,0,0,0,0,
RUBCN,5,5,5,4,3,2,1,0,0,0,0,0,0,0,0,0,0,0,0,0,0,0,0,0,0,0,0,
RUFY1,5,4,3,2,1,0,0,0,0,0,0,0,0,0,0,0,0,0,0,0,0,0,0,0,0,0,0,
RUNX1,5,4,3,2,1,0,0,0,0,0,0,0,0,0,0,0,0,0,0,0,0,0,0,0,0,0,0,
RUVBL1,5,4,3,2,1,0,0,0,0,0,0,0,0,0,0,0,0,0,0,0,0,0,0,0,0,0,0,
RXFP2,5,5,4,3,2,1,0,0,0,0,0,0,0,0,0,0,0,0,0,0,0,0,0,0,0,0,0,
RXRA,5,4,3,2,1,0,0,0,0,0,0,0,0,0,0,0,0,0,0,0,0,0,0,0,0,0,0,
RYK,5,5,4,3,2,1,0,0,0,0,0,0,0,0,0,0,0,0,0,0,0,0,0,0,0,0,0,
RYR1,1,0,1,2,3,4,5,6,7,8,9,9,9,9,9,9,9,9,9,9,9,9,9,9,9,9,9,
RYR2,5,5,6,7,8,9,9,9,9,9,9,9,9,9,9,9,9,9,9,9,9,9,9,9,9,9,9,
RYR3,5,4,3,2,3,4,5,6,7,8,9,9,9,9,9,9,9,9,9,9,9,9,9,9,9,9,9,
S100G,5,5,4,3,2,1,0,0,0,0,0,0,0,0,0,0,0,0,0,0,0,0,0,0,0,0,0,
S1PR1,5,5,5,6,7,8,9,9,9,9,9,9,9,9,9,9,9,9,9,9,9,9,9,9,9,9,9,
S1PR2,5,4,3,2,3,4,5,6,7,8,9,9,9,9,9,9,9,9,9,9,9,9,9,9,9,9,9,
S1PR3,5,4,3,2,3,4,5,6,7,8,9,9,9,9,9,9,9,9,9,9,9,9,9,9,9,9,9,
S1PR4,5,4,3,2,3,4,5,6,7,8,9,9,9,9,9,9,9,9,9,9,9,9,9,9,9,9,9,
S1PR5,5,4,3,2,3,4,5,6,7,8,9,9,9,9,9,9,9,9,9,9,9,9,9,9,9,9,9,
SAG,5,4,3,2,1,0,0,0,0,0,0,0,0,0,0,0,0,0,0,0,0,0,0,0,0,0,0,
SAP18,5,4,3,2,1,0,0,0,0,0,0,0,0,0,0,0,0,0,0,0,0,0,0,0,0,0,0,
SAR1B,5,5,4,3,2,1,0,0,0,0,0,0,0,0,0,0,0,0,0,0,0,0,0,0,0,0,0,
SARDH,9,8,7,6,5,4,3,2,1,0,0,0,0,0,0,0,0,0,0,0,0,0,0,0,0,0,0,
SARS2,9,8,7,6,5,4,3,2,1,0,0,0,0,0,0,0,0,0,0,0,0,0,0,0,0,0,0,
SAT2,5,4,3,2,1,0,0,0,0,0,0,0,0,0,0,0,0,0,0,0,0,0,0,0,0,0,0,
SAV1,5,4,3,2,1,0,0,0,0,0,0,0,0,0,0,0,0,0,0,0,0,0,0,0,0,0,0,
SBDS,5,4,3,2,1,0,0,0,0,0,0,0,0,0,0,0,0,0,0,0,0,0,0,0,0,0,0,
SC5D,5,4,3,2,1,0,0,0,0,0,0,0,0,0,0,0,0,0,0,0,0,0,0,0,0,0,0,
SCD,5,5,4,3,2,1,0,0,0,0,0,0,0,0,0,0,0,0,0,0,0,0,0,0,0,0,0,
SCLY,5,4,3,2,1,0,0,0,0,0,0,0,0,0,0,0,0,0,0,0,0,0,0,0,0,0,0,
SCN1A,9,8,7,6,5,4,3,2,1,0,0,0,0,0,0,0,0,0,0,0,0,0,0,0,0,0,0,
SCN1B,9,9,8,8,8,8,9,9,9,9,9,9,9,9,9,9,9,9,9,9,9,9,9,9,9,9,9,
SCN2A,1,0,0,0,0,0,0,0,0,0,0,0,0,0,0,0,0,0,0,0,0,0,0,0,0,0,0,
SCNN1A,1,1,0,0,0,0,0,0,0,0,0,0,0,0,0,0,0,0,0,0,0,0,0,0,0,0,0,
SCP2,5,4,3,2,1,0,0,0,0,0,0,0,0,0,0,0,0,0,0,0,0,0,0,0,0,0,0,
SCRIB,5,4,3,2,1,0,0,0,0,0,0,0,0,0,0,0,0,0,0,0,0,0,0,0,0,0,0,
SCT,5,4,3,2,1,0,0,0,0,0,0,0,0,0,0,0,0,0,0,0,0,0,0,0,0,0,0,
SCTR,5,5,4,3,2,1,0,0,0,0,0,0,0,0,0,0,0,0,0,0,0,0,0,0,0,0,0,
SDC1,5,6,7,6,5,4,3,2,1,0,0,0,0,0,0,0,0,0,0,0,0,0,0,0,0,0,0,
SDHA,5,4,3,2,1,0,0,0,0,0,0,0,0,0,0,0,0,0,0,0,0,0,0,0,0,0,0,
SDR16C5,5,4,3,2,1,0,0,0,0,0,0,0,0,0,0,0,0,0,0,0,0,0,0,0,0,0,0,
SDS,5,4,3,2,1,0,0,0,0,0,0,0,0,0,0,0,0,0,0,0,0,0,0,0,0,0,0,
SEC13,5,4,3,2,1,0,0,0,0,0,0,0,0,0,0,0,0,0,0,0,0,0,0,0,0,0,0,
SEC22B,5,4,3,2,1,0,0,0,0,0,0,0,0,0,0,0,0,0,0,0,0,0,0,0,0,0,0,
SEC22B-GOSR2,0,1,2,3,2,1,0,0,0,0,0,0,0,0,0,0,0,0,0,0,0,0,0,0,0,0,0,
SEC24B,5,4,3,2,1,0,0,0,0,0,0,0,0,0,0,0,0,0,0,0,0,0,0,0,0,0,0,
SEC31A,5,4,3,2,1,0,0,0,0,0,0,0,0,0,0,0,0,0,0,0,0,0,0,0,0,0,0,
SEH1L,5,4,3,2,1,0,0,0,0,0,0,0,0,0,0,0,0,0,0,0,0,0,0,0,0,0,0,
SELE,5,5,4,3,2,1,0,0,0,0,0,0,0,0,0,0,0,0,0,0,0,0,0,0,0,0,0,
SELENBP1,1,0,0,0,0,0,0,0,0,0,0,0,0,0,0,0,0,0,0,0,0,0,0,0,0,0,0,
SELL,5,4,3,2,1,0,0,0,0,0,0,0,0,0,0,0,0,0,0,0,0,0,0,0,0,0,0,
SELP,5,5,4,3,2,1,0,0,0,0,0,0,0,0,0,0,0,0,0,0,0,0,0,0,0,0,0,
SELPLG,5,4,3,2,1,0,0,0,0,0,0,0,0,0,0,0,0,0,0,0,0,0,0,0,0,0,0,
SEMA3A,5,4,3,2,1,0,0,0,0,0,0,0,0,0,0,0,0,0,0,0,0,0,0,0,0,0,0,
SEMA4F,5,4,3,2,1,0,0,0,0,0,0,0,0,0,0,0,0,0,0,0,0,0,0,0,0,0,0,
SEMA7A,1,0,0,0,0,0,0,0,0,0,0,0,0,0,0,0,0,0,0,0,0,0,0,0,0,0,0,
SENP2,5,4,3,2,1,0,0,0,0,0,0,0,0,0,0,0,0,0,0,0,0,0,0,0,0,0,0,
SEPHS2,5,4,3,2,1,0,0,0,0,0,0,0,0,0,0,0,0,0,0,0,0,0,0,0,0,0,0,
SEPSECS,5,4,3,2,1,0,0,0,0,0,0,0,0,0,0,0,0,0,0,0,0,0,0,0,0,0,0,
SEPTIN4,5,4,3,2,1,0,0,0,0,0,0,0,0,0,0,0,0,0,0,0,0,0,0,0,0,0,0,
SERPINA1,5,4,3,2,1,0,0,0,0,0,0,0,0,0,0,0,0,0,0,0,0,0,0,0,0,0,0,
SERPINA5,5,4,3,2,1,0,0,0,0,0,0,0,0,0,0,0,0,0,0,0,0,0,0,0,0,0,0,
SERPINB5,5,5,6,7,8,9,9,9,9,9,9,9,9,9,9,9,9,9,9,9,9,9,9,9,9,9,9,
SERPINC1,5,4,3,2,1,0,0,0,0,0,0,0,0,0,0,0,0,0,0,0,0,0,0,0,0,0,0,
SERPIND1,5,4,3,2,1,0,0,0,0,0,0,0,0,0,0,0,0,0,0,0,0,0,0,0,0,0,0,
SERPINE1,9,8,7,6,5,4,5,5,6,7,8,9,9,9,9,9,9,9,9,9,9,9,9,9,9,9,9,
SERPINF1,9,8,7,6,5,4,3,2,1,0,0,0,0,0,0,0,0,0,0,0,0,0,0,0,0,0,0,
SERPINF2,5,4,3,2,1,0,0,0,0,0,0,0,0,0,0,0,0,0,0,0,0,0,0,0,0,0,0,
SERPING1,5,4,3,2,1,0,0,0,0,0,0,0,0,0,0,0,0,0,0,0,0,0,0,0,0,0,0,
SESN2,9,8,7,6,5,4,3,2,1,0,0,0,0,0,0,0,0,0,0,0,0,0,0,0,0,0,0,
SESN3,5,5,6,7,8,9,9,9,9,9,9,9,9,9,9,9,9,9,9,9,9,9,9,9,9,9,9,
SETD7,5,4,3,2,1,0,0,0,0,0,0,0,0,0,0,0,0,0,0,0,0,0,0,0,0,0,0,
SFN,1,2,3,4,5,6,7,8,9,9,9,9,9,9,9,9,9,9,9,9,9,9,9,9,9,9,9,
SFRP1,5,4,3,2,1,0,0,0,0,0,0,0,0,0,0,0,0,0,0,0,0,0,0,0,0,0,0,
SGK1,5,6,7,8,9,9,9,9,9,9,9,9,9,9,9,9,9,9,9,9,9,9,9,9,9,9,9,
SGMS2,5,4,3,2,1,0,0,0,0,0,0,0,0,0,0,0,0,0,0,0,0,0,0,0,0,0,0,
SGO1,5,4,3,2,1,0,0,0,0,0,0,0,0,0,0,0,0,0,0,0,0,0,0,0,0,0,0,
SGPL1,5,4,3,2,1,0,0,0,0,0,0,0,0,0,0,0,0,0,0,0,0,0,0,0,0,0,0,
SGPP2,5,4,3,2,1,0,0,0,0,0,0,0,0,0,0,0,0,0,0,0,0,0,0,0,0,0,0,
SGSH,5,4,3,2,1,0,0,0,0,0,0,0,0,0,0,0,0,0,0,0,0,0,0,0,0,0,0,
SH2B2,5,6,7,8,9,9,9,9,9,9,9,9,9,9,9,9,9,9,9,9,9,9,9,9,9,9,9,
SH2B3,5,6,7,8,9,9,9,9,9,9,9,9,9,9,9,9,9,9,9,9,9,9,9,9,9,9,9,
SH2D1A,5,5,6,7,8,9,9,9,9,9,9,9,9,9,9,9,9,9,9,9,9,9,9,9,9,9,9,
SH2D1B,5,5,6,7,8,9,9,9,9,9,9,9,9,9,9,9,9,9,9,9,9,9,9,9,9,9,9,
SH2D2A,5,5,6,7,7,6,5,4,3,2,1,0,0,0,0,0,0,0,0,0,0,0,0,0,0,0,0,
SH3BP2,5,4,3,2,1,0,0,0,0,0,0,0,0,0,0,0,0,0,0,0,0,0,0,0,0,0,0,
SH3GLB1,5,4,3,2,1,0,0,0,0,0,0,0,0,0,0,0,0,0,0,0,0,0,0,0,0,0,0,
SH3KBP1-SH3GLB1,0,0,0,0,0,0,0,0,0,0,0,0,0,0,0,0,0,0,0,0,0,0,0,0,0,0,0,
SHANK2,5,4,3,2,1,0,0,0,0,0,0,0,0,0,0,0,0,0,0,0,0,0,0,0,0,0,0,
SHC2,1,2,3,4,5,6,7,8,9,9,9,9,9,9,9,9,9,9,9,9,9,9,9,9,9,9,9,
SHH,5,4,3,2,1,0,0,0,0,0,0,0,0,0,0,0,0,0,0,0,0,0,0,0,0,0,0,
SHISA5,5,5,6,7,8,9,9,9,9,9,9,9,9,9,9,9,9,9,9,9,9,9,9,9,9,9,9,
SHMT1,5,5,4,3,2,1,0,0,0,0,0,0,0,0,0,0,0,0,0,0,0,0,0,0,0,0,0,
SHOC2,5,4,3,2,1,0,0,0,0,0,0,0,0,0,0,0,0,0,0,0,0,0,0,0,0,0,0,
SI,5,4,3,2,1,0,0,0,0,0,0,0,0,0,0,0,0,0,0,0,0,0,0,0,0,0,0,
SIAH1,5,4,3,2,1,0,0,0,0,0,0,0,0,0,0,0,0,0,0,0,0,0,0,0,0,0,0,
SIGLEC1,5,4,3,2,1,0,0,0,0,0,0,0,0,0,0,0,0,0,0,0,0,0,0,0,0,0,0,
SIK1B,9,8,7,6,5,4,3,2,1,0,0,0,0,0,0,0,0,0,0,0,0,0,0,0,0,0,0,
SIK2,5,4,3,2,1,0,0,0,0,0,0,0,0,0,0,0,0,0,0,0,0,0,0,0,0,0,0,
SIKE1,5,4,3,2,1,0,0,0,0,0,0,0,0,0,0,0,0,0,0,0,0,0,0,0,0,0,0,
SIPA1,5,4,3,2,1,0,0,0,0,0,0,0,0,0,0,0,0,0,0,0,0,0,0,0,0,0,0,
SIPA1L1,5,4,3,2,1,0,0,0,0,0,0,0,0,0,0,0,0,0,0,0,0,0,0,0,0,0,0,
SIPA1L2,5,4,3,2,1,0,0,0,0,0,0,0,0,0,0,0,0,0,0,0,0,0,0,0,0,0,0,
SIRPB1-TYROBP,0,0,0,0,0,0,0,0,0,0,0,0,0,0,0,0,0,0,0,0,0,0,0,0,0,0,0,
SIRT1,5,4,3,2,1,2,3,4,5,6,7,8,9,9,9,9,9,9,9,9,9,9,9,9,9,9,9,
SIRT2,5,4,3,2,1,0,0,0,0,0,0,0,0,0,0,0,0,0,0,0,0,0,0,0,0,0,0,
SIVA1,5,5,6,7,8,9,9,9,9,9,9,9,9,9,9,9,9,9,9,9,9,9,9,9,9,9,9,
SKP1,5,4,3,2,1,0,0,0,0,0,0,0,0,0,0,0,0,0,0,0,0,0,0,0,0,0,0,
SKP1-CUL1,0,0,0,0,0,0,0,0,0,0,0,0,0,0,0,0,0,0,0,0,0,0,0,0,0,0,0,
SKP1-FBXW11,0,0,0,0,0,0,0,0,0,0,0,0,0,0,0,0,0,0,0,0,0,0,0,0,0,0,0,
SKP1-SKP2,0,0,0,0,0,0,0,0,0,0,0,0,0,0,0,0,0,0,0,0,0,0,0,0,0,0,0,
SKP2,5,4,3,2,1,0,0,0,0,0,0,0,0,0,0,0,0,0,0,0,0,0,0,0,0,0,0,
SLC10A1,5,4,3,2,1,0,0,0,0,0,0,0,0,0,0,0,0,0,0,0,0,0,0,0,0,0,0,
SLC27A4,5,4,3,2,1,0,0,0,0,0,0,0,0,0,0,0,0,0,0,0,0,0,0,0,0,0,0,
SLC27A5,5,4,3,2,1,0,0,0,0,0,0,0,0,0,0,0,0,0,0,0,0,0,0,0,0,0,0,
SLC2A1,5,6,7,8,9,9,9,9,9,9,9,9,9,9,9,9,9,9,9,9,9,9,9,9,9,9,9,
SLC2A2,5,6,7,8,9,9,9,9,9,9,9,9,9,9,9,9,9,9,9,9,9,9,9,9,9,9,9,
SLC2A4,5,6,7,8,9,9,9,9,9,9,9,9,9,9,9,9,9,9,9,9,9,9,9,9,9,9,9,
SLC2A5,5,5,4,3,4,5,6,7,8,9,9,9,9,9,9,9,9,9,9,9,9,9,9,9,9,9,9,
SLC33A1,5,4,3,2,1,0,0,0,0,0,0,0,0,0,0,0,0,0,0,0,0,0,0,0,0,0,0,
SLC34A2,5,5,4,3,2,1,0,0,0,0,0,0,0,0,0,0,0,0,0,0,0,0,0,0,0,0,0,
SLC38A9,5,4,3,2,1,0,0,0,0,0,0,0,0,0,0,0,0,0,0,0,0,0,0,0,0,0,0,
SLC3A2,9,8,7,6,5,4,3,2,1,0,0,0,0,0,0,0,0,0,0,0,0,0,0,0,0,0,0,
SLC40A1,5,4,3,2,1,0,0,0,0,0,0,0,0,0,0,0,0,0,0,0,0,0,0,0,0,0,0,
SLC51A-SLC51B,0,1,2,3,2,1,0,0,0,0,0,0,0,0,0,0,0,0,0,0,0,0,0,0,0,0,0,
SLC6A3,5,5,4,3,2,1,0,0,0,0,0,0,0,0,0,0,0,0,0,0,0,0,0,0,0,0,0,
SLC7A5,9,8,7,6,5,4,3,2,1,0,0,0,0,0,0,0,0,0,0,0,0,0,0,0,0,0,0,
SLC8A2,5,6,7,8,9,9,9,9,9,9,9,9,9,9,9,9,9,9,9,9,9,9,9,9,9,9,9,
SLC9A1,5,6,7,8,9,9,9,9,9,9,9,9,9,9,9,9,9,9,9,9,9,9,9,9,9,9,9,
SLC9A3R1,5,4,3,2,1,0,0,0,0,0,0,0,0,0,0,0,0,0,0,0,0,0,0,0,0,0,0,
SLCO1B1,5,4,3,2,1,0,0,0,0,0,0,0,0,0,0,0,0,0,0,0,0,0,0,0,0,0,0,
SLIT1,5,4,3,2,1,0,0,0,0,0,0,0,0,0,0,0,0,0,0,0,0,0,0,0,0,0,0,
SLIT2,9,8,7,6,5,4,3,2,1,0,0,0,0,0,0,0,0,0,0,0,0,0,0,0,0,0,0,
SLK,5,4,3,2,1,0,0,0,0,0,0,0,0,0,0,0,0,0,0,0,0,0,0,0,0,0,0,
SLURP2,5,4,3,2,1,0,0,0,0,0,0,0,0,0,0,0,0,0,0,0,0,0,0,0,0,0,0,
SMAD1,5,4,3,2,1,0,0,0,0,0,0,0,0,0,0,0,0,0,0,0,0,0,0,0,0,0,0,
SMAD1-SMAD4,0,0,0,0,0,0,0,0,0,0,0,0,0,0,0,0,0,0,0,0,0,0,0,0,0,0,0,
SMAD2,5,5,4,3,2,1,0,0,0,0,0,0,0,0,0,0,0,0,0,0,0,0,0,0,0,0,0,
SMAD3,5,6,7,7,6,5,4,3,2,1,0,0,0,0,0,0,0,0,0,0,0,0,0,0,0,0,0,
SMAD4,5,4,3,2,1,0,0,0,0,0,0,0,0,0,0,0,0,0,0,0,0,0,0,0,0,0,0,
SMAD4-SMAD1,0,0,0,0,0,0,0,0,0,0,0,0,0,0,0,0,0,0,0,0,0,0,0,0,0,0,0,
SMAD4-SMAD2,0,0,0,0,0,0,0,0,0,0,0,0,0,0,0,0,0,0,0,0,0,0,0,0,0,0,0,
SMAD4-SMAD3,0,0,0,0,0,0,0,0,0,0,0,0,0,0,0,0,0,0,0,0,0,0,0,0,0,0,0,
SMAD4-YAP1,0,0,0,0,0,0,0,0,0,0,0,0,0,0,0,0,0,0,0,0,0,0,0,0,0,0,0,
SMAD6,5,6,7,8,9,9,9,9,9,9,9,9,9,9,9,9,9,9,9,9,9,9,9,9,9,9,9,
SMAD7,5,4,3,2,1,0,0,0,0,0,0,0,0,0,0,0,0,0,0,0,0,0,0,0,0,0,0,
SMAD7-YAP1,0,0,0,0,0,0,0,0,0,0,0,0,0,0,0,0,0,0,0,0,0,0,0,0,0,0,0,
SMC3-STAG1,0,0,0,0,0,0,0,0,0,0,0,0,0,0,0,0,0,0,0,0,0,0,0,0,0,0,0,
SMCR8,5,5,4,3,2,1,0,0,0,0,0,0,0,0,0,0,0,0,0,0,0,0,0,0,0,0,0,
SMG1,5,4,3,2,1,0,0,0,0,0,0,0,0,0,0,0,0,0,0,0,0,0,0,0,0,0,0,
SMG5,5,4,3,2,1,0,0,0,0,0,0,0,0,0,0,0,0,0,0,0,0,0,0,0,0,0,0,
SMG6,5,4,3,2,1,0,0,0,0,0,0,0,0,0,0,0,0,0,0,0,0,0,0,0,0,0,0,
SMG7,5,4,3,2,1,0,0,0,0,0,0,0,0,0,0,0,0,0,0,0,0,0,0,0,0,0,0,
SMN1,5,4,3,2,1,0,0,0,0,0,0,0,0,0,0,0,0,0,0,0,0,0,0,0,0,0,0,
SMO,5,6,7,8,9,9,9,8,7,6,5,4,5,6,7,8,9,9,9,9,9,9,9,9,9,9,9,
SMOX,9,8,7,6,5,4,3,2,1,0,0,0,0,0,0,0,0,0,0,0,0,0,0,0,0,0,0,
SMPD1,5,4,3,2,1,0,0,0,0,0,0,0,0,0,0,0,0,0,0,0,0,0,0,0,0,0,0,
SMPD2,5,5,5,6,7,8,9,9,9,9,9,9,9,9,9,9,9,9,9,9,9,9,9,9,9,9,9,
SMS,5,4,3,2,1,0,0,0,0,0,0,0,0,0,0,0,0,0,0,0,0,0,0,0,0,0,0,
SMURF1,5,4,3,2,1,0,0,0,0,0,0,0,0,0,0,0,0,0,0,0,0,0,0,0,0,0,0,
SNAI1,5,4,3,2,1,0,0,0,0,0,0,0,0,0,0,0,0,0,0,0,0,0,0,0,0,0,0,
SNAI2,5,4,3,2,1,0,0,0,0,0,0,0,0,0,0,0,0,0,0,0,0,0,0,0,0,0,0,
SNAP23-STX1B,0,1,2,3,4,3,2,1,0,0,0,0,0,0,0,0,0,0,0,0,0,0,0,0,0,0,0,
SNAP25,5,4,3,2,1,0,0,0,0,0,0,0,0,0,0,0,0,0,0,0,0,0,0,0,0,0,0,
SNUPN,5,4,3,2,1,0,0,0,0,0,0,0,0,0,0,0,0,0,0,0,0,0,0,0,0,0,0,
SNW1,5,4,3,2,1,0,0,0,0,0,0,0,0,0,0,0,0,0,0,0,0,0,0,0,0,0,0,
SOAT1,5,4,3,2,1,0,0,0,0,0,0,0,0,0,0,0,0,0,0,0,0,0,0,0,0,0,0,
SOCS1,5,4,3,2,1,0,0,0,0,0,0,0,0,0,0,0,0,0,0,0,0,0,0,0,0,0,0,
SOCS3,5,6,7,8,9,9,9,9,9,9,9,9,9,9,9,9,9,9,9,9,9,9,9,9,9,9,9,
SOCS4,5,4,3,2,1,2,3,4,5,6,7,8,9,9,9,9,9,9,9,9,9,9,9,9,9,9,9,
SOD1,5,6,7,8,9,9,9,9,9,9,9,9,9,9,9,9,9,9,9,9,9,9,9,9,9,9,9,
SOD2,5,6,7,8,9,9,9,9,9,9,9,9,9,9,9,9,9,9,9,9,9,9,9,9,9,9,9,
SORBS1,5,4,3,2,1,0,0,0,0,0,0,0,0,0,0,0,0,0,0,0,0,0,0,0,0,0,0,
SORD,5,4,3,2,1,0,0,0,0,0,0,0,0,0,0,0,0,0,0,0,0,0,0,0,0,0,0,
SORT1,5,4,3,2,1,0,0,0,0,0,0,0,0,0,0,0,0,0,0,0,0,0,0,0,0,0,0,
SOS1,5,6,7,8,9,9,9,9,9,9,9,9,9,9,9,9,9,9,9,9,9,9,9,9,9,9,9,
SOST,5,4,3,2,1,0,0,0,0,0,0,0,0,0,0,0,0,0,0,0,0,0,0,0,0,0,0,
SOX17,5,4,3,2,1,0,0,0,0,0,0,0,0,0,0,0,0,0,0,0,0,0,0,0,0,0,0,
SOX2,9,9,9,9,9,9,9,9,9,9,9,9,9,9,9,9,9,9,9,9,9,9,9,9,9,9,9,
SOX9,1,2,3,3,2,1,1,2,3,4,5,6,7,8,9,9,9,9,9,9,9,9,9,9,9,9,9,
SP1-CREBBP,0,0,0,0,0,0,0,0,0,0,0,0,0,0,0,0,0,0,0,0,0,0,0,0,0,0,0,
SPATA13,5,4,3,2,1,0,0,0,0,0,0,0,0,0,0,0,0,0,0,0,0,0,0,0,0,0,0,
SPDYE2B,5,4,3,2,1,0,0,0,0,0,0,0,0,0,0,0,0,0,0,0,0,0,0,0,0,0,0,
SPDYE2B-CDK1,0,0,0,0,0,0,0,0,0,0,0,0,0,0,0,0,0,0,0,0,0,0,0,0,0,0,0,
SPHK2,5,6,7,8,9,9,9,9,9,9,9,9,9,9,9,9,9,9,9,9,9,9,9,9,9,9,9,
SPN,5,4,3,2,1,0,0,0,0,0,0,0,0,0,0,0,0,0,0,0,0,0,0,0,0,0,0,
SPOPL,5,4,3,2,1,0,0,0,0,0,0,0,0,0,0,0,0,0,0,0,0,0,0,0,0,0,0,
SPOPL-CUL3,0,0,0,0,0,0,0,0,0,0,0,0,0,0,0,0,0,0,0,0,0,0,0,0,0,0,0,
SPP1,5,4,3,2,1,0,0,0,0,0,0,0,0,0,0,0,0,0,0,0,0,0,0,0,0,0,0,
SPR,5,4,3,2,1,0,0,0,0,0,0,0,0,0,0,0,0,0,0,0,0,0,0,0,0,0,0,
SPTA1,5,4,3,2,1,0,0,0,0,0,0,0,0,0,0,0,0,0,0,0,0,0,0,0,0,0,0,
SPTLC1,5,4,3,2,1,0,0,0,0,0,0,0,0,0,0,0,0,0,0,0,0,0,0,0,0,0,0,
SQLE,5,4,3,2,1,0,0,0,0,0,0,0,0,0,0,0,0,0,0,0,0,0,0,0,0,0,0,
SQOR,5,4,3,2,1,0,0,0,0,0,0,0,0,0,0,0,0,0,0,0,0,0,0,0,0,0,0,
SQSTM1,5,5,4,3,2,1,0,0,0,0,0,0,0,0,0,0,0,0,0,0,0,0,0,0,0,0,0,
SRC,5,6,7,8,9,9,9,9,9,9,9,9,9,9,9,9,9,9,9,9,9,9,9,9,9,9,9,
SRC-FARP2,0,1,2,3,4,5,6,7,8,9,9,9,9,9,9,9,9,9,9,9,9,9,9,9,9,9,9,
SRD5A1,5,4,3,2,1,0,0,0,0,0,0,0,0,0,0,0,0,0,0,0,0,0,0,0,0,0,0,
SRD5A3,5,4,3,2,1,0,0,0,0,0,0,0,0,0,0,0,0,0,0,0,0,0,0,0,0,0,0,
SREBF1,5,4,3,2,1,0,0,0,0,0,0,0,0,0,0,0,0,0,0,0,0,0,0,0,0,0,0,
SRF,5,4,3,2,1,0,0,0,0,0,0,0,0,0,0,0,0,0,0,0,0,0,0,0,0,0,0,
SRF-ELK4,0,0,0,0,0,0,0,0,0,0,0,0,0,0,0,0,0,0,0,0,0,0,0,0,0,0,0,
SRGAP2,5,6,7,8,9,9,9,9,9,9,9,9,9,9,9,9,9,9,9,9,9,9,9,9,9,9,9,
SRM,5,4,3,2,1,0,0,0,0,0,0,0,0,0,0,0,0,0,0,0,0,0,0,0,0,0,0,
SRR,5,4,3,2,1,0,0,0,0,0,0,0,0,0,0,0,0,0,0,0,0,0,0,0,0,0,0,
SSH1,5,4,3,3,4,5,6,7,8,9,9,9,9,9,9,9,9,9,9,9,9,9,9,9,9,9,9,
SST,5,4,3,2,1,0,0,0,0,0,0,0,0,0,0,0,0,0,0,0,0,0,0,0,0,0,0,
SSTR1,5,5,4,3,2,1,0,0,0,0,0,0,0,0,0,0,0,0,0,0,0,0,0,0,0,0,0,
SSTR2,5,5,4,3,2,1,0,0,0,0,0,0,0,0,0,0,0,0,0,0,0,0,0,0,0,0,0,
SSX2IP,9,8,7,6,5,4,3,2,1,0,0,0,0,0,0,0,0,0,0,0,0,0,0,0,0,0,0,
ST20-MTHFS,5,4,3,2,1,0,0,0,0,0,0,0,0,0,0,0,0,0,0,0,0,0,0,0,0,0,0,
ST3GAL1,5,4,3,2,1,0,0,0,0,0,0,0,0,0,0,0,0,0,0,0,0,0,0,0,0,0,0,
ST3GAL3,5,4,3,2,1,0,0,0,0,0,0,0,0,0,0,0,0,0,0,0,0,0,0,0,0,0,0,
ST3GAL4,5,4,3,2,1,0,0,0,0,0,0,0,0,0,0,0,0,0,0,0,0,0,0,0,0,0,0,
ST3GAL5,9,8,7,6,5,4,3,2,1,0,0,0,0,0,0,0,0,0,0,0,0,0,0,0,0,0,0,
ST3GAL6,1,0,0,0,0,0,0,0,0,0,0,0,0,0,0,0,0,0,0,0,0,0,0,0,0,0,0,
ST6GAL1,5,4,3,2,1,0,0,0,0,0,0,0,0,0,0,0,0,0,0,0,0,0,0,0,0,0,0,
ST6GALNAC1,5,4,3,2,1,0,0,0,0,0,0,0,0,0,0,0,0,0,0,0,0,0,0,0,0,0,0,
ST6GALNAC3,5,4,3,2,1,0,0,0,0,0,0,0,0,0,0,0,0,0,0,0,0,0,0,0,0,0,0,
ST6GALNAC4,5,4,3,2,1,0,0,0,0,0,0,0,0,0,0,0,0,0,0,0,0,0,0,0,0,0,0,
ST6GALNAC5,5,4,3,2,1,0,0,0,0,0,0,0,0,0,0,0,0,0,0,0,0,0,0,0,0,0,0,
ST6GALNAC6,5,4,3,2,1,0,0,0,0,0,0,0,0,0,0,0,0,0,0,0,0,0,0,0,0,0,0,
ST8SIA1,5,4,3,2,1,0,0,0,0,0,0,0,0,0,0,0,0,0,0,0,0,0,0,0,0,0,0,
ST8SIA5,5,4,3,2,1,0,0,0,0,0,0,0,0,0,0,0,0,0,0,0,0,0,0,0,0,0,0,
STAM2,5,4,3,2,1,0,0,0,0,0,0,0,0,0,0,0,0,0,0,0,0,0,0,0,0,0,0,
STAR,5,6,7,8,9,9,9,9,9,9,9,9,9,9,9,9,9,9,9,9,9,9,9,9,9,9,9,
STAT1,5,6,7,8,9,9,9,9,9,9,9,9,9,9,9,9,9,9,9,9,9,9,9,9,9,9,9,
STAT1-STAT1,0,0,0,1,2,3,4,5,6,7,8,9,9,9,9,9,9,9,9,9,9,9,9,9,9,9,9,
STAT3,5,6,7,8,9,9,9,9,9,9,9,9,9,9,9,9,9,9,9,9,9,9,9,9,9,9,9,
STAT5A,5,6,7,8,9,9,9,9,9,9,9,9,9,9,9,9,9,9,9,9,9,9,9,9,9,9,9,
STEAP3,1,2,3,4,5,6,7,8,9,9,9,9,9,9,9,9,9,9,9,9,9,9,9,9,9,9,9,
STIM1,5,4,3,2,1,0,0,0,0,0,0,0,0,0,0,0,0,0,0,0,0,0,0,0,0,0,0,
STIM2,5,4,3,2,1,0,0,0,0,0,0,0,0,0,0,0,0,0,0,0,0,0,0,0,0,0,0,
STING1,5,5,4,3,2,1,0,0,0,0,0,0,0,0,0,0,0,0,0,0,0,0,0,0,0,0,0,
STK11,5,6,7,8,9,9,9,9,9,9,9,9,9,9,9,9,9,9,9,9,9,9,9,9,9,9,9,
STK11-STRADB,0,0,0,0,0,0,0,0,0,0,0,0,0,0,0,0,0,0,0,0,0,0,0,0,0,0,0,
STK3,5,5,6,7,8,9,9,9,9,9,9,9,9,9,9,9,9,9,9,9,9,9,9,9,9,9,9,
STK4,5,6,7,8,9,9,9,9,9,9,9,9,9,9,9,9,9,9,9,9,9,9,9,9,9,9,9,
STMN1,5,4,3,2,1,0,0,0,0,0,0,0,0,0,0,0,0,0,0,0,0,0,0,0,0,0,0,
STRADB-CAB39,0,0,0,0,0,0,0,0,0,0,0,0,0,0,0,0,0,0,0,0,0,0,0,0,0,0,0,
STRAP,5,4,3,2,1,0,0,0,0,0,0,0,0,0,0,0,0,0,0,0,0,0,0,0,0,0,0,
STS,5,4,3,2,1,0,0,0,0,0,0,0,0,0,0,0,0,0,0,0,0,0,0,0,0,0,0,
STX16-STX6,0,1,2,3,2,1,0,0,0,0,0,0,0,0,0,0,0,0,0,0,0,0,0,0,0,0,0,
STX17,5,4,3,2,1,0,0,0,0,0,0,0,0,0,0,0,0,0,0,0,0,0,0,0,0,0,0,
STX17-SNAP29,0,1,2,3,4,5,4,3,2,1,0,0,0,0,0,0,0,0,0,0,0,0,0,0,0,0,0,
STX1B,5,4,3,2,1,0,0,0,0,0,0,0,0,0,0,0,0,0,0,0,0,0,0,0,0,0,0,
STX4,5,4,3,2,1,0,0,0,0,0,0,0,0,0,0,0,0,0,0,0,0,0,0,0,0,0,0,
STXBP1,5,4,3,2,1,0,0,0,0,0,0,0,0,0,0,0,0,0,0,0,0,0,0,0,0,0,0,
SUCLG2,5,4,3,2,1,0,0,0,0,0,0,0,0,0,0,0,0,0,0,0,0,0,0,0,0,0,0,
SUFU,5,4,3,2,1,0,0,0,0,0,0,0,0,0,0,0,0,0,0,0,0,0,0,0,0,0,0,
SUGT1,5,4,3,2,1,0,0,0,0,0,0,0,0,0,0,0,0,0,0,0,0,0,0,0,0,0,0,
SULT1E1,5,4,3,2,1,0,0,0,0,0,0,0,0,0,0,0,0,0,0,0,0,0,0,0,0,0,0,
SULT2A1,5,4,3,2,1,0,0,0,0,0,0,0,0,0,0,0,0,0,0,0,0,0,0,0,0,0,0,
SULT2B1,1,0,0,0,0,0,0,0,0,0,0,0,0,0,0,0,0,0,0,0,0,0,0,0,0,0,0,
SUMO4,5,4,3,2,1,0,0,0,0,0,0,0,0,0,0,0,0,0,0,0,0,0,0,0,0,0,0,
SUOX,5,4,3,2,1,0,0,0,0,0,0,0,0,0,0,0,0,0,0,0,0,0,0,0,0,0,0,
SUPT20H,5,4,3,2,1,0,0,0,0,0,0,0,0,0,0,0,0,0,0,0,0,0,0,0,0,0,0,
SV2C,5,4,3,2,1,0,0,0,0,0,0,0,0,0,0,0,0,0,0,0,0,0,0,0,0,0,0,
SVIP,5,4,3,2,1,0,0,0,0,0,0,0,0,0,0,0,0,0,0,0,0,0,0,0,0,0,0,
SYK,9,9,9,9,9,9,9,9,9,9,9,9,9,9,9,9,9,9,9,9,9,9,9,9,9,9,9,
SYMPK,5,4,3,2,1,0,0,0,0,0,0,0,0,0,0,0,0,0,0,0,0,0,0,0,0,0,0,
SYNPO,9,8,7,6,5,4,3,2,1,0,0,0,0,0,0,0,0,0,0,0,0,0,0,0,0,0,0,
SYT1,5,4,3,2,1,0,0,0,0,0,0,0,0,0,0,0,0,0,0,0,0,0,0,0,0,0,0,
TAAR9,5,4,3,2,1,0,0,0,0,0,0,0,0,0,0,0,0,0,0,0,0,0,0,0,0,0,0,
TAB1,5,6,7,8,9,9,9,9,9,9,9,9,9,9,9,9,9,9,9,9,9,9,9,9,9,9,9,
TAB1-MAP3K7,0,1,2,3,4,5,6,7,8,9,9,9,9,9,9,9,9,9,9,9,9,9,9,9,9,9,9,
TAB2,5,4,3,2,1,0,0,0,0,0,0,0,0,0,0,0,0,0,0,0,0,0,0,0,0,0,0,
TAC1,5,4,3,2,1,0,0,0,0,0,0,0,0,0,0,0,0,0,0,0,0,0,0,0,0,0,0,
TAC3,5,4,3,2,1,0,0,0,0,0,0,0,0,0,0,0,0,0,0,0,0,0,0,0,0,0,0,
TAC4,5,4,3,2,1,0,0,0,0,0,0,0,0,0,0,0,0,0,0,0,0,0,0,0,0,0,0,
TACR1,5,5,4,3,2,1,0,0,0,0,0,0,0,0,0,0,0,0,0,0,0,0,0,0,0,0,0,
TACR2,5,5,4,3,2,1,0,0,0,0,0,0,0,0,0,0,0,0,0,0,0,0,0,0,0,0,0,
TACR3,1,2,3,3,2,1,0,0,0,0,0,0,0,0,0,0,0,0,0,0,0,0,0,0,0,0,0,
TALDO1,5,4,3,2,1,0,0,0,0,0,0,0,0,0,0,0,0,0,0,0,0,0,0,0,0,0,0,
TANK,5,4,3,2,1,0,0,0,0,0,0,0,0,0,0,0,0,0,0,0,0,0,0,0,0,0,0,
TANK-AZI2,0,0,0,0,0,0,0,0,0,0,0,0,0,0,0,0,0,0,0,0,0,0,0,0,0,0,0,
TAOK3,5,4,3,2,1,0,0,0,0,0,0,0,0,0,0,0,0,0,0,0,0,0,0,0,0,0,0,
TAP1,5,4,3,2,1,0,0,0,0,0,0,0,0,0,0,0,0,0,0,0,0,0,0,0,0,0,0,
TAPBP,5,4,3,2,1,0,0,0,0,0,0,0,0,0,0,0,0,0,0,0,0,0,0,0,0,0,0,
TAS1R1,9,8,7,6,5,4,3,2,1,0,0,0,0,0,0,0,0,0,0,0,0,0,0,0,0,0,0,
TAS1R1-TAS1R3,0,0,0,1,2,3,4,5,6,7,8,9,9,9,9,9,9,9,9,9,9,9,9,9,9,9,9,
TAS1R2,5,4,3,2,1,0,0,0,0,0,0,0,0,0,0,0,0,0,0,0,0,0,0,0,0,0,0,
TAS1R2-TAS1R3,0,0,0,0,0,0,0,0,0,0,0,0,0,0,0,0,0,0,0,0,0,0,0,0,0,0,0,
TAS1R3,5,4,3,2,1,0,0,0,0,0,0,0,0,0,0,0,0,0,0,0,0,0,0,0,0,0,0,
TAS1R3-TAS1R2,0,0,0,0,0,0,0,0,0,0,0,0,0,0,0,0,0,0,0,0,0,0,0,0,0,0,0,
TAT,5,4,3,2,1,0,0,0,0,0,0,0,0,0,0,0,0,0,0,0,0,0,0,0,0,0,0,
TBC1D1,5,4,3,2,1,0,0,0,0,0,0,0,0,0,0,0,0,0,0,0,0,0,0,0,0,0,0,
TBC1D4,5,5,4,3,4,5,6,7,8,9,9,9,9,9,9,9,9,9,9,9,9,9,9,9,9,9,9,
TBK1,5,6,7,8,9,9,9,9,9,9,9,9,9,9,9,9,9,9,9,9,9,9,9,9,9,9,9,
TBK1-IKBKE,0,1,2,3,4,5,6,7,8,9,9,9,9,9,9,9,9,9,9,9,9,9,9,9,9,9,9,
TBK1-TANK,0,0,0,0,0,0,0,0,0,0,0,0,0,0,0,0,0,0,0,0,0,0,0,0,0,0,0,
TBL1X,5,4,3,2,1,0,0,0,0,0,0,0,0,0,0,0,0,0,0,0,0,0,0,0,0,0,0,
TBX3,1,0,0,0,0,0,0,0,0,0,0,0,0,0,0,0,0,0,0,0,0,0,0,0,0,0,0,
TBXA2R,5,4,3,2,3,2,1,0,0,0,0,0,0,0,0,0,0,0,0,0,0,0,0,0,0,0,0,
TBXAS1,5,4,3,2,1,0,0,0,0,0,0,0,0,0,0,0,0,0,0,0,0,0,0,0,0,0,0,
TCF3,5,4,3,2,1,0,0,0,0,0,0,0,0,0,0,0,0,0,0,0,0,0,0,0,0,0,0,
TCF7,5,4,3,2,1,0,0,0,0,0,0,0,0,0,0,0,0,0,0,0,0,0,0,0,0,0,0,
TCIRG1,9,8,7,6,5,4,3,2,1,0,0,0,0,0,0,0,0,0,0,0,0,0,0,0,0,0,0,
TDO2,5,4,3,2,1,0,0,0,0,0,0,0,0,0,0,0,0,0,0,0,0,0,0,0,0,0,0,
TECR,5,4,3,2,1,0,0,0,0,0,0,0,0,0,0,0,0,0,0,0,0,0,0,0,0,0,0,
TEK,5,4,3,2,1,0,0,0,0,0,0,0,0,0,0,0,0,0,0,0,0,0,0,0,0,0,0,
TELO2,5,4,3,2,1,0,0,0,0,0,0,0,0,0,0,0,0,0,0,0,0,0,0,0,0,0,0,
TF,5,4,3,2,1,0,0,0,0,0,0,0,0,0,0,0,0,0,0,0,0,0,0,0,0,0,0,
TFDP1-E2F1,0,0,0,0,0,0,0,0,0,0,0,0,0,0,0,0,0,0,0,0,0,0,0,0,0,0,0,
TFDP1-E2F4,0,0,0,0,0,0,0,0,0,0,0,0,0,0,0,0,0,0,0,0,0,0,0,0,0,0,0,
TFF1,5,4,3,2,1,0,0,0,0,0,0,0,0,0,0,0,0,0,0,0,0,0,0,0,0,0,0,
TFPI,5,4,3,2,1,0,0,0,0,0,0,0,0,0,0,0,0,0,0,0,0,0,0,0,0,0,0,
TFRC,5,4,3,2,1,0,0,0,0,0,0,0,0,0,0,0,0,0,0,0,0,0,0,0,0,0,0,
TG,5,6,7,8,9,9,9,9,9,9,9,9,9,9,9,9,9,9,9,9,9,9,9,9,9,9,9,
TGFA,5,4,3,2,1,0,0,0,0,0,0,0,0,0,0,0,0,0,0,0,0,0,0,0,0,0,0,
TGFB1,5,4,3,2,1,0,0,0,0,0,0,0,0,0,0,0,0,0,0,0,0,0,0,0,0,0,0,
TGFBR1,5,4,4,3,2,1,0,0,0,0,0,0,0,0,0,0,0,0,0,0,0,0,0,0,0,0,0,
TGFBR1-ACVR2B,0,1,2,3,2,1,0,0,0,0,0,0,0,0,0,0,0,0,0,0,0,0,0,0,0,0,0,
TGFBR2,5,5,4,3,2,1,0,0,0,0,0,0,0,0,0,0,0,0,0,0,0,0,0,0,0,0,0,
TGFBR2-TGFBR1,0,0,0,0,0,0,0,0,0,0,0,0,0,0,0,0,0,0,0,0,0,0,0,0,0,0,0,
TGIF2,5,4,3,2,1,0,0,0,0,0,0,0,0,0,0,0,0,0,0,0,0,0,0,0,0,0,0,
TH,5,4,3,4,5,6,7,8,9,9,9,9,9,9,9,9,9,9,9,9,9,9,9,9,9,9,9,
THBD,5,6,7,6,5,4,3,2,1,0,0,0,0,0,0,0,0,0,0,0,0,0,0,0,0,0,0,
THBS1,5,4,3,4,5,6,7,8,9,9,9,9,9,9,9,9,9,9,9,9,9,9,9,9,9,9,9,
THEM4,5,4,3,2,1,0,0,0,0,0,0,0,0,0,0,0,0,0,0,0,0,0,0,0,0,0,0,
THOC1,5,4,3,2,1,0,0,0,0,0,0,0,0,0,0,0,0,0,0,0,0,0,0,0,0,0,0,
THOC2,5,4,3,2,1,0,0,0,0,0,0,0,0,0,0,0,0,0,0,0,0,0,0,0,0,0,0,
THOC5,5,4,3,2,1,0,0,0,0,0,0,0,0,0,0,0,0,0,0,0,0,0,0,0,0,0,0,
THOC6,5,4,3,2,1,0,0,0,0,0,0,0,0,0,0,0,0,0,0,0,0,0,0,0,0,0,0,
THOC7,5,4,3,2,1,0,0,0,0,0,0,0,0,0,0,0,0,0,0,0,0,0,0,0,0,0,0,
THPO,5,4,3,2,1,0,0,0,0,0,0,0,0,0,0,0,0,0,0,0,0,0,0,0,0,0,0,
THRA,5,5,6,7,8,9,9,9,9,9,9,9,9,9,9,9,9,9,9,9,9,9,9,9,9,9,9,
THRA-RXRA,0,0,0,0,0,0,0,0,0,0,0,0,0,0,0,0,0,0,0,0,0,0,0,0,0,0,0,
THRB,5,5,6,7,8,9,9,9,9,9,9,9,9,9,9,9,9,9,9,9,9,9,9,9,9,9,9,
THTPA,5,4,3,2,1,0,0,0,0,0,0,0,0,0,0,0,0,0,0,0,0,0,0,0,0,0,0,
THY1,5,4,3,2,1,0,0,0,0,0,0,0,0,0,0,0,0,0,0,0,0,0,0,0,0,0,0,
TIAM1,5,6,7,8,9,9,9,9,9,9,9,9,9,9,9,9,9,9,9,9,9,9,9,9,9,9,9,
TICAM1,5,6,7,8,9,8,7,6,5,4,3,2,1,0,0,0,0,0,0,0,0,0,0,0,0,0,0,
TICAM2,5,5,5,4,3,2,1,0,0,0,0,0,0,0,0,0,0,0,0,0,0,0,0,0,0,0,0,
TICAM2-TICAM1,0,1,2,3,3,2,1,0,0,0,0,0,0,0,0,0,0,0,0,0,0,0,0,0,0,0,0,
TIGIT,5,6,7,8,7,6,5,4,3,2,1,0,0,0,0,0,0,0,0,0,0,0,0,0,0,0,0,
TIMP1,5,4,3,2,1,0,0,0,0,0,0,0,0,0,0,0,0,0,0,0,0,0,0,0,0,0,0,
TIRAP-MYD88,0,1,2,3,3,2,1,0,0,0,0,0,0,0,0,0,0,0,0,0,0,0,0,0,0,0,0,
TJAP1,5,4,3,2,1,0,0,0,0,0,0,0,0,0,0,0,0,0,0,0,0,0,0,0,0,0,0,
TJP1,5,4,3,4,5,6,7,8,9,9,9,9,9,9,9,9,9,9,9,9,9,9,9,9,9,9,9,
TJP3,1,0,0,0,0,0,0,0,0,0,0,0,0,0,0,0,0,0,0,0,0,0,0,0,0,0,0,
TK1,5,4,3,2,1,0,0,0,0,0,0,0,0,0,0,0,0,0,0,0,0,0,0,0,0,0,0,
TKFC,5,4,3,2,1,0,0,0,0,0,0,0,0,0,0,0,0,0,0,0,0,0,0,0,0,0,0,
TKT,5,4,3,2,1,0,0,0,0,0,0,0,0,0,0,0,0,0,0,0,0,0,0,0,0,0,0,
TLN1,5,4,3,3,4,5,6,7,8,9,9,9,9,9,9,9,9,9,9,9,9,9,9,9,9,9,9,
TLR1,5,4,3,2,1,0,0,0,0,0,0,0,0,0,0,0,0,0,0,0,0,0,0,0,0,0,0,
TLR2,5,4,3,2,1,0,0,0,0,0,0,0,0,0,0,0,0,0,0,0,0,0,0,0,0,0,0,
TLR3,5,4,3,2,1,0,0,0,0,0,0,0,0,0,0,0,0,0,0,0,0,0,0,0,0,0,0,
TLR4,5,5,4,3,2,1,0,0,0,0,0,0,0,0,0,0,0,0,0,0,0,0,0,0,0,0,0,
TLR5,5,4,3,2,1,0,0,0,0,0,0,0,0,0,0,0,0,0,0,0,0,0,0,0,0,0,0,
TLR6,5,4,3,2,1,0,0,0,0,0,0,0,0,0,0,0,0,0,0,0,0,0,0,0,0,0,0,
TLR7,5,4,3,2,1,0,0,0,0,0,0,0,0,0,0,0,0,0,0,0,0,0,0,0,0,0,0,
TLR9,5,4,3,2,1,0,0,0,0,0,0,0,0,0,0,0,0,0,0,0,0,0,0,0,0,0,0,
TM7SF2,5,4,3,2,1,0,0,0,0,0,0,0,0,0,0,0,0,0,0,0,0,0,0,0,0,0,0,
TMEM173,0,0,1,2,3,2,1,0,0,0,0,0,0,0,0,0,0,0,0,0,0,0,0,0,0,0,0,
TMEM189,0,0,0,0,0,0,0,0,0,0,0,0,0,0,0,0,0,0,0,0,0,0,0,0,0,0,0,
TMEM86B,5,4,3,2,1,0,0,0,0,0,0,0,0,0,0,0,0,0,0,0,0,0,0,0,0,0,0,
TMSB4X,5,4,3,2,1,0,0,0,0,0,0,0,0,0,0,0,0,0,0,0,0,0,0,0,0,0,0,
TNC,5,4,3,2,1,0,0,0,0,0,0,0,0,0,0,0,0,0,0,0,0,0,0,0,0,0,0,
TNF,5,6,7,8,9,9,9,9,9,9,9,9,9,9,9,9,9,9,9,9,9,9,9,9,9,9,9,
TNFAIP3,5,4,3,2,1,0,0,0,0,0,0,0,0,0,0,0,0,0,0,0,0,0,0,0,0,0,0,
TNFRSF10B,5,6,7,8,9,9,9,9,9,9,9,9,9,9,9,9,9,9,9,9,9,9,9,9,9,9,9,
TNFRSF10C,5,6,7,7,6,5,6,7,8,8,8,8,9,9,9,9,9,9,9,9,9,9,9,9,9,9,9,
TNFRSF10D,5,6,7,7,6,5,6,7,8,8,8,8,9,9,9,9,9,9,9,9,9,9,9,9,9,9,9,
TNFRSF11A,1,2,3,4,4,4,5,5,4,4,5,5,4,4,5,5,4,4,5,5,4,4,5,5,4,4,5,
TNFRSF11B,1,2,3,4,4,4,5,5,4,4,5,5,4,4,5,5,4,4,5,5,4,4,5,5,4,4,5,
TNFRSF12A,9,8,7,6,5,4,3,2,1,0,0,0,0,0,0,0,0,0,0,0,0,0,0,0,0,0,0,
TNFRSF13B,5,6,7,8,9,9,8,7,6,5,4,3,2,1,0,0,0,0,0,0,0,0,0,0,0,0,0,
TNFRSF13C,1,2,3,4,5,5,4,3,2,1,0,0,0,0,0,0,0,0,0,0,0,0,0,0,0,0,0,
TNFRSF14,5,6,7,6,5,4,3,2,1,0,0,0,0,0,0,0,0,0,0,0,0,0,0,0,0,0,0,
TNFRSF17,5,6,7,8,9,9,8,7,6,5,4,3,2,1,0,0,0,0,0,0,0,0,0,0,0,0,0,
TNFRSF18,5,6,7,7,6,5,4,3,2,1,0,0,0,0,0,0,0,0,0,0,0,0,0,0,0,0,0,
TNFRSF1A,5,6,7,8,9,9,9,9,9,9,9,9,9,9,9,9,9,9,9,9,9,9,9,9,9,9,9,
TNFRSF1B,5,6,7,8,9,9,9,9,9,9,9,9,9,9,9,9,9,9,9,9,9,9,9,9,9,9,9,
TNFRSF25,1,2,3,3,2,1,0,0,0,0,0,0,0,0,0,0,0,0,0,0,0,0,0,0,0,0,0,
TNFRSF4,5,5,4,3,2,1,0,0,0,0,0,0,0,0,0,0,0,0,0,0,0,0,0,0,0,0,0,
TNFRSF6B,5,6,7,8,9,9,9,9,9,9,9,9,9,9,9,9,9,9,9,9,9,9,9,9,9,9,9,
TNFRSF8,5,5,4,3,2,1,0,0,0,0,0,0,0,0,0,0,0,0,0,0,0,0,0,0,0,0,0,
TNFRSF9,9,8,7,6,5,4,3,2,1,0,0,0,0,0,0,0,0,0,0,0,0,0,0,0,0,0,0,
TNFSF10,9,8,7,6,5,6,7,8,8,8,8,9,9,9,9,9,9,9,9,9,9,9,9,9,9,9,9,
TNFSF11,5,4,4,4,4,5,5,4,4,5,5,4,4,5,5,4,4,5,5,4,4,5,5,4,4,5,5,
TNFSF12,5,4,3,2,1,0,0,0,0,0,0,0,0,0,0,0,0,0,0,0,0,0,0,0,0,0,0,
TNFSF13,9,8,7,6,5,4,3,2,1,0,0,0,0,0,0,0,0,0,0,0,0,0,0,0,0,0,0,
TNFSF13B,9,8,7,6,5,4,3,2,1,0,0,0,0,0,0,0,0,0,0,0,0,0,0,0,0,0,0,
TNFSF14,5,4,3,2,1,0,0,0,0,0,0,0,0,0,0,0,0,0,0,0,0,0,0,0,0,0,0,
TNFSF15,5,4,3,2,1,0,0,0,0,0,0,0,0,0,0,0,0,0,0,0,0,0,0,0,0,0,0,
TNFSF18,9,8,7,6,5,4,3,2,1,0,0,0,0,0,0,0,0,0,0,0,0,0,0,0,0,0,0,
TNFSF4,5,4,3,2,1,0,0,0,0,0,0,0,0,0,0,0,0,0,0,0,0,0,0,0,0,0,0,
TNFSF8,5,4,3,2,1,0,0,0,0,0,0,0,0,0,0,0,0,0,0,0,0,0,0,0,0,0,0,
TNFSF9,1,0,0,0,0,0,0,0,0,0,0,0,0,0,0,0,0,0,0,0,0,0,0,0,0,0,0,
TNNC1,9,8,7,6,5,4,3,2,1,0,0,0,0,0,0,0,0,0,0,0,0,0,0,0,0,0,0,
TNNI3,5,4,3,2,1,0,1,2,3,4,5,6,7,8,9,9,9,9,9,9,9,9,9,9,9,9,9,
TNNT2,5,4,3,2,1,0,0,0,0,0,0,0,0,0,0,0,0,0,0,0,0,0,0,0,0,0,0,
TOB1,5,4,3,2,1,0,0,0,0,0,0,0,0,0,0,0,0,0,0,0,0,0,0,0,0,0,0,
TP53,5,6,7,8,9,9,9,9,9,9,9,9,9,9,9,9,9,9,9,9,9,9,9,9,9,9,9,
TP53AIP1,5,6,7,8,9,9,9,9,9,9,9,9,9,9,9,9,9,9,9,9,9,9,9,9,9,9,9,
TP53BP1,5,4,3,2,1,0,0,0,0,0,0,0,0,0,0,0,0,0,0,0,0,0,0,0,0,0,0,
TP53INP2,5,4,3,2,1,0,0,0,0,0,0,0,0,0,0,0,0,0,0,0,0,0,0,0,0,0,0,
TP73,5,5,6,7,8,9,9,9,9,9,9,9,9,9,9,9,9,9,9,9,9,9,9,9,9,9,9,
TPCN2,5,4,3,2,3,4,5,5,5,5,6,7,8,9,9,9,9,9,9,9,9,9,9,9,9,9,9,
TPH2,9,8,7,6,5,4,3,2,1,0,0,0,0,0,0,0,0,0,0,0,0,0,0,0,0,0,0,
TPI1,5,4,3,2,1,0,0,0,0,0,0,0,0,0,0,0,0,0,0,0,0,0,0,0,0,0,0,
TPK1,5,4,3,2,1,0,0,0,0,0,0,0,0,0,0,0,0,0,0,0,0,0,0,0,0,0,0,
TPM1,9,8,7,6,5,4,3,2,1,0,0,0,0,0,0,0,0,0,0,0,0,0,0,0,0,0,0,
TPMT,5,4,3,2,1,0,0,0,0,0,0,0,0,0,0,0,0,0,0,0,0,0,0,0,0,0,0,
TPO,5,4,3,2,1,0,0,0,0,0,0,0,0,0,0,0,0,0,0,0,0,0,0,0,0,0,0,
TPTEP2-CSNK1E,5,4,3,2,1,0,0,0,0,0,0,0,0,0,0,0,0,0,0,0,0,0,0,0,0,0,0,
TPTEP2-CSNK1E-DVL1,0,0,0,0,0,0,0,0,0,0,0,0,0,0,0,0,0,0,0,0,0,0,0,0,0,0,0,
TRADD,5,5,6,7,8,9,9,9,9,9,9,9,9,9,9,9,9,9,9,9,9,9,9,9,9,9,9,
TRAF1,9,8,7,7,8,9,9,9,9,9,9,9,9,9,9,9,9,9,9,9,9,9,9,9,9,9,9,
TRAF2,5,6,7,8,9,9,9,9,9,9,9,9,9,9,9,9,9,9,9,9,9,9,9,9,9,9,9,
TRAF2-ERN1,0,0,0,0,0,0,0,0,0,0,0,0,0,0,0,0,0,0,0,0,0,0,0,0,0,0,0,
TRAF2-RIPK1,0,1,2,3,4,5,6,7,8,9,9,9,9,9,9,9,9,9,9,9,9,9,9,9,9,9,9,
TRAF2-TRAF3,0,0,0,0,0,0,0,0,0,0,0,0,0,0,0,0,0,0,0,0,0,0,0,0,0,0,0,
TRAF2-TRAF5,0,0,0,0,0,0,0,0,0,0,0,0,0,0,0,0,0,0,0,0,0,0,0,0,0,0,0,
TRAF3,5,5,6,7,8,9,9,9,9,9,9,9,9,9,9,9,9,9,9,9,9,9,9,9,9,9,9,
TRAF3-TRAF6,0,0,0,0,0,0,0,0,0,0,0,0,0,0,0,0,0,0,0,0,0,0,0,0,0,0,0,
TRAF6,5,4,3,4,5,6,7,8,9,9,9,9,9,9,9,9,9,9,9,9,9,9,9,9,9,9,9,
TRAF6-RIPK1,0,1,2,3,4,5,6,7,6,5,4,3,2,1,0,0,0,0,0,0,0,0,0,0,0,0,0,
TRAF6-TRAF2,0,0,0,0,0,0,0,0,0,0,0,0,0,0,0,0,0,0,0,0,0,0,0,0,0,0,0,
TRAK2,5,4,3,2,1,0,0,0,0,0,0,0,0,0,0,0,0,0,0,0,0,0,0,0,0,0,0,
TRDN,5,4,3,2,1,0,0,0,0,0,0,0,0,0,0,0,0,0,0,0,0,0,0,0,0,0,0,
TRDN-ASPH,0,0,0,0,0,0,0,0,0,0,0,0,0,0,0,0,0,0,0,0,0,0,0,0,0,0,0,
TRH,5,4,3,2,1,0,0,0,0,0,0,0,0,0,0,0,0,0,0,0,0,0,0,0,0,0,0,
TRHR,5,5,4,3,2,1,0,0,0,0,0,0,0,0,0,0,0,0,0,0,0,0,0,0,0,0,0,
TRIM25,5,4,3,2,1,0,0,0,0,0,0,0,0,0,0,0,0,0,0,0,0,0,0,0,0,0,0,
TRIP10,5,4,3,2,1,0,0,0,0,0,0,0,0,0,0,0,0,0,0,0,0,0,0,0,0,0,0,
TRIP6,5,4,3,2,1,0,0,0,0,0,0,0,0,0,0,0,0,0,0,0,0,0,0,0,0,0,0,
TRPA1,5,5,6,7,8,9,9,9,9,9,9,9,9,9,9,9,9,9,9,9,9,9,9,9,9,9,9,
TRPC1,5,5,6,7,8,9,9,9,9,9,9,9,9,9,9,9,9,9,9,9,9,9,9,9,9,9,9,
TRPC6,5,5,6,7,8,7,6,5,4,3,2,1,0,0,0,0,0,0,0,0,0,0,0,0,0,0,0,
TRPM2,5,4,3,2,3,4,5,6,7,8,9,9,9,9,9,9,9,9,9,9,9,9,9,9,9,9,9,
TRPM4,5,4,3,2,1,0,0,0,0,0,0,0,0,0,0,0,0,0,0,0,0,0,0,0,0,0,0,
TRPM5,5,4,3,2,3,4,5,6,7,8,9,9,9,9,9,9,9,9,9,9,9,9,9,9,9,9,9,
TRPM8,5,4,3,2,1,0,0,0,0,0,0,0,0,0,0,0,0,0,0,0,0,0,0,0,0,0,0,
TRPV1,5,6,7,8,9,9,9,9,9,9,9,9,9,9,9,9,9,9,9,9,9,9,9,9,9,9,9,
TRPV2,1,2,3,3,2,1,0,0,0,0,0,0,0,0,0,0,0,0,0,0,0,0,0,0,0,0,0,
TRPV3,5,4,3,2,1,0,0,0,0,0,0,0,0,0,0,0,0,0,0,0,0,0,0,0,0,0,0,
TRPV4,5,6,7,8,9,9,9,9,9,9,9,9,9,9,9,9,9,9,9,9,9,9,9,9,9,9,9,
TRPV5,5,6,7,8,9,9,9,9,9,9,9,9,9,9,9,9,9,9,9,9,9,9,9,9,9,9,9,
TRPV6,5,5,4,3,2,1,0,0,0,0,0,0,0,0,0,0,0,0,0,0,0,0,0,0,0,0,0,
TSC1,5,4,3,2,1,0,0,0,0,0,0,0,0,0,0,0,0,0,0,0,0,0,0,0,0,0,0,
TSC1-107080638,0,0,0,0,0,0,0,0,0,0,0,0,0,0,0,0,0,0,0,0,0,0,0,0,0,0,0,
TSC1-TSC2,0,0,1,2,3,4,3,2,1,0,0,0,0,0,0,0,0,0,0,0,0,0,0,0,0,0,0,
TSC2,5,4,3,4,4,4,3,2,1,0,0,0,0,0,0,0,0,0,0,0,0,0,0,0,0,0,0,
TSC2-TSC1,0,1,2,3,4,5,6,7,8,9,9,9,9,9,9,9,9,9,9,9,9,9,9,9,9,9,9,
TSHR,5,5,4,3,2,1,0,0,0,0,0,0,0,0,0,0,0,0,0,0,0,0,0,0,0,0,0,
TSLP,5,4,3,2,1,0,0,0,0,0,0,0,0,0,0,0,0,0,0,0,0,0,0,0,0,0,0,
TSPO,5,4,3,2,1,0,0,0,0,0,0,0,0,0,0,0,0,0,0,0,0,0,0,0,0,0,0,
TTF1,5,6,7,8,9,9,9,9,9,9,9,9,9,9,9,9,9,9,9,9,9,9,9,9,9,9,9,
TTF2,5,6,7,8,9,9,9,9,9,9,9,9,9,9,9,9,9,9,9,9,9,9,9,9,9,9,9,
TTI1,5,4,3,2,1,0,0,0,0,0,0,0,0,0,0,0,0,0,0,0,0,0,0,0,0,0,0,
TTK,5,4,3,2,1,0,0,0,0,0,0,0,0,0,0,0,0,0,0,0,0,0,0,0,0,0,0,
TUBA1B,5,4,3,2,1,0,0,0,0,0,0,0,0,0,0,0,0,0,0,0,0,0,0,0,0,0,0,
TUBA1B-TUBB3,0,0,0,0,0,0,0,0,0,0,0,0,0,0,0,0,0,0,0,0,0,0,0,0,0,0,0,
TUBB3,5,4,3,2,1,0,0,0,0,0,0,0,0,0,0,0,0,0,0,0,0,0,0,0,0,0,0,
TXN2,5,4,3,2,1,0,0,0,0,0,0,0,0,0,0,0,0,0,0,0,0,0,0,0,0,0,0,
TXNDC12,5,4,3,2,1,0,0,0,0,0,0,0,0,0,0,0,0,0,0,0,0,0,0,0,0,0,0,
TXNIP,5,4,3,2,1,0,0,0,0,0,0,0,0,0,0,0,0,0,0,0,0,0,0,0,0,0,0,
TXNRD2,5,4,3,2,1,0,0,0,0,0,0,0,0,0,0,0,0,0,0,0,0,0,0,0,0,0,0,
TYK2,5,5,6,7,8,9,9,9,9,9,9,9,9,9,9,9,9,9,9,9,9,9,9,9,9,9,9,
TYMP,5,4,3,2,1,0,0,0,0,0,0,0,0,0,0,0,0,0,0,0,0,0,0,0,0,0,0,
TYMS,5,4,3,2,1,0,0,0,0,0,0,0,0,0,0,0,0,0,0,0,0,0,0,0,0,0,0,
TYR,5,6,7,8,9,9,9,9,9,9,9,9,9,9,9,9,9,9,9,9,9,9,9,9,9,9,9,
TYROBP,5,6,7,8,9,9,9,9,9,9,9,9,9,9,9,9,9,9,9,9,9,9,9,9,9,9,9,
TYRP1,9,8,7,7,8,9,9,9,9,9,9,9,9,9,9,9,9,9,9,9,9,9,9,9,9,9,9,
UAP1,5,4,3,2,1,0,0,0,0,0,0,0,0,0,0,0,0,0,0,0,0,0,0,0,0,0,0,
UBC,5,4,3,2,1,0,0,0,0,0,0,0,0,0,0,0,0,0,0,0,0,0,0,0,0,0,0,
UBE2I,5,4,3,2,1,0,0,0,0,0,0,0,0,0,0,0,0,0,0,0,0,0,0,0,0,0,0,
UBXN2A,0,0,0,0,0,0,0,0,0,0,0,0,0,0,0,0,0,0,0,0,0,0,0,0,0,0,0,
UCKL1,5,4,3,2,1,0,0,0,0,0,0,0,0,0,0,0,0,0,0,0,0,0,0,0,0,0,0,
UCN3,5,4,3,2,1,0,0,0,0,0,0,0,0,0,0,0,0,0,0,0,0,0,0,0,0,0,0,
UCP1,5,4,3,2,1,0,0,0,0,0,0,0,0,0,0,0,0,0,0,0,0,0,0,0,0,0,0,
UFD1,5,4,3,2,1,0,0,0,0,0,0,0,0,0,0,0,0,0,0,0,0,0,0,0,0,0,0,
UGCG,5,4,3,2,1,0,0,0,0,0,0,0,0,0,0,0,0,0,0,0,0,0,0,0,0,0,0,
UGDH,5,4,3,2,1,0,0,0,0,0,0,0,0,0,0,0,0,0,0,0,0,0,0,0,0,0,0,
UGP2,5,4,3,2,1,0,0,0,0,0,0,0,0,0,0,0,0,0,0,0,0,0,0,0,0,0,0,
UGT2B11,5,4,3,2,1,0,0,0,0,0,0,0,0,0,0,0,0,0,0,0,0,0,0,0,0,0,0,
UGT8,5,4,3,2,1,0,0,0,0,0,0,0,0,0,0,0,0,0,0,0,0,0,0,0,0,0,0,
ULBP3,5,4,3,2,1,0,0,0,0,0,0,0,0,0,0,0,0,0,0,0,0,0,0,0,0,0,0,
ULK1,5,4,3,2,1,0,0,0,0,0,0,0,0,0,0,0,0,0,0,0,0,0,0,0,0,0,0,
ULK1-RB1CC1,0,0,0,0,0,0,0,0,0,0,0,0,0,0,0,0,0,0,0,0,0,0,0,0,0,0,0,
UMPS,5,4,3,2,1,0,0,0,0,0,0,0,0,0,0,0,0,0,0,0,0,0,0,0,0,0,0,
UNC5D,5,6,7,8,9,9,9,9,9,9,9,9,9,9,9,9,9,9,9,9,9,9,9,9,9,9,9,
UPB1,5,4,3,2,1,0,0,0,0,0,0,0,0,0,0,0,0,0,0,0,0,0,0,0,0,0,0,
UPF1,5,5,4,3,2,1,0,0,0,0,0,0,0,0,0,0,0,0,0,0,0,0,0,0,0,0,0,
UPF1-UPF2,0,0,0,0,0,0,0,0,0,0,0,0,0,0,0,0,0,0,0,0,0,0,0,0,0,0,0,
UPF2,5,4,3,2,1,0,0,0,0,0,0,0,0,0,0,0,0,0,0,0,0,0,0,0,0,0,0,
UPF3B,5,4,3,2,1,0,0,0,0,0,0,0,0,0,0,0,0,0,0,0,0,0,0,0,0,0,0,
UPP2,5,4,3,2,1,0,0,0,0,0,0,0,0,0,0,0,0,0,0,0,0,0,0,0,0,0,0,
UPRT,5,4,3,2,1,0,0,0,0,0,0,0,0,0,0,0,0,0,0,0,0,0,0,0,0,0,0,
URM1,5,4,3,2,1,0,0,0,0,0,0,0,0,0,0,0,0,0,0,0,0,0,0,0,0,0,0,
UROC1,5,4,3,2,1,0,0,0,0,0,0,0,0,0,0,0,0,0,0,0,0,0,0,0,0,0,0,
UROD,5,4,3,2,1,0,0,0,0,0,0,0,0,0,0,0,0,0,0,0,0,0,0,0,0,0,0,
UROS,5,4,3,2,1,0,0,0,0,0,0,0,0,0,0,0,0,0,0,0,0,0,0,0,0,0,0,
USP1-WDR48,0,0,0,0,0,0,0,0,0,0,0,0,0,0,0,0,0,0,0,0,0,0,0,0,0,0,0,
USP7,5,4,3,2,1,0,0,0,0,0,0,0,0,0,0,0,0,0,0,0,0,0,0,0,0,0,0,
UTS2,5,4,3,2,1,0,0,0,0,0,0,0,0,0,0,0,0,0,0,0,0,0,0,0,0,0,0,
UTS2R,5,5,4,3,2,1,0,0,0,0,0,0,0,0,0,0,0,0,0,0,0,0,0,0,0,0,0,
UVRAG,5,5,4,3,2,1,0,0,0,0,0,0,0,0,0,0,0,0,0,0,0,0,0,0,0,0,0,
UXS1,5,4,3,2,1,0,0,0,0,0,0,0,0,0,0,0,0,0,0,0,0,0,0,0,0,0,0,
VAMP1,5,4,3,2,1,0,0,0,0,0,0,0,0,0,0,0,0,0,0,0,0,0,0,0,0,0,0,
VAMP2,5,4,3,2,1,0,0,0,0,0,0,0,0,0,0,0,0,0,0,0,0,0,0,0,0,0,0,
VAMP4,5,4,3,2,1,0,0,0,0,0,0,0,0,0,0,0,0,0,0,0,0,0,0,0,0,0,0,
VAMP8,5,4,3,2,1,0,0,0,0,0,0,0,0,0,0,0,0,0,0,0,0,0,0,0,0,0,0,
VANGL2,5,4,3,2,1,0,0,0,0,0,0,0,0,0,0,0,0,0,0,0,0,0,0,0,0,0,0,
VASP,5,6,7,6,5,4,5,6,7,8,9,9,9,9,9,9,9,9,9,9,9,9,9,9,9,9,9,
VAV3,5,6,7,8,9,9,9,9,9,9,9,9,9,9,9,9,9,9,9,9,9,9,9,9,9,9,9,
VAV3-TIAM1,0,1,2,3,4,5,6,7,8,9,9,9,9,9,9,9,9,9,9,9,9,9,9,9,9,9,9,
VCAM1,5,4,3,3,4,5,6,7,7,7,8,9,9,9,9,9,9,9,9,9,9,9,9,9,9,9,9,
VCL,5,4,3,2,1,0,0,0,0,0,0,0,0,0,0,0,0,0,0,0,0,0,0,0,0,0,0,
VCP,5,4,3,2,1,0,0,0,0,0,0,0,0,0,0,0,0,0,0,0,0,0,0,0,0,0,0,
VDR,5,4,3,2,1,0,0,0,0,0,0,0,0,0,0,0,0,0,0,0,0,0,0,0,0,0,0,
VEGFA,9,8,7,6,5,4,3,2,1,0,0,0,0,0,0,0,0,0,0,0,0,0,0,0,0,0,0,
VHL-RBX1,0,0,0,0,0,0,0,0,0,0,0,0,0,0,0,0,0,0,0,0,0,0,0,0,0,0,0,
VIP,5,4,3,2,1,0,0,0,0,0,0,0,0,0,0,0,0,0,0,0,0,0,0,0,0,0,0,
VIPR1,5,5,4,3,2,1,0,0,0,0,0,0,0,0,0,0,0,0,0,0,0,0,0,0,0,0,0,
VKORC1L1,5,4,3,2,1,0,0,0,0,0,0,0,0,0,0,0,0,0,0,0,0,0,0,0,0,0,0,
VMP1,5,6,7,6,5,4,3,2,1,0,0,0,0,0,0,0,0,0,0,0,0,0,0,0,0,0,0,
VNN3,5,4,3,2,1,0,0,0,0,0,0,0,0,0,0,0,0,0,0,0,0,0,0,0,0,0,0,
VPS45,5,4,3,2,1,0,0,0,0,0,0,0,0,0,0,0,0,0,0,0,0,0,0,0,0,0,0,
VPS4A,5,4,3,2,1,0,0,0,0,0,0,0,0,0,0,0,0,0,0,0,0,0,0,0,0,0,0,
VPS4A-VTA1,0,0,0,0,0,0,0,0,0,0,0,0,0,0,0,0,0,0,0,0,0,0,0,0,0,0,0,
VSIR,5,4,3,2,1,0,0,0,0,0,0,0,0,0,0,0,0,0,0,0,0,0,0,0,0,0,0,
VTA1,5,4,3,2,1,0,0,0,0,0,0,0,0,0,0,0,0,0,0,0,0,0,0,0,0,0,0,
VTI1B-STX8,0,1,2,3,2,1,0,0,0,0,0,0,0,0,0,0,0,0,0,0,0,0,0,0,0,0,0,
VTN,5,4,3,2,1,0,0,0,0,0,0,0,0,0,0,0,0,0,0,0,0,0,0,0,0,0,0,
VWF,5,4,3,2,1,0,0,0,0,0,0,0,0,0,0,0,0,0,0,0,0,0,0,0,0,0,0,
WAS,5,5,6,7,8,9,9,9,9,9,9,9,9,9,9,9,9,9,9,9,9,9,9,9,9,9,9,
WAS-VASP,0,1,2,3,4,5,6,7,8,9,9,9,9,9,9,9,9,9,9,9,9,9,9,9,9,9,9,
WASF1-BRK1,0,0,0,0,0,0,0,0,0,0,0,0,0,0,0,0,0,0,0,0,0,0,0,0,0,0,0,
WASF2,5,6,7,8,9,9,9,9,9,9,9,9,9,9,9,9,9,9,9,9,9,9,9,9,9,9,9,
WASF2-BAIAP2,0,1,2,3,4,5,6,7,8,9,9,9,9,9,9,9,9,9,9,9,9,9,9,9,9,9,9,
WASL,5,5,6,7,8,9,9,9,9,9,9,9,9,9,9,9,9,9,9,9,9,9,9,9,9,9,9,
WDR33-WDR82,0,0,0,0,0,0,0,0,0,0,0,0,0,0,0,0,0,0,0,0,0,0,0,0,0,0,0,
WEE2,5,4,3,2,1,0,0,0,0,0,0,0,0,0,0,0,0,0,0,0,0,0,0,0,0,0,0,
WFS1,5,4,3,2,1,0,0,0,0,0,0,0,0,0,0,0,0,0,0,0,0,0,0,0,0,0,0,
WHAMM,5,5,6,7,8,9,9,9,9,9,9,9,9,9,9,9,9,9,9,9,9,9,9,9,9,9,9,
WIF1,5,4,3,2,1,0,0,0,0,0,0,0,0,0,0,0,0,0,0,0,0,0,0,0,0,0,0,
WIPI2,5,4,3,2,1,0,0,0,0,0,0,0,0,0,0,0,0,0,0,0,0,0,0,0,0,0,0,
WNT11,5,4,3,2,1,0,0,0,0,0,0,0,0,0,0,0,0,0,0,0,0,0,0,0,0,0,0,
WNT16,9,8,7,6,5,4,3,2,1,0,0,0,0,0,0,0,0,0,0,0,0,0,0,0,0,0,0,
WNT4,5,6,7,8,9,9,9,9,9,9,9,9,9,9,9,9,9,9,9,9,9,9,9,9,9,9,9,
WNT5A,5,4,3,2,1,0,0,0,0,0,0,0,0,0,0,0,0,0,0,0,0,0,0,0,0,0,0,
WTIP,9,8,7,6,5,4,3,2,1,0,0,0,0,0,0,0,0,0,0,0,0,0,0,0,0,0,0,
WWC1-NF2,0,0,0,0,0,0,0,0,0,0,0,0,0,0,0,0,0,0,0,0,0,0,0,0,0,0,0,
WWTR1-YWHAQ,0,0,0,0,0,0,0,0,0,0,0,0,0,0,0,0,0,0,0,0,0,0,0,0,0,0,0,
XBP1,9,8,7,6,5,4,3,2,1,0,0,0,0,0,0,0,0,0,0,0,0,0,0,0,0,0,0,
XCL1,5,4,3,2,1,0,0,0,0,0,0,0,0,0,0,0,0,0,0,0,0,0,0,0,0,0,0,
XCL2,5,4,3,2,1,0,0,0,0,0,0,0,0,0,0,0,0,0,0,0,0,0,0,0,0,0,0,
XCR1,5,6,7,6,5,4,3,2,1,0,0,0,0,0,0,0,0,0,0,0,0,0,0,0,0,0,0,
XDH,5,4,3,2,1,0,0,0,0,0,0,0,0,0,0,0,0,0,0,0,0,0,0,0,0,0,0,
XIAP,5,4,3,2,1,0,0,0,0,0,0,0,0,0,0,0,0,0,0,0,0,0,0,0,0,0,0,
XPO1,5,4,3,2,1,0,0,0,0,0,0,0,0,0,0,0,0,0,0,0,0,0,0,0,0,0,0,
XPO5,5,4,3,2,1,0,0,0,0,0,0,0,0,0,0,0,0,0,0,0,0,0,0,0,0,0,0,
XPOT,5,4,3,2,1,0,0,0,0,0,0,0,0,0,0,0,0,0,0,0,0,0,0,0,0,0,0,
XYLB,5,4,3,2,1,0,0,0,0,0,0,0,0,0,0,0,0,0,0,0,0,0,0,0,0,0,0,
XYLT1,5,4,3,2,1,0,0,0,0,0,0,0,0,0,0,0,0,0,0,0,0,0,0,0,0,0,0,
YAP1,5,4,3,2,1,0,1,0,0,0,0,0,0,0,0,0,0,0,0,0,0,0,0,0,0,0,0,
YAP1-TEAD1,0,0,0,0,0,0,0,0,0,0,0,0,0,0,0,0,0,0,0,0,0,0,0,0,0,0,0,
YAP1-TP73,0,0,0,0,0,0,0,0,0,0,0,0,0,0,0,0,0,0,0,0,0,0,0,0,0,0,0,
YBX3,5,4,3,2,1,0,0,0,0,0,0,0,0,0,0,0,0,0,0,0,0,0,0,0,0,0,0,
YES1,5,4,3,2,1,0,0,0,0,0,0,0,0,0,0,0,0,0,0,0,0,0,0,0,0,0,0,
YKT6,5,4,3,2,1,0,0,0,0,0,0,0,0,0,0,0,0,0,0,0,0,0,0,0,0,0,0,
YWHAE,5,4,3,2,1,0,0,0,0,0,0,0,0,0,0,0,0,0,0,0,0,0,0,0,0,0,0,
YWHAQ,5,5,4,3,2,1,0,0,0,0,0,0,0,0,0,0,0,0,0,0,0,0,0,0,0,0,0,
ZAP70,5,6,7,8,9,9,9,9,9,9,9,9,9,9,9,9,9,9,9,9,9,9,9,9,9,9,9,
ZBP1,5,4,3,2,1,0,0,0,0,0,0,0,0,0,0,0,0,0,0,0,0,0,0,0,0,0,0,
ZBTB17,5,4,3,2,1,0,0,0,0,0,0,0,0,0,0,0,0,0,0,0,0,0,0,0,0,0,0,
ZFYVE1,5,4,3,2,1,0,0,0,0,0,0,0,0,0,0,0,0,0,0,0,0,0,0,0,0,0,0,
ZFYVE9,5,4,3,2,1,0,0,0,0,0,0,0,0,0,0,0,0,0,0,0,0,0,0,0,0,0,0,
ZMAT3,5,5,6,7,8,9,9,9,9,9,9,9,9,9,9,9,9,9,9,9,9,9,9,9,9,9,9,
ZMPSTE24,5,4,3,2,1,0,0,0,0,0,0,0,0,0,0,0,0,0,0,0,0,0,0,0,0,0,0,
ZNF274,5,4,3,2,1,0,0,0,0,0,0,0,0,0,0,0,0,0,0,0,0,0,0,0,0,0,0,
ZNRF3,5,4,3,2,1,0,0,0,0,0,0,0,0,0,0,0,0,0,0,0,0,0,0,0,0,0,0,
ZYX,9,8,7,6,5,4,3,2,1,0,0,0,0,0,0,0,0,0,0,0,0,0,0,0,0,0,0,
####,####
*****Regular Nodes*****
Node,Initial State,Max State,Shape,Color,Position(x;y)
100653049,0,9,Rectangle,#ffffff,10.0;10.0,
102723532,0,9,Rectangle,#ffffff,10.0;10.0,
102723996,0,9,Rectangle,#ffffff,10.0;10.0,
102724788,0,9,Rectangle,#ffffff,10.0;10.0,
102725035,0,9,Rectangle,#ffffff,10.0;10.0,
102725035-FCGR1A,0,9,Hexagon,#ffffff,10.0;10.0,
107987478,0,9,Rectangle,#ffffff,10.0;10.0,
112267859,0,9,Rectangle,#ffffff,10.0;10.0,
A2M,5,9,Rectangle,#c0c0c0,10.0;10.0,
A3GALT2,5,9,Rectangle,#c0c0c0,10.0;10.0,
A4GALT,5,9,Rectangle,#c0c0c0,10.0;10.0,
AACS,5,9,Rectangle,#c0c0c0,10.0;10.0,
AADAT,5,9,Rectangle,#c0c0c0,10.0;10.0,
AANAT,5,9,Rectangle,#c0c0c0,10.0;10.0,
AASDHPPT,5,9,Rectangle,#c0c0c0,10.0;10.0,
AASS,5,9,Rectangle,#c0c0c0,10.0;10.0,
ABAT,1,9,Rectangle,#f3f3f3,10.0;10.0,
ABCB11,5,9,Rectangle,#c0c0c0,10.0;10.0,
ABCB4,5,9,Rectangle,#c0c0c0,10.0;10.0,
ABCC2,5,9,Rectangle,#c0c0c0,10.0;10.0,
ABCC8,5,9,Rectangle,#c0c0c0,10.0;10.0,
ABHD14A-ACY1,5,9,Rectangle,#c0c0c0,10.0;10.0,
ABHD5,5,9,Rectangle,#c0c0c0,10.0;10.0,
ABI2-NCKAP1,0,9,Hexagon,#ffffff,10.0;10.0,
ABL1,5,9,Rectangle,#c0c0c0,10.0;10.0,
ABLIM3,5,9,Rectangle,#c0c0c0,10.0;10.0,
ABO,5,9,Rectangle,#c0c0c0,10.0;10.0,
ACAA1,5,9,Rectangle,#c0c0c0,10.0;10.0,
ACAA2,5,9,Rectangle,#c0c0c0,10.0;10.0,
ACACA,5,9,Rectangle,#c0c0c0,10.0;10.0,
ACACB,5,9,Rectangle,#c0c0c0,10.0;10.0,
ACAD8,5,9,Rectangle,#c0c0c0,10.0;10.0,
ACADL,9,9,Rectangle,#8b8b8b,10.0;10.0,
ACADM,5,9,Rectangle,#c0c0c0,10.0;10.0,
ACADS,5,9,Rectangle,#c0c0c0,10.0;10.0,
ACADSB,5,9,Rectangle,#c0c0c0,10.0;10.0,
ACADVL,5,9,Rectangle,#c0c0c0,10.0;10.0,
ACAT1,5,9,Rectangle,#c0c0c0,10.0;10.0,
ACER1,5,9,Rectangle,#c0c0c0,10.0;10.0,
ACER3,5,9,Rectangle,#c0c0c0,10.0;10.0,
ACHE,5,9,Rectangle,#c0c0c0,10.0;10.0,
ACIN1,5,9,Rectangle,#c0c0c0,10.0;10.0,
ACKR3,5,9,Rectangle,#c0c0c0,10.0;10.0,
ACKR4,5,9,Rectangle,#c0c0c0,10.0;10.0,
ACLY,9,9,Rectangle,#8b8b8b,10.0;10.0,
ACMSD,1,9,Rectangle,#f3f3f3,10.0;10.0,
ACO1,5,9,Rectangle,#c0c0c0,10.0;10.0,
ACOT12,5,9,Rectangle,#c0c0c0,10.0;10.0,
ACOT2,5,9,Rectangle,#c0c0c0,10.0;10.0,
ACOT8,5,9,Rectangle,#c0c0c0,10.0;10.0,
ACOX1,5,9,Rectangle,#c0c0c0,10.0;10.0,
ACOX2,5,9,Rectangle,#c0c0c0,10.0;10.0,
ACP1,5,9,Rectangle,#c0c0c0,10.0;10.0,
ACP5,5,9,Rectangle,#c0c0c0,10.0;10.0,
ACSF3,5,9,Rectangle,#c0c0c0,10.0;10.0,
ACSL1,5,9,Rectangle,#c0c0c0,10.0;10.0,
ACSM1,5,9,Rectangle,#c0c0c0,10.0;10.0,
ACSS2,5,9,Rectangle,#c0c0c0,10.0;10.0,
ACSS3,5,9,Rectangle,#c0c0c0,10.0;10.0,
ACTA2,9,9,Rectangle,#8b8b8b,10.0;10.0,
ACTB,5,9,Rectangle,#c0c0c0,10.0;10.0,
ACTC1,5,9,Rectangle,#c0c0c0,10.0;10.0,
ACTN4,5,9,Rectangle,#c0c0c0,10.0;10.0,
ACTR3,5,9,Rectangle,#c0c0c0,10.0;10.0,
ACTR3-ACTB,0,9,Hexagon,#ffffff,10.0;10.0,
ACVR1,5,9,Rectangle,#c0c0c0,10.0;10.0,
ACVR1-ACVR2B,0,9,Hexagon,#ffffff,10.0;10.0,
ACVR1B-ACVR2B,0,9,Hexagon,#ffffff,10.0;10.0,
ACVR1C,5,9,Rectangle,#c0c0c0,10.0;10.0,
ACVR2A,5,9,Rectangle,#c0c0c0,10.0;10.0,
ACVR2A-ACVR1,0,9,Hexagon,#ffffff,10.0;10.0,
ACVR2A-BMPR1B,0,9,Hexagon,#ffffff,10.0;10.0,
ACYP1,5,9,Rectangle,#c0c0c0,10.0;10.0,
ADA,5,9,Rectangle,#c0c0c0,10.0;10.0,
ADAM17,5,9,Rectangle,#c0c0c0,10.0;10.0,
ADCY1,5,9,Rectangle,#c0c0c0,10.0;10.0,
ADCY10,5,9,Rectangle,#c0c0c0,10.0;10.0,
ADCY2,5,9,Rectangle,#c0c0c0,10.0;10.0,
ADCY3,5,9,Rectangle,#c0c0c0,10.0;10.0,
ADCY5,1,9,Rectangle,#f3f3f3,10.0;10.0,
ADCY6,5,9,Rectangle,#c0c0c0,10.0;10.0,
ADCYAP1,5,9,Rectangle,#c0c0c0,10.0;10.0,
ADCYAP1R1,5,9,Rectangle,#c0c0c0,10.0;10.0,
ADGRB1,5,9,Rectangle,#c0c0c0,10.0;10.0,
ADH1A,5,9,Rectangle,#c0c0c0,10.0;10.0,
ADI1,5,9,Rectangle,#c0c0c0,10.0;10.0,
ADIPOQ,5,9,Rectangle,#c0c0c0,10.0;10.0,
ADIPOR1,5,9,Rectangle,#c0c0c0,10.0;10.0,
ADK,5,9,Rectangle,#c0c0c0,10.0;10.0,
ADM,5,9,Rectangle,#c0c0c0,10.0;10.0,
ADO,5,9,Rectangle,#c0c0c0,10.0;10.0,
ADORA1,5,9,Rectangle,#c0c0c0,10.0;10.0,
ADORA2A,5,9,Rectangle,#c0c0c0,10.0;10.0,
ADPGK,5,9,Rectangle,#c0c0c0,10.0;10.0,
ADPRM,5,9,Rectangle,#c0c0c0,10.0;10.0,
ADRA1A,5,9,Rectangle,#c0c0c0,10.0;10.0,
ADRA1D,5,9,Rectangle,#c0c0c0,10.0;10.0,
ADRB1,5,9,Rectangle,#c0c0c0,10.0;10.0,
ADRB2,5,9,Rectangle,#c0c0c0,10.0;10.0,
ADSL,5,9,Rectangle,#c0c0c0,10.0;10.0,
ADSS1,1,9,Rectangle,#f3f3f3,10.0;10.0,
AFDN,5,9,Rectangle,#c0c0c0,10.0;10.0,
AFMID,5,9,Rectangle,#c0c0c0,10.0;10.0,
AFP,5,9,Rectangle,#c0c0c0,10.0;10.0,
AGAP2,5,9,Rectangle,#c0c0c0,10.0;10.0,
AGK,5,9,Rectangle,#c0c0c0,10.0;10.0,
AGL,5,9,Rectangle,#c0c0c0,10.0;10.0,
AGMAT,5,9,Rectangle,#c0c0c0,10.0;10.0,
AGPAT1,5,9,Rectangle,#c0c0c0,10.0;10.0,
AGRN,5,9,Rectangle,#c0c0c0,10.0;10.0,
AGRP,5,9,Rectangle,#c0c0c0,10.0;10.0,
AGT,5,9,Rectangle,#c0c0c0,10.0;10.0,
AGTR1,5,9,Rectangle,#c0c0c0,10.0;10.0,
AGTR2,5,9,Rectangle,#c0c0c0,10.0;10.0,
AGXT,5,9,Rectangle,#c0c0c0,10.0;10.0,
AGXT2,5,9,Rectangle,#c0c0c0,10.0;10.0,
AHCYL1,5,9,Rectangle,#c0c0c0,10.0;10.0,
AIFM2,5,9,Rectangle,#c0c0c0,10.0;10.0,
AIM2,5,9,Rectangle,#c0c0c0,10.0;10.0,
AK3,5,9,Rectangle,#c0c0c0,10.0;10.0,
AK6,5,9,Rectangle,#c0c0c0,10.0;10.0,
AK7,1,9,Rectangle,#f3f3f3,10.0;10.0,
AKR1A1,5,9,Rectangle,#c0c0c0,10.0;10.0,
AKR1B1,5,9,Rectangle,#c0c0c0,10.0;10.0,
AKR1C1,5,9,Rectangle,#c0c0c0,10.0;10.0,
AKR1C2,9,9,Rectangle,#8b8b8b,10.0;10.0,
AKR1C3,5,9,Rectangle,#c0c0c0,10.0;10.0,
AKR1C4,5,9,Rectangle,#c0c0c0,10.0;10.0,
AKR1D1,5,9,Rectangle,#c0c0c0,10.0;10.0,
AKT1S1,5,9,Rectangle,#c0c0c0,10.0;10.0,
AKT3,5,9,Rectangle,#c0c0c0,10.0;10.0,
ALAD,5,9,Rectangle,#c0c0c0,10.0;10.0,
ALAS1,5,9,Rectangle,#c0c0c0,10.0;10.0,
ALCAM,5,9,Rectangle,#c0c0c0,10.0;10.0,
ALDH18A1,5,9,Rectangle,#c0c0c0,10.0;10.0,
ALDH1A1,5,9,Rectangle,#c0c0c0,10.0;10.0,
ALDH1L1,5,9,Rectangle,#c0c0c0,10.0;10.0,
ALDH2,5,9,Rectangle,#c0c0c0,10.0;10.0,
ALDH3A1,5,9,Rectangle,#c0c0c0,10.0;10.0,
ALDH4A1,5,9,Rectangle,#c0c0c0,10.0;10.0,
ALDH5A1,5,9,Rectangle,#c0c0c0,10.0;10.0,
ALDH6A1,1,9,Rectangle,#f3f3f3,10.0;10.0,
ALDH7A1,5,9,Rectangle,#c0c0c0,10.0;10.0,
ALDH8A1,5,9,Rectangle,#c0c0c0,10.0;10.0,
ALDH9A1,5,9,Rectangle,#c0c0c0,10.0;10.0,
ALDOA,5,9,Rectangle,#c0c0c0,10.0;10.0,
ALG1,5,9,Rectangle,#c0c0c0,10.0;10.0,
ALG10B,5,9,Rectangle,#c0c0c0,10.0;10.0,
ALG11,5,9,Rectangle,#c0c0c0,10.0;10.0,
ALG12,5,9,Rectangle,#c0c0c0,10.0;10.0,
ALG13-ALG14,0,9,Hexagon,#ffffff,10.0;10.0,
ALG2,5,9,Rectangle,#c0c0c0,10.0;10.0,
ALG3,5,9,Rectangle,#c0c0c0,10.0;10.0,
ALG5,5,9,Rectangle,#c0c0c0,10.0;10.0,
ALG6,5,9,Rectangle,#c0c0c0,10.0;10.0,
ALG9,5,9,Rectangle,#c0c0c0,10.0;10.0,
ALOX12,5,9,Rectangle,#c0c0c0,10.0;10.0,
ALOX12B,5,9,Rectangle,#c0c0c0,10.0;10.0,
ALOX15,5,9,Rectangle,#c0c0c0,10.0;10.0,
ALOX15B,5,9,Rectangle,#c0c0c0,10.0;10.0,
ALOX5,5,9,Rectangle,#c0c0c0,10.0;10.0,
ALPI,5,9,Rectangle,#c0c0c0,10.0;10.0,
ALYREF,5,9,Rectangle,#c0c0c0,10.0;10.0,
AMACR,5,9,Rectangle,#c0c0c0,10.0;10.0,
AMBRA1,5,9,Rectangle,#c0c0c0,10.0;10.0,
AMD1,5,9,Rectangle,#c0c0c0,10.0;10.0,
AMDHD1,1,9,Rectangle,#f3f3f3,10.0;10.0,
AMDHD2,5,9,Rectangle,#c0c0c0,10.0;10.0,
AMH,5,9,Rectangle,#c0c0c0,10.0;10.0,
AMHR2,9,9,Rectangle,#8b8b8b,10.0;10.0,
AMOT,5,9,Rectangle,#c0c0c0,10.0;10.0,
AMPD1,5,9,Rectangle,#c0c0c0,10.0;10.0,
AMT,5,9,Rectangle,#c0c0c0,10.0;10.0,
AMY1A,5,9,Rectangle,#c0c0c0,10.0;10.0,
ANAPC10,5,9,Rectangle,#c0c0c0,10.0;10.0,
ANAPC10-CDC20,0,9,Hexagon,#ffffff,10.0;10.0,
ANGPT1,5,9,Rectangle,#c0c0c0,10.0;10.0,
ANGPTL4,1,9,Rectangle,#f3f3f3,10.0;10.0,
ANO2,5,9,Rectangle,#c0c0c0,10.0;10.0,
ANPEP,5,9,Rectangle,#c0c0c0,10.0;10.0,
AOC1,5,9,Rectangle,#c0c0c0,10.0;10.0,
AOC2,1,9,Rectangle,#f3f3f3,10.0;10.0,
AOX1,5,9,Rectangle,#c0c0c0,10.0;10.0,
AP2M1,5,9,Rectangle,#c0c0c0,10.0;10.0,
APAF1,5,9,Rectangle,#c0c0c0,10.0;10.0,
APBB1IP,5,9,Rectangle,#c0c0c0,10.0;10.0,
APC2,1,9,Rectangle,#f3f3f3,10.0;10.0,
APC2-AXIN1,0,9,Hexagon,#ffffff,10.0;10.0,
APH1A-PSEN1,0,9,Hexagon,#ffffff,10.0;10.0,
APIP,5,9,Rectangle,#c0c0c0,10.0;10.0,
APLN,9,9,Rectangle,#8b8b8b,10.0;10.0,
APLNR,5,9,Rectangle,#c0c0c0,10.0;10.0,
APOA1,5,9,Rectangle,#c0c0c0,10.0;10.0,
APOA2,5,9,Rectangle,#c0c0c0,10.0;10.0,
APOA5,5,9,Rectangle,#c0c0c0,10.0;10.0,
APOC3,5,9,Rectangle,#c0c0c0,10.0;10.0,
APPL1,5,9,Rectangle,#c0c0c0,10.0;10.0,
APRT,5,9,Rectangle,#c0c0c0,10.0;10.0,
AQP1,5,9,Rectangle,#c0c0c0,10.0;10.0,
AQP2,5,9,Rectangle,#c0c0c0,10.0;10.0,
AQP5,5,9,Rectangle,#c0c0c0,10.0;10.0,
AR,5,9,Rectangle,#c0c0c0,10.0;10.0,
ARAF,5,9,Rectangle,#c0c0c0,10.0;10.0,
ARAP3,1,9,Rectangle,#f3f3f3,10.0;10.0,
AREG,5,9,Rectangle,#c0c0c0,10.0;10.0,
ARF1,5,9,Rectangle,#c0c0c0,10.0;10.0,
ARF6,5,9,Rectangle,#c0c0c0,10.0;10.0,
ARG1,5,9,Rectangle,#c0c0c0,10.0;10.0,
ARHGAP17,5,9,Rectangle,#c0c0c0,10.0;10.0,
ARHGAP35,5,9,Rectangle,#c0c0c0,10.0;10.0,
ARHGDIA,5,9,Rectangle,#c0c0c0,10.0;10.0,
ARHGEF12,5,9,Rectangle,#c0c0c0,10.0;10.0,
ARHGEF18,5,9,Rectangle,#c0c0c0,10.0;10.0,
ARHGEF2,9,9,Rectangle,#8b8b8b,10.0;10.0,
ARHGEF6,5,9,Rectangle,#c0c0c0,10.0;10.0,
ARHGEF7,5,9,Rectangle,#c0c0c0,10.0;10.0,
ARNT-CREBBP,0,9,Hexagon,#ffffff,10.0;10.0,
ARNTL,5,9,Rectangle,#c0c0c0,10.0;10.0,
ARNTL-NPAS2,0,9,Hexagon,#ffffff,10.0;10.0,
ARPC5,5,9,Rectangle,#c0c0c0,10.0;10.0,
ARRB1,5,9,Rectangle,#c0c0c0,10.0;10.0,
ARRB1-KIF3A,0,9,Hexagon,#ffffff,10.0;10.0,
ARRB1-PPP2R3B,0,9,Hexagon,#ffffff,10.0;10.0,
ARSA,5,9,Rectangle,#c0c0c0,10.0;10.0,
ARSB,5,9,Rectangle,#c0c0c0,10.0;10.0,
ASAH1,5,9,Rectangle,#c0c0c0,10.0;10.0,
ASAP1,5,9,Rectangle,#c0c0c0,10.0;10.0,
ASGR1,5,9,Rectangle,#c0c0c0,10.0;10.0,
ASIC2,5,9,Rectangle,#c0c0c0,10.0;10.0,
ASIP,5,9,Rectangle,#c0c0c0,10.0;10.0,
ASL,5,9,Rectangle,#c0c0c0,10.0;10.0,
ASMT,5,9,Rectangle,#c0c0c0,10.0;10.0,
ASNS,5,9,Rectangle,#c0c0c0,10.0;10.0,
ASPA,5,9,Rectangle,#c0c0c0,10.0;10.0,
ASRGL1,5,9,Rectangle,#c0c0c0,10.0;10.0,
ASS1,9,9,Rectangle,#8b8b8b,10.0;10.0,
ATF1-CREB3,0,9,Hexagon,#ffffff,10.0;10.0,
ATF2,5,9,Rectangle,#c0c0c0,10.0;10.0,
ATF4,9,9,Rectangle,#8b8b8b,10.0;10.0,
ATF6B,5,9,Rectangle,#c0c0c0,10.0;10.0,
ATG10,5,9,Rectangle,#c0c0c0,10.0;10.0,
ATG101,5,9,Rectangle,#c0c0c0,10.0;10.0,
ATG12,5,9,Rectangle,#c0c0c0,10.0;10.0,
ATG12-ATG5,0,9,Hexagon,#ffffff,10.0;10.0,
ATG13,5,9,Rectangle,#c0c0c0,10.0;10.0,
ATG14,5,9,Rectangle,#c0c0c0,10.0;10.0,
ATG16L1,5,9,Rectangle,#c0c0c0,10.0;10.0,
ATG2A,5,9,Rectangle,#c0c0c0,10.0;10.0,
ATG3,5,9,Rectangle,#c0c0c0,10.0;10.0,
ATG4A,5,9,Rectangle,#c0c0c0,10.0;10.0,
ATG5,5,9,Rectangle,#c0c0c0,10.0;10.0,
ATG5-ATG12,0,9,Hexagon,#ffffff,10.0;10.0,
ATG7,5,9,Rectangle,#c0c0c0,10.0;10.0,
ATG9B,9,9,Rectangle,#8b8b8b,10.0;10.0,
ATIC,5,9,Rectangle,#c0c0c0,10.0;10.0,
ATM,5,9,Rectangle,#c0c0c0,10.0;10.0,
ATOX1,5,9,Rectangle,#c0c0c0,10.0;10.0,
ATP12A,1,9,Rectangle,#f3f3f3,10.0;10.0,
ATP1B4,5,9,Rectangle,#c0c0c0,10.0;10.0,
ATP2A1,5,9,Rectangle,#c0c0c0,10.0;10.0,
ATP2B1,1,9,Rectangle,#f3f3f3,10.0;10.0,
ATP6AP2,5,9,Rectangle,#c0c0c0,10.0;10.0,
ATP6V1G3,5,9,Rectangle,#c0c0c0,10.0;10.0,
ATR,5,9,Rectangle,#c0c0c0,10.0;10.0,
ATRIP-ATR,0,9,Hexagon,#ffffff,10.0;10.0,
ATXN1L,5,9,Rectangle,#c0c0c0,10.0;10.0,
AUH,5,9,Rectangle,#c0c0c0,10.0;10.0,
AURKA,5,9,Rectangle,#c0c0c0,10.0;10.0,
AVP,5,9,Rectangle,#c0c0c0,10.0;10.0,
AVPR1A,5,9,Rectangle,#c0c0c0,10.0;10.0,
AVPR2,5,9,Rectangle,#c0c0c0,10.0;10.0,
AWAT2,5,9,Rectangle,#c0c0c0,10.0;10.0,
AXIN1,5,9,Rectangle,#c0c0c0,10.0;10.0,
AZIN2,5,9,Rectangle,#c0c0c0,10.0;10.0,
B3GALNT1,5,9,Rectangle,#c0c0c0,10.0;10.0,
B3GALT1,1,9,Rectangle,#f3f3f3,10.0;10.0,
B3GALT2,5,9,Rectangle,#c0c0c0,10.0;10.0,
B3GALT4,5,9,Rectangle,#c0c0c0,10.0;10.0,
B3GALT5,5,9,Rectangle,#c0c0c0,10.0;10.0,
B3GALT6,5,9,Rectangle,#c0c0c0,10.0;10.0,
B3GAT3,5,9,Rectangle,#c0c0c0,10.0;10.0,
B3GNT3,5,9,Rectangle,#c0c0c0,10.0;10.0,
B3GNT5,5,9,Rectangle,#c0c0c0,10.0;10.0,
B3GNT6,5,9,Rectangle,#c0c0c0,10.0;10.0,
B4GALNT1,5,9,Rectangle,#c0c0c0,10.0;10.0,
B4GALT1,5,9,Rectangle,#c0c0c0,10.0;10.0,
B4GALT2,5,9,Rectangle,#c0c0c0,10.0;10.0,
B4GALT3,5,9,Rectangle,#c0c0c0,10.0;10.0,
B4GALT4,5,9,Rectangle,#c0c0c0,10.0;10.0,
B4GALT5,5,9,Rectangle,#c0c0c0,10.0;10.0,
B4GALT6,5,9,Rectangle,#c0c0c0,10.0;10.0,
B4GALT7,5,9,Rectangle,#c0c0c0,10.0;10.0,
BAAT,5,9,Rectangle,#c0c0c0,10.0;10.0,
BAD,5,9,Rectangle,#c0c0c0,10.0;10.0,
BAG4,5,9,Rectangle,#c0c0c0,10.0;10.0,
BAIAP2,5,9,Rectangle,#c0c0c0,10.0;10.0,
BAK1,5,9,Rectangle,#c0c0c0,10.0;10.0,
BAMBI,1,9,Rectangle,#f3f3f3,10.0;10.0,
BAX,5,9,Rectangle,#c0c0c0,10.0;10.0,
BBC3,5,9,Rectangle,#c0c0c0,10.0;10.0,
BBOX1,5,9,Rectangle,#c0c0c0,10.0;10.0,
BCAR1,5,9,Rectangle,#c0c0c0,10.0;10.0,
BCAT1,5,9,Rectangle,#c0c0c0,10.0;10.0,
BCKDHA,5,9,Rectangle,#c0c0c0,10.0;10.0,
BCL10,5,9,Rectangle,#c0c0c0,10.0;10.0,
BCL2,5,9,Rectangle,#c0c0c0,10.0;10.0,
BCL2-BCL2L1,0,9,Hexagon,#ffffff,10.0;10.0,
BCL2A1,5,9,Rectangle,#c0c0c0,10.0;10.0,
BCL2L1,5,9,Rectangle,#c0c0c0,10.0;10.0,
BCL2L11,5,9,Rectangle,#c0c0c0,10.0;10.0,
BCL6,5,9,Rectangle,#c0c0c0,10.0;10.0,
BCO1,5,9,Rectangle,#c0c0c0,10.0;10.0,
BDH2,5,9,Rectangle,#c0c0c0,10.0;10.0,
BDKRB1,5,9,Rectangle,#c0c0c0,10.0;10.0,
BDKRB2,5,9,Rectangle,#c0c0c0,10.0;10.0,
BDNF,5,9,Rectangle,#c0c0c0,10.0;10.0,
BECN2,5,9,Rectangle,#c0c0c0,10.0;10.0,
BEST2,5,9,Rectangle,#c0c0c0,10.0;10.0,
BET1,5,9,Rectangle,#c0c0c0,10.0;10.0,
BEX3,5,9,Rectangle,#c0c0c0,10.0;10.0,
BHLHE41,5,9,Rectangle,#c0c0c0,10.0;10.0,
BHMT,5,9,Rectangle,#c0c0c0,10.0;10.0,
BHMT2,5,9,Rectangle,#c0c0c0,10.0;10.0,
BID,5,9,Rectangle,#c0c0c0,10.0;10.0,
BIRC2,5,9,Rectangle,#c0c0c0,10.0;10.0,
BIRC5,5,9,Rectangle,#c0c0c0,10.0;10.0,
BLM-RMI1,0,9,Hexagon,#ffffff,10.0;10.0,
BLNK,5,9,Rectangle,#c0c0c0,10.0;10.0,
BLVRA,5,9,Rectangle,#c0c0c0,10.0;10.0,
BLVRB,5,9,Rectangle,#c0c0c0,10.0;10.0,
BMP15,5,9,Rectangle,#c0c0c0,10.0;10.0,
BMP2,5,9,Rectangle,#c0c0c0,10.0;10.0,
BMP4,9,9,Rectangle,#8b8b8b,10.0;10.0,
BMP5,5,9,Rectangle,#c0c0c0,10.0;10.0,
BMP6,5,9,Rectangle,#c0c0c0,10.0;10.0,
BMP7,5,9,Rectangle,#c0c0c0,10.0;10.0,
BMP7-GDF7,0,9,Hexagon,#ffffff,10.0;10.0,
BMP8A,5,9,Rectangle,#c0c0c0,10.0;10.0,
BMPR1A,5,9,Rectangle,#c0c0c0,10.0;10.0,
BMPR1A-ACVR2A,0,9,Hexagon,#ffffff,10.0;10.0,
BMPR1A-ACVR2B,0,9,Hexagon,#ffffff,10.0;10.0,
BMPR1A-BMPR2,0,9,Hexagon,#ffffff,10.0;10.0,
BMPR1B-ACVR2A,0,9,Hexagon,#ffffff,10.0;10.0,
BMPR1B-ACVR2B,0,9,Hexagon,#ffffff,10.0;10.0,
BMPR1B-BMPR2,0,9,Hexagon,#ffffff,10.0;10.0,
BMPR2,5,9,Rectangle,#c0c0c0,10.0;10.0,
BMPR2-ACVR1,0,9,Hexagon,#ffffff,10.0;10.0,
BMPR2-BMPR1B,0,9,Hexagon,#ffffff,10.0;10.0,
BNIP1-USE1,0,9,Hexagon,#ffffff,10.0;10.0,
BNIP3,5,9,Rectangle,#c0c0c0,10.0;10.0,
BOC,5,9,Rectangle,#c0c0c0,10.0;10.0,
BPGM,5,9,Rectangle,#c0c0c0,10.0;10.0,
BPNT1,5,9,Rectangle,#c0c0c0,10.0;10.0,
BRAF,5,9,Rectangle,#c0c0c0,10.0;10.0,
BRAP,5,9,Rectangle,#c0c0c0,10.0;10.0,
BRCA1,5,9,Rectangle,#c0c0c0,10.0;10.0,
BRCA2,5,9,Rectangle,#c0c0c0,10.0;10.0,
BRCC3,5,9,Rectangle,#c0c0c0,10.0;10.0,
BRIP1,5,9,Rectangle,#c0c0c0,10.0;10.0,
BST1,5,9,Rectangle,#c0c0c0,10.0;10.0,
BTC,5,9,Rectangle,#c0c0c0,10.0;10.0,
BTD,5,9,Rectangle,#c0c0c0,10.0;10.0,
BTK,5,9,Rectangle,#c0c0c0,10.0;10.0,
BTK-BLNK,0,9,Hexagon,#ffffff,10.0;10.0,
BUB1,5,9,Rectangle,#c0c0c0,10.0;10.0,
BUB1B-MAD2L2,0,9,Hexagon,#ffffff,10.0;10.0,
BUB3,5,9,Rectangle,#c0c0c0,10.0;10.0,
BVES,1,9,Rectangle,#f3f3f3,10.0;10.0,
C00002,0,9,Triangle,#ffffff,10.0;10.0,
C00003,0,9,Triangle,#ffffff,10.0;10.0,
C00007,0,9,Triangle,#ffffff,10.0;10.0,
C00008,0,9,Triangle,#ffffff,10.0;10.0,
C00011,0,9,Triangle,#ffffff,10.0;10.0,
C00020,0,9,Triangle,#ffffff,10.0;10.0,
C00025,0,9,Triangle,#ffffff,10.0;10.0,
C00026,0,9,Triangle,#ffffff,10.0;10.0,
C00027,0,9,Triangle,#ffffff,10.0;10.0,
C00035,0,9,Triangle,#ffffff,10.0;10.0,
C00037,0,9,Triangle,#ffffff,10.0;10.0,
C00038,0,9,Triangle,#ffffff,10.0;10.0,
C00042,0,9,Triangle,#ffffff,10.0;10.0,
C00044,0,9,Triangle,#ffffff,10.0;10.0,
C00049,0,9,Triangle,#ffffff,10.0;10.0,
C00062,0,9,Triangle,#ffffff,10.0;10.0,
C00064,0,9,Triangle,#ffffff,10.0;10.0,
C00070,0,9,Triangle,#ffffff,10.0;10.0,
C00072,0,9,Triangle,#ffffff,10.0;10.0,
C00076,0,9,Triangle,#ffffff,10.0;10.0,
C00080,0,9,Triangle,#ffffff,10.0;10.0,
C00082,0,9,Triangle,#ffffff,10.0;10.0,
C00083,0,9,Triangle,#ffffff,10.0;10.0,
C00089,0,9,Triangle,#ffffff,10.0;10.0,
C00095,0,9,Triangle,#ffffff,10.0;10.0,
C00099,0,9,Triangle,#ffffff,10.0;10.0,
C00123,0,9,Triangle,#ffffff,10.0;10.0,
C00130,0,9,Triangle,#ffffff,10.0;10.0,
C00144,0,9,Triangle,#ffffff,10.0;10.0,
C00149,0,9,Triangle,#ffffff,10.0;10.0,
C00155,0,9,Triangle,#ffffff,10.0;10.0,
C00158,0,9,Triangle,#ffffff,10.0;10.0,
C00162,0,9,Triangle,#ffffff,10.0;10.0,
C00165,0,9,Triangle,#ffffff,10.0;10.0,
C00186,0,9,Triangle,#ffffff,10.0;10.0,
C00195,0,9,Triangle,#ffffff,10.0;10.0,
C00212,0,9,Triangle,#ffffff,10.0;10.0,
C00219,0,9,Triangle,#ffffff,10.0;10.0,
C00245,0,9,Triangle,#ffffff,10.0;10.0,
C00288,0,9,Triangle,#ffffff,10.0;10.0,
C00290,0,9,Triangle,#ffffff,10.0;10.0,
C00305,0,9,Triangle,#ffffff,10.0;10.0,
C00334,0,9,Triangle,#ffffff,10.0;10.0,
C00338,0,9,Triangle,#ffffff,10.0;10.0,
C00350,0,9,Triangle,#ffffff,10.0;10.0,
C00369,0,9,Triangle,#ffffff,10.0;10.0,
C00376,0,9,Triangle,#ffffff,10.0;10.0,
C00388,0,9,Triangle,#ffffff,10.0;10.0,
C00400,0,9,Triangle,#ffffff,10.0;10.0,
C00410,0,9,Triangle,#ffffff,10.0;10.0,
C00416,0,9,Triangle,#ffffff,10.0;10.0,
C00427,0,9,Triangle,#ffffff,10.0;10.0,
C00469,0,9,Triangle,#ffffff,10.0;10.0,
C00473,0,9,Triangle,#ffffff,10.0;10.0,
C00483,0,9,Triangle,#ffffff,10.0;10.0,
C00506,0,9,Triangle,#ffffff,10.0;10.0,
C00533,0,9,Triangle,#ffffff,10.0;10.0,
C00547,0,9,Triangle,#ffffff,10.0;10.0,
C00575,0,9,Triangle,#ffffff,10.0;10.0,
C00584,0,9,Triangle,#ffffff,10.0;10.0,
C00639,0,9,Triangle,#ffffff,10.0;10.0,
C00665,0,9,Triangle,#ffffff,10.0;10.0,
C00681,0,9,Triangle,#ffffff,10.0;10.0,
C00695,0,9,Triangle,#ffffff,10.0;10.0,
C00696,0,9,Triangle,#ffffff,10.0;10.0,
C00698,0,9,Triangle,#ffffff,10.0;10.0,
C00704,0,9,Triangle,#ffffff,10.0;10.0,
C00735,0,9,Triangle,#ffffff,10.0;10.0,
C00762,0,9,Triangle,#ffffff,10.0;10.0,
C00780,0,9,Triangle,#ffffff,10.0;10.0,
C00788,0,9,Triangle,#ffffff,10.0;10.0,
C00808,0,9,Triangle,#ffffff,10.0;10.0,
C00903,0,9,Triangle,#ffffff,10.0;10.0,
C00942,0,9,Triangle,#ffffff,10.0;10.0,
C00951,0,9,Triangle,#ffffff,10.0;10.0,
C01060,0,9,Triangle,#ffffff,10.0;10.0,
C01089,0,9,Triangle,#ffffff,10.0;10.0,
C01194,0,9,Triangle,#ffffff,10.0;10.0,
C01245,0,9,Triangle,#ffffff,10.0;10.0,
C01312,0,9,Triangle,#ffffff,10.0;10.0,
C01327,0,9,Triangle,#ffffff,10.0;10.0,
C01330,0,9,Triangle,#ffffff,10.0;10.0,
C01516,0,9,Triangle,#ffffff,10.0;10.0,
C01598,0,9,Triangle,#ffffff,10.0;10.0,
C01673,0,9,Triangle,#ffffff,10.0;10.0,
C01780,0,9,Triangle,#ffffff,10.0;10.0,
C01829,0,9,Triangle,#ffffff,10.0;10.0,
C01996,0,9,Triangle,#ffffff,10.0;10.0,
C02110,0,9,Triangle,#ffffff,10.0;10.0,
C02135,0,9,Triangle,#ffffff,10.0;10.0,
C02140,0,9,Triangle,#ffffff,10.0;10.0,
C02165,0,9,Triangle,#ffffff,10.0;10.0,
C02166,0,9,Triangle,#ffffff,10.0;10.0,
C02198,0,9,Triangle,#ffffff,10.0;10.0,
C02265,0,9,Triangle,#ffffff,10.0;10.0,
C02465,0,9,Triangle,#ffffff,10.0;10.0,
C02515,0,9,Triangle,#ffffff,10.0;10.0,
C03582,0,9,Triangle,#ffffff,10.0;10.0,
C03758,0,9,Triangle,#ffffff,10.0;10.0,
C04549,0,9,Triangle,#ffffff,10.0;10.0,
C04598,0,9,Triangle,#ffffff,10.0;10.0,
C04637,0,9,Triangle,#ffffff,10.0;10.0,
C05113,0,9,Triangle,#ffffff,10.0;10.0,
C05606,0,9,Triangle,#ffffff,10.0;10.0,
C05776,0,9,Triangle,#ffffff,10.0;10.0,
C05956,0,9,Triangle,#ffffff,10.0;10.0,
C05965,0,9,Triangle,#ffffff,10.0;10.0,
C05981,0,9,Triangle,#ffffff,10.0;10.0,
C06124,0,9,Triangle,#ffffff,10.0;10.0,
C06254,0,9,Triangle,#ffffff,10.0;10.0,
C06314,0,9,Triangle,#ffffff,10.0;10.0,
C06865,0,9,Triangle,#ffffff,10.0;10.0,
C06866,0,9,Triangle,#ffffff,10.0;10.0,
C07056,0,9,Triangle,#ffffff,10.0;10.0,
C07151,0,9,Triangle,#ffffff,10.0;10.0,
C07600,0,9,Triangle,#ffffff,10.0;10.0,
C07909,0,9,Triangle,#ffffff,10.0;10.0,
C09155,0,9,Triangle,#ffffff,10.0;10.0,
C09179,0,9,Triangle,#ffffff,10.0;10.0,
C09844,0,9,Triangle,#ffffff,10.0;10.0,
C11695,0,9,Triangle,#ffffff,10.0;10.0,
C12270,0,9,Triangle,#ffffff,10.0;10.0,
C12271,0,9,Triangle,#ffffff,10.0;10.0,
C12272,0,9,Triangle,#ffffff,10.0;10.0,
C12284,0,9,Triangle,#ffffff,10.0;10.0,
C13050,0,9,Triangle,#ffffff,10.0;10.0,
C13051,0,9,Triangle,#ffffff,10.0;10.0,
C13856,0,9,Triangle,#ffffff,10.0;10.0,
C14748,0,9,Triangle,#ffffff,10.0;10.0,
C14767,0,9,Triangle,#ffffff,10.0;10.0,
C14768,0,9,Triangle,#ffffff,10.0;10.0,
C14771,0,9,Triangle,#ffffff,10.0;10.0,
C14818,0,9,Triangle,#ffffff,10.0;10.0,
C14819,0,9,Triangle,#ffffff,10.0;10.0,
C15493,0,9,Triangle,#ffffff,10.0;10.0,
C15848,0,9,Triangle,#ffffff,10.0;10.0,
C15849,0,9,Triangle,#ffffff,10.0;10.0,
C15850,0,9,Triangle,#ffffff,10.0;10.0,
C15890,0,9,Triangle,#ffffff,10.0;10.0,
C15995,0,9,Triangle,#ffffff,10.0;10.0,
C16511,0,9,Triangle,#ffffff,10.0;10.0,
C16512,0,9,Triangle,#ffffff,10.0;10.0,
C16845,0,9,Triangle,#ffffff,10.0;10.0,
C19317,0,9,Triangle,#ffffff,10.0;10.0,
C1GALT1C1,5,9,Rectangle,#c0c0c0,10.0;10.0,
C1QA,5,9,Rectangle,#c0c0c0,10.0;10.0,
C2,5,9,Rectangle,#c0c0c0,10.0;10.0,
C20171,0,9,Triangle,#ffffff,10.0;10.0,
C20640,0,9,Triangle,#ffffff,10.0;10.0,
C20698,0,9,Triangle,#ffffff,10.0;10.0,
C20792,0,9,Triangle,#ffffff,10.0;10.0,
C20793,0,9,Triangle,#ffffff,10.0;10.0,
C20970,0,9,Triangle,#ffffff,10.0;10.0,
C20971,0,9,Triangle,#ffffff,10.0;10.0,
C3,1,9,Rectangle,#f3f3f3,10.0;10.0,
C3AR1,5,9,Rectangle,#c0c0c0,10.0;10.0,
C4A,5,9,Rectangle,#c0c0c0,10.0;10.0,
C5,5,9,Rectangle,#c0c0c0,10.0;10.0,
C5AR1,1,9,Rectangle,#f3f3f3,10.0;10.0,
C8orf44-SGK3,5,9,Rectangle,#c0c0c0,10.0;10.0,
C9orf72,5,9,Rectangle,#c0c0c0,10.0;10.0,
C9orf72-WDR41,0,9,Hexagon,#ffffff,10.0;10.0,
CACNA1A,5,9,Rectangle,#c0c0c0,10.0;10.0,
CACNA1C,5,9,Rectangle,#c0c0c0,10.0;10.0,
CACNA1I,5,9,Rectangle,#c0c0c0,10.0;10.0,
CACNG3,5,9,Rectangle,#c0c0c0,10.0;10.0,
CACYBP,5,9,Rectangle,#c0c0c0,10.0;10.0,
CAD,5,9,Rectangle,#c0c0c0,10.0;10.0,
CADM1,5,9,Rectangle,#c0c0c0,10.0;10.0,
CADM3,5,9,Rectangle,#c0c0c0,10.0;10.0,
CALB1,9,9,Rectangle,#8b8b8b,10.0;10.0,
CALCA,5,9,Rectangle,#c0c0c0,10.0;10.0,
CALCR,5,9,Rectangle,#c0c0c0,10.0;10.0,
CALCRL,5,9,Rectangle,#c0c0c0,10.0;10.0,
CALD1,9,9,Rectangle,#8b8b8b,10.0;10.0,
CALHM1,5,9,Rectangle,#c0c0c0,10.0;10.0,
CALML6,9,9,Rectangle,#8b8b8b,10.0;10.0,
CALY,5,9,Rectangle,#c0c0c0,10.0;10.0,
CAMK1D,9,9,Rectangle,#8b8b8b,10.0;10.0,
CAMK2A,5,9,Rectangle,#c0c0c0,10.0;10.0,
CAMK4,5,9,Rectangle,#c0c0c0,10.0;10.0,
CAMKK2,5,9,Rectangle,#c0c0c0,10.0;10.0,
CAMKMT,5,9,Rectangle,#c0c0c0,10.0;10.0,
CAMP,5,9,Rectangle,#c0c0c0,10.0;10.0,
CANT1,5,9,Rectangle,#c0c0c0,10.0;10.0,
CAPN1,5,9,Rectangle,#c0c0c0,10.0;10.0,
CAPN2,5,9,Rectangle,#c0c0c0,10.0;10.0,
CARD10,5,9,Rectangle,#c0c0c0,10.0;10.0,
CARD11,5,9,Rectangle,#c0c0c0,10.0;10.0,
CARD16,5,9,Rectangle,#c0c0c0,10.0;10.0,
CARD6,1,9,Rectangle,#f3f3f3,10.0;10.0,
CARD8,5,9,Rectangle,#c0c0c0,10.0;10.0,
CARD9,5,9,Rectangle,#c0c0c0,10.0;10.0,
CARNMT1,5,9,Rectangle,#c0c0c0,10.0;10.0,
CARNS1,5,9,Rectangle,#c0c0c0,10.0;10.0,
CASC3,5,9,Rectangle,#c0c0c0,10.0;10.0,
CASP1,5,9,Rectangle,#c0c0c0,10.0;10.0,
CASP10,5,9,Rectangle,#c0c0c0,10.0;10.0,
CASP12,5,9,Rectangle,#c0c0c0,10.0;10.0,
CASP2-PIDD1,0,9,Hexagon,#ffffff,10.0;10.0,
CASP3,5,9,Rectangle,#c0c0c0,10.0;10.0,
CASP4,9,9,Rectangle,#8b8b8b,10.0;10.0,
CASP5,5,9,Rectangle,#c0c0c0,10.0;10.0,
CASP6,5,9,Rectangle,#c0c0c0,10.0;10.0,
CASP7,5,9,Rectangle,#c0c0c0,10.0;10.0,
CASP8,5,9,Rectangle,#c0c0c0,10.0;10.0,
CASP8-CASP10,0,9,Hexagon,#ffffff,10.0;10.0,
CASP9,5,9,Rectangle,#c0c0c0,10.0;10.0,
CASQ1,5,9,Rectangle,#c0c0c0,10.0;10.0,
CASQ2,5,9,Rectangle,#c0c0c0,10.0;10.0,
CASTOR1,5,9,Rectangle,#c0c0c0,10.0;10.0,
CASTOR2,5,9,Rectangle,#c0c0c0,10.0;10.0,
CAT,5,9,Rectangle,#c0c0c0,10.0;10.0,
CAV1,5,9,Rectangle,#c0c0c0,10.0;10.0,
CBL,5,9,Rectangle,#c0c0c0,10.0;10.0,
CBLB,5,9,Rectangle,#c0c0c0,10.0;10.0,
CBLIF,5,9,Rectangle,#c0c0c0,10.0;10.0,
CBLIF-CUBN,0,9,Hexagon,#ffffff,10.0;10.0,
CBR1,5,9,Rectangle,#c0c0c0,10.0;10.0,
CBR4,5,9,Rectangle,#c0c0c0,10.0;10.0,
CBR4-HSD17B8,0,9,Hexagon,#ffffff,10.0;10.0,
CBSL,5,9,Rectangle,#c0c0c0,10.0;10.0,
CCK,5,9,Rectangle,#c0c0c0,10.0;10.0,
CCKAR,5,9,Rectangle,#c0c0c0,10.0;10.0,
CCKBR,5,9,Rectangle,#c0c0c0,10.0;10.0,
CCL1,5,9,Rectangle,#c0c0c0,10.0;10.0,
CCL11,5,9,Rectangle,#c0c0c0,10.0;10.0,
CCL13,5,9,Rectangle,#c0c0c0,10.0;10.0,
CCL14,5,9,Rectangle,#c0c0c0,10.0;10.0,
CCL15,5,9,Rectangle,#c0c0c0,10.0;10.0,
CCL16,5,9,Rectangle,#c0c0c0,10.0;10.0,
CCL17,5,9,Rectangle,#c0c0c0,10.0;10.0,
CCL19,5,9,Rectangle,#c0c0c0,10.0;10.0,
CCL2,5,9,Rectangle,#c0c0c0,10.0;10.0,
CCL20,9,9,Rectangle,#8b8b8b,10.0;10.0,
CCL21,1,9,Rectangle,#f3f3f3,10.0;10.0,
CCL22,5,9,Rectangle,#c0c0c0,10.0;10.0,
CCL24,5,9,Rectangle,#c0c0c0,10.0;10.0,
CCL25,5,9,Rectangle,#c0c0c0,10.0;10.0,
CCL26,1,9,Rectangle,#f3f3f3,10.0;10.0,
CCL27,5,9,Rectangle,#c0c0c0,10.0;10.0,
CCL28,5,9,Rectangle,#c0c0c0,10.0;10.0,
CCL3L3,5,9,Rectangle,#c0c0c0,10.0;10.0,
CCL4L1,5,9,Rectangle,#c0c0c0,10.0;10.0,
CCL5,5,9,Rectangle,#c0c0c0,10.0;10.0,
CCL7,5,9,Rectangle,#c0c0c0,10.0;10.0,
CCL8,5,9,Rectangle,#c0c0c0,10.0;10.0,
CCN2,9,9,Rectangle,#8b8b8b,10.0;10.0,
CCNA2,5,9,Rectangle,#c0c0c0,10.0;10.0,
CCNB1,5,9,Rectangle,#c0c0c0,10.0;10.0,
CCNB1-CDK1,0,9,Hexagon,#ffffff,10.0;10.0,
CCNB2,5,9,Rectangle,#c0c0c0,10.0;10.0,
CCNB3,5,9,Rectangle,#c0c0c0,10.0;10.0,
CCND1,5,9,Rectangle,#c0c0c0,10.0;10.0,
CCND2,9,9,Rectangle,#8b8b8b,10.0;10.0,
CCNE1,5,9,Rectangle,#c0c0c0,10.0;10.0,
CCNE1-CDK2,0,9,Hexagon,#ffffff,10.0;10.0,
CCNG1,5,9,Rectangle,#c0c0c0,10.0;10.0,
CCNG2,5,9,Rectangle,#c0c0c0,10.0;10.0,
CCR1,9,9,Rectangle,#8b8b8b,10.0;10.0,
CCR10,1,9,Rectangle,#f3f3f3,10.0;10.0,
CCR2,5,9,Rectangle,#c0c0c0,10.0;10.0,
CCR3,5,9,Rectangle,#c0c0c0,10.0;10.0,
CCR4,5,9,Rectangle,#c0c0c0,10.0;10.0,
CCR5,5,9,Rectangle,#c0c0c0,10.0;10.0,
CCR6,5,9,Rectangle,#c0c0c0,10.0;10.0,
CCR7,1,9,Rectangle,#f3f3f3,10.0;10.0,
CCR8,5,9,Rectangle,#c0c0c0,10.0;10.0,
CCR9,5,9,Rectangle,#c0c0c0,10.0;10.0,
CD14,5,9,Rectangle,#c0c0c0,10.0;10.0,
CD19,1,9,Rectangle,#f3f3f3,10.0;10.0,
CD19-PIK3AP1,0,9,Hexagon,#ffffff,10.0;10.0,
CD1A,5,9,Rectangle,#c0c0c0,10.0;10.0,
CD2,5,9,Rectangle,#c0c0c0,10.0;10.0,
CD22,5,9,Rectangle,#c0c0c0,10.0;10.0,
CD226,5,9,Rectangle,#c0c0c0,10.0;10.0,
CD244,5,9,Rectangle,#c0c0c0,10.0;10.0,
CD247,5,9,Rectangle,#c0c0c0,10.0;10.0,
CD27,5,9,Rectangle,#c0c0c0,10.0;10.0,
CD274,5,9,Rectangle,#c0c0c0,10.0;10.0,
CD28,5,9,Rectangle,#c0c0c0,10.0;10.0,
CD34,5,9,Rectangle,#c0c0c0,10.0;10.0,
CD36,5,9,Rectangle,#c0c0c0,10.0;10.0,
CD38,5,9,Rectangle,#c0c0c0,10.0;10.0,
CD3E,5,9,Rectangle,#c0c0c0,10.0;10.0,
CD4,5,9,Rectangle,#c0c0c0,10.0;10.0,
CD40,9,9,Rectangle,#8b8b8b,10.0;10.0,
CD40LG,5,9,Rectangle,#c0c0c0,10.0;10.0,
CD44,5,9,Rectangle,#c0c0c0,10.0;10.0,
CD47,5,9,Rectangle,#c0c0c0,10.0;10.0,
CD48,5,9,Rectangle,#c0c0c0,10.0;10.0,
CD58,5,9,Rectangle,#c0c0c0,10.0;10.0,
CD6,5,9,Rectangle,#c0c0c0,10.0;10.0,
CD70,5,9,Rectangle,#c0c0c0,10.0;10.0,
CD72,5,9,Rectangle,#c0c0c0,10.0;10.0,
CD74,5,9,Rectangle,#c0c0c0,10.0;10.0,
CD79A,5,9,Rectangle,#c0c0c0,10.0;10.0,
CD79B,5,9,Rectangle,#c0c0c0,10.0;10.0,
CD80,5,9,Rectangle,#c0c0c0,10.0;10.0,
CD82,5,9,Rectangle,#c0c0c0,10.0;10.0,
CD86,5,9,Rectangle,#c0c0c0,10.0;10.0,
CD8A,5,9,Rectangle,#c0c0c0,10.0;10.0,
CD99,5,9,Rectangle,#c0c0c0,10.0;10.0,
CDA,5,9,Rectangle,#c0c0c0,10.0;10.0,
CDC14B,5,9,Rectangle,#c0c0c0,10.0;10.0,
CDC20,5,9,Rectangle,#c0c0c0,10.0;10.0,
CDC20-ANAPC10,0,9,Hexagon,#ffffff,10.0;10.0,
CDC25A,5,9,Rectangle,#c0c0c0,10.0;10.0,
CDC25B,5,9,Rectangle,#c0c0c0,10.0;10.0,
CDC25C,5,9,Rectangle,#c0c0c0,10.0;10.0,
CDC42,5,9,Rectangle,#c0c0c0,10.0;10.0,
CDC45,5,9,Rectangle,#c0c0c0,10.0;10.0,
CDC6,5,9,Rectangle,#c0c0c0,10.0;10.0,
CDH1,9,9,Rectangle,#8b8b8b,10.0;10.0,
CDH15,1,9,Rectangle,#f3f3f3,10.0;10.0,
CDH2,9,9,Rectangle,#8b8b8b,10.0;10.0,
CDH3,5,9,Rectangle,#c0c0c0,10.0;10.0,
CDH4,5,9,Rectangle,#c0c0c0,10.0;10.0,
CDH5,5,9,Rectangle,#c0c0c0,10.0;10.0,
CDIPT,5,9,Rectangle,#c0c0c0,10.0;10.0,
CDK1,5,9,Rectangle,#c0c0c0,10.0;10.0,
CDK1-CCNA2,0,9,Hexagon,#ffffff,10.0;10.0,
CDK1-CCNB1,0,9,Hexagon,#ffffff,10.0;10.0,
CDK1-CCNB2,0,9,Hexagon,#ffffff,10.0;10.0,
CDK1-CCNB3,0,9,Hexagon,#ffffff,10.0;10.0,
CDK2,5,9,Rectangle,#c0c0c0,10.0;10.0,
CDK2-CCNA2,0,9,Hexagon,#ffffff,10.0;10.0,
CDK2-CCND1,0,9,Hexagon,#ffffff,10.0;10.0,
CDK2-CCNE1,0,9,Hexagon,#ffffff,10.0;10.0,
CDK4,5,9,Rectangle,#c0c0c0,10.0;10.0,
CDK4-CCND1,0,9,Hexagon,#ffffff,10.0;10.0,
CDK4-SYMPK,0,9,Hexagon,#ffffff,10.0;10.0,
CDK5,5,9,Rectangle,#c0c0c0,10.0;10.0,
CDK7-CCNH,0,9,Hexagon,#ffffff,10.0;10.0,
CDKN1A,1,9,Rectangle,#f3f3f3,10.0;10.0,
CDKN1B,5,9,Rectangle,#c0c0c0,10.0;10.0,
CDKN2A,5,9,Rectangle,#c0c0c0,10.0;10.0,
CDKN2B,5,9,Rectangle,#c0c0c0,10.0;10.0,
CDKN2C,5,9,Rectangle,#c0c0c0,10.0;10.0,
CDKN2D,5,9,Rectangle,#c0c0c0,10.0;10.0,
CDO1,5,9,Rectangle,#c0c0c0,10.0;10.0,
CDS1,5,9,Rectangle,#c0c0c0,10.0;10.0,
CEBPB,9,9,Rectangle,#8b8b8b,10.0;10.0,
CEL,1,9,Rectangle,#f3f3f3,10.0;10.0,
CENPS-CORT,5,9,Rectangle,#c0c0c0,10.0;10.0,
CEPT1,5,9,Rectangle,#c0c0c0,10.0;10.0,
CER1,5,9,Rectangle,#c0c0c0,10.0;10.0,
CERK,5,9,Rectangle,#c0c0c0,10.0;10.0,
CERS1,9,9,Rectangle,#8b8b8b,10.0;10.0,
CERS6,5,9,Rectangle,#c0c0c0,10.0;10.0,
CES1,5,9,Rectangle,#c0c0c0,10.0;10.0,
CFB,5,9,Rectangle,#c0c0c0,10.0;10.0,
CFD,5,9,Rectangle,#c0c0c0,10.0;10.0,
CFL1,5,9,Rectangle,#c0c0c0,10.0;10.0,
CFLAR,5,9,Rectangle,#c0c0c0,10.0;10.0,
CFTR,5,9,Rectangle,#c0c0c0,10.0;10.0,
CGA,5,9,Rectangle,#c0c0c0,10.0;10.0,
CGAS,5,9,Rectangle,#c0c0c0,10.0;10.0,
CGN,5,9,Rectangle,#c0c0c0,10.0;10.0,
CGNL1,9,9,Rectangle,#8b8b8b,10.0;10.0,
CH25H,5,9,Rectangle,#c0c0c0,10.0;10.0,
CHAC2,5,9,Rectangle,#c0c0c0,10.0;10.0,
CHAD,5,9,Rectangle,#c0c0c0,10.0;10.0,
CHAT,5,9,Rectangle,#c0c0c0,10.0;10.0,
CHD8,5,9,Rectangle,#c0c0c0,10.0;10.0,
CHDH,5,9,Rectangle,#c0c0c0,10.0;10.0,
CHEK1,5,9,Rectangle,#c0c0c0,10.0;10.0,
CHEK2,5,9,Rectangle,#c0c0c0,10.0;10.0,
CHIT1,5,9,Rectangle,#c0c0c0,10.0;10.0,
CHKA,5,9,Rectangle,#c0c0c0,10.0;10.0,
CHMP1A,5,9,Rectangle,#c0c0c0,10.0;10.0,
CHMP2B,5,9,Rectangle,#c0c0c0,10.0;10.0,
CHMP4B,5,9,Rectangle,#c0c0c0,10.0;10.0,
CHMP5,5,9,Rectangle,#c0c0c0,10.0;10.0,
CHMP7,5,9,Rectangle,#c0c0c0,10.0;10.0,
CHRD,5,9,Rectangle,#c0c0c0,10.0;10.0,
CHRM1,5,9,Rectangle,#c0c0c0,10.0;10.0,
CHRM2,5,9,Rectangle,#c0c0c0,10.0;10.0,
CHRM3,5,9,Rectangle,#c0c0c0,10.0;10.0,
CHRM4,5,9,Rectangle,#c0c0c0,10.0;10.0,
CHRM5,5,9,Rectangle,#c0c0c0,10.0;10.0,
CHRNA1,5,9,Rectangle,#c0c0c0,10.0;10.0,
CHRNA3,5,9,Rectangle,#c0c0c0,10.0;10.0,
CHRNA7,5,9,Rectangle,#c0c0c0,10.0;10.0,
CHSY1,5,9,Rectangle,#c0c0c0,10.0;10.0,
CHUK,5,9,Rectangle,#c0c0c0,10.0;10.0,
CHUK-IKBKB,0,9,Hexagon,#ffffff,10.0;10.0,
CIITA,5,9,Rectangle,#c0c0c0,10.0;10.0,
CISH,5,9,Rectangle,#c0c0c0,10.0;10.0,
CKB,1,9,Rectangle,#f3f3f3,10.0;10.0,
CLCA1,5,9,Rectangle,#c0c0c0,10.0;10.0,
CLCF1,5,9,Rectangle,#c0c0c0,10.0;10.0,
CLDN24,5,9,Rectangle,#c0c0c0,10.0;10.0,
CLIP1,5,9,Rectangle,#c0c0c0,10.0;10.0,
CLOCK-ARNTL,0,9,Hexagon,#ffffff,10.0;10.0,
CLP1,5,9,Rectangle,#c0c0c0,10.0;10.0,
CLTA,5,9,Rectangle,#c0c0c0,10.0;10.0,
CLTA-AP2M1,0,9,Hexagon,#ffffff,10.0;10.0,
CMAS,5,9,Rectangle,#c0c0c0,10.0;10.0,
CMPK1,5,9,Rectangle,#c0c0c0,10.0;10.0,
CMPK2,1,9,Rectangle,#f3f3f3,10.0;10.0,
CNDP1,5,9,Rectangle,#c0c0c0,10.0;10.0,
CNDP2,5,9,Rectangle,#c0c0c0,10.0;10.0,
CNGA3,5,9,Rectangle,#c0c0c0,10.0;10.0,
CNGB1,1,9,Rectangle,#f3f3f3,10.0;10.0,
CNOT7,5,9,Rectangle,#c0c0c0,10.0;10.0,
CNR1,5,9,Rectangle,#c0c0c0,10.0;10.0,
CNTF,5,9,Rectangle,#c0c0c0,10.0;10.0,
CNTFR-LIFR,0,9,Hexagon,#ffffff,10.0;10.0,
CNTN1,5,9,Rectangle,#c0c0c0,10.0;10.0,
CNTN2,5,9,Rectangle,#c0c0c0,10.0;10.0,
CNTNAP1-CNTN1,0,9,Hexagon,#ffffff,10.0;10.0,
CNTNAP2-CNTN2,0,9,Hexagon,#ffffff,10.0;10.0,
COASY,5,9,Rectangle,#c0c0c0,10.0;10.0,
COL1A1,1,9,Rectangle,#f3f3f3,10.0;10.0,
COLGALT2,9,9,Rectangle,#8b8b8b,10.0;10.0,
COMP,1,9,Rectangle,#f3f3f3,10.0;10.0,
COMT,5,9,Rectangle,#c0c0c0,10.0;10.0,
COP1,5,9,Rectangle,#c0c0c0,10.0;10.0,
COQ3,5,9,Rectangle,#c0c0c0,10.0;10.0,
COQ5,5,9,Rectangle,#c0c0c0,10.0;10.0,
COQ6,5,9,Rectangle,#c0c0c0,10.0;10.0,
COQ7,5,9,Rectangle,#c0c0c0,10.0;10.0,
CORT,5,9,Rectangle,#c0c0c0,10.0;10.0,
COX10,5,9,Rectangle,#c0c0c0,10.0;10.0,
COX15,5,9,Rectangle,#c0c0c0,10.0;10.0,
CP,9,9,Rectangle,#8b8b8b,10.0;10.0,
CPB2,5,9,Rectangle,#c0c0c0,10.0;10.0,
CPEB2,5,9,Rectangle,#c0c0c0,10.0;10.0,
CPOX,5,9,Rectangle,#c0c0c0,10.0;10.0,
CPS1,5,9,Rectangle,#c0c0c0,10.0;10.0,
CPSF6,5,9,Rectangle,#c0c0c0,10.0;10.0,
CPT1C,5,9,Rectangle,#c0c0c0,10.0;10.0,
CPT2,5,9,Rectangle,#c0c0c0,10.0;10.0,
CRB1,5,9,Rectangle,#c0c0c0,10.0;10.0,
CRB3,5,9,Rectangle,#c0c0c0,10.0;10.0,
CREB1,5,9,Rectangle,#c0c0c0,10.0;10.0,
CREB3,5,9,Rectangle,#c0c0c0,10.0;10.0,
CREB3-CRTC2,0,9,Hexagon,#ffffff,10.0;10.0,
CREBBP,5,9,Rectangle,#c0c0c0,10.0;10.0,
CREBBP-CREB3,0,9,Hexagon,#ffffff,10.0;10.0,
CREBBP-MAML3,0,9,Hexagon,#ffffff,10.0;10.0,
CREM,5,9,Rectangle,#c0c0c0,10.0;10.0,
CRH,5,9,Rectangle,#c0c0c0,10.0;10.0,
CRHR1,5,9,Rectangle,#c0c0c0,10.0;10.0,
CRK,5,9,Rectangle,#c0c0c0,10.0;10.0,
CRK-BCAR1,0,9,Hexagon,#ffffff,10.0;10.0,
CRLF2-IL7R,0,9,Hexagon,#ffffff,10.0;10.0,
CRLS1,5,9,Rectangle,#c0c0c0,10.0;10.0,
CRTC2,5,9,Rectangle,#c0c0c0,10.0;10.0,
CRY1,5,9,Rectangle,#c0c0c0,10.0;10.0,
CRY1-PER2,0,9,Hexagon,#ffffff,10.0;10.0,
CRYAB,5,9,Rectangle,#c0c0c0,10.0;10.0,
CRYL1,5,9,Rectangle,#c0c0c0,10.0;10.0,
CS,5,9,Rectangle,#c0c0c0,10.0;10.0,
CSAD,5,9,Rectangle,#c0c0c0,10.0;10.0,
CSF1,5,9,Rectangle,#c0c0c0,10.0;10.0,
CSF1R,5,9,Rectangle,#c0c0c0,10.0;10.0,
CSF2,5,9,Rectangle,#c0c0c0,10.0;10.0,
CSF2RB,5,9,Rectangle,#c0c0c0,10.0;10.0,
CSF2RB-CSF2RA,0,9,Hexagon,#ffffff,10.0;10.0,
CSF3,5,9,Rectangle,#c0c0c0,10.0;10.0,
CSF3R,5,9,Rectangle,#c0c0c0,10.0;10.0,
CSF3R-JAK1,0,9,Hexagon,#ffffff,10.0;10.0,
CSGALNACT2,5,9,Rectangle,#c0c0c0,10.0;10.0,
CSH1,5,9,Rectangle,#c0c0c0,10.0;10.0,
CSN2,5,9,Rectangle,#c0c0c0,10.0;10.0,
CSNK1A1L,5,9,Rectangle,#c0c0c0,10.0;10.0,
CSNK1D,5,9,Rectangle,#c0c0c0,10.0;10.0,
CSNK2A1,5,9,Rectangle,#c0c0c0,10.0;10.0,
CSTF1-CSTF2,0,9,Hexagon,#ffffff,10.0;10.0,
CTBP1,5,9,Rectangle,#c0c0c0,10.0;10.0,
CTF1,5,9,Rectangle,#c0c0c0,10.0;10.0,
CTH,5,9,Rectangle,#c0c0c0,10.0;10.0,
CTLA4,5,9,Rectangle,#c0c0c0,10.0;10.0,
CTNNA1,5,9,Rectangle,#c0c0c0,10.0;10.0,
CTNNB1,5,9,Rectangle,#c0c0c0,10.0;10.0,
CTNNB1-APC2,0,9,Hexagon,#ffffff,10.0;10.0,
CTNNBIP1,5,9,Rectangle,#c0c0c0,10.0;10.0,
CTNND1,5,9,Rectangle,#c0c0c0,10.0;10.0,
CTNND2,5,9,Rectangle,#c0c0c0,10.0;10.0,
CTPS1,9,9,Rectangle,#8b8b8b,10.0;10.0,
CTSB,5,9,Rectangle,#c0c0c0,10.0;10.0,
CTSC,5,9,Rectangle,#c0c0c0,10.0;10.0,
CTSD,5,9,Rectangle,#c0c0c0,10.0;10.0,
CTSG,5,9,Rectangle,#c0c0c0,10.0;10.0,
CTSK,5,9,Rectangle,#c0c0c0,10.0;10.0,
CTTN,5,9,Rectangle,#c0c0c0,10.0;10.0,
CTU1,5,9,Rectangle,#c0c0c0,10.0;10.0,
CTU2,5,9,Rectangle,#c0c0c0,10.0;10.0,
CUL1,5,9,Rectangle,#c0c0c0,10.0;10.0,
CUL1-FBXW11,0,9,Hexagon,#ffffff,10.0;10.0,
CUL3,5,9,Rectangle,#c0c0c0,10.0;10.0,
CUL3-SPOPL,0,9,Hexagon,#ffffff,10.0;10.0,
CX3CL1,5,9,Rectangle,#c0c0c0,10.0;10.0,
CX3CR1,5,9,Rectangle,#c0c0c0,10.0;10.0,
CXCL1,5,9,Rectangle,#c0c0c0,10.0;10.0,
CXCL10,5,9,Rectangle,#c0c0c0,10.0;10.0,
CXCL11,5,9,Rectangle,#c0c0c0,10.0;10.0,
CXCL12,5,9,Rectangle,#c0c0c0,10.0;10.0,
CXCL13,5,9,Rectangle,#c0c0c0,10.0;10.0,
CXCL16,5,9,Rectangle,#c0c0c0,10.0;10.0,
CXCL6,5,9,Rectangle,#c0c0c0,10.0;10.0,
CXCL8,9,9,Rectangle,#8b8b8b,10.0;10.0,
CXCL9,5,9,Rectangle,#c0c0c0,10.0;10.0,
CXCR1,5,9,Rectangle,#c0c0c0,10.0;10.0,
CXCR2,5,9,Rectangle,#c0c0c0,10.0;10.0,
CXCR3,5,9,Rectangle,#c0c0c0,10.0;10.0,
CXCR4,5,9,Rectangle,#c0c0c0,10.0;10.0,
CXCR5,5,9,Rectangle,#c0c0c0,10.0;10.0,
CXCR6,5,9,Rectangle,#c0c0c0,10.0;10.0,
CXXC4,1,9,Rectangle,#f3f3f3,10.0;10.0,
CYBA,5,9,Rectangle,#c0c0c0,10.0;10.0,
CYBB,5,9,Rectangle,#c0c0c0,10.0;10.0,
CYBB-CYBA,0,9,Hexagon,#ffffff,10.0;10.0,
CYCS,5,9,Rectangle,#c0c0c0,10.0;10.0,
CYFIP1,5,9,Rectangle,#c0c0c0,10.0;10.0,
CYLD,5,9,Rectangle,#c0c0c0,10.0;10.0,
CYP11A1,5,9,Rectangle,#c0c0c0,10.0;10.0,
CYP11B1,5,9,Rectangle,#c0c0c0,10.0;10.0,
CYP11B2,5,9,Rectangle,#c0c0c0,10.0;10.0,
CYP17A1,5,9,Rectangle,#c0c0c0,10.0;10.0,
CYP19A1,5,9,Rectangle,#c0c0c0,10.0;10.0,
CYP1A1,5,9,Rectangle,#c0c0c0,10.0;10.0,
CYP1A2,5,9,Rectangle,#c0c0c0,10.0;10.0,
CYP1B1,1,9,Rectangle,#f3f3f3,10.0;10.0,
CYP21A2,5,9,Rectangle,#c0c0c0,10.0;10.0,
CYP24A1,5,9,Rectangle,#c0c0c0,10.0;10.0,
CYP26A1,5,9,Rectangle,#c0c0c0,10.0;10.0,
CYP27A1,5,9,Rectangle,#c0c0c0,10.0;10.0,
CYP27B1,1,9,Rectangle,#f3f3f3,10.0;10.0,
CYP27C1,5,9,Rectangle,#c0c0c0,10.0;10.0,
CYP2A13,1,9,Rectangle,#f3f3f3,10.0;10.0,
CYP2A6,5,9,Rectangle,#c0c0c0,10.0;10.0,
CYP2B6,5,9,Rectangle,#c0c0c0,10.0;10.0,
CYP2C19,5,9,Rectangle,#c0c0c0,10.0;10.0,
CYP2C8,5,9,Rectangle,#c0c0c0,10.0;10.0,
CYP2C9,5,9,Rectangle,#c0c0c0,10.0;10.0,
CYP2E1,1,9,Rectangle,#f3f3f3,10.0;10.0,
CYP2J2,5,9,Rectangle,#c0c0c0,10.0;10.0,
CYP2R1,5,9,Rectangle,#c0c0c0,10.0;10.0,
CYP2U1,1,9,Rectangle,#f3f3f3,10.0;10.0,
CYP39A1,9,9,Rectangle,#8b8b8b,10.0;10.0,
CYP3A4,5,9,Rectangle,#c0c0c0,10.0;10.0,
CYP3A5,5,9,Rectangle,#c0c0c0,10.0;10.0,
CYP3A7-CYP3A51P,5,9,Rectangle,#c0c0c0,10.0;10.0,
CYP46A1,5,9,Rectangle,#c0c0c0,10.0;10.0,
CYP4A11,5,9,Rectangle,#c0c0c0,10.0;10.0,
CYP4F3,5,9,Rectangle,#c0c0c0,10.0;10.0,
CYP4F8,5,9,Rectangle,#c0c0c0,10.0;10.0,
CYP51A1,5,9,Rectangle,#c0c0c0,10.0;10.0,
CYP7A1,5,9,Rectangle,#c0c0c0,10.0;10.0,
CYP7B1,5,9,Rectangle,#c0c0c0,10.0;10.0,
CYP8B1,5,9,Rectangle,#c0c0c0,10.0;10.0,
CYSLTR1,5,9,Rectangle,#c0c0c0,10.0;10.0,
CYTH4,5,9,Rectangle,#c0c0c0,10.0;10.0,
DAAM1,5,9,Rectangle,#c0c0c0,10.0;10.0,
DAB2IP,5,9,Rectangle,#c0c0c0,10.0;10.0,
DAD1-STT3B,0,9,Hexagon,#ffffff,10.0;10.0,
DAG1-DAG1,0,9,Hexagon,#ffffff,10.0;10.0,
DAO,5,9,Rectangle,#c0c0c0,10.0;10.0,
DAPK1,9,9,Rectangle,#8b8b8b,10.0;10.0,
DAPP1,9,9,Rectangle,#8b8b8b,10.0;10.0,
DAXX,5,9,Rectangle,#c0c0c0,10.0;10.0,
DBF4-CDC7,0,9,Hexagon,#ffffff,10.0;10.0,
DBH,5,9,Rectangle,#c0c0c0,10.0;10.0,
DBI,5,9,Rectangle,#c0c0c0,10.0;10.0,
DBT,5,9,Rectangle,#c0c0c0,10.0;10.0,
DCC,5,9,Rectangle,#c0c0c0,10.0;10.0,
DCC-DCC,0,9,Hexagon,#ffffff,10.0;10.0,
DCC-UNC5D,0,9,Hexagon,#ffffff,10.0;10.0,
DCK,5,9,Rectangle,#c0c0c0,10.0;10.0,
DCN,5,9,Rectangle,#c0c0c0,10.0;10.0,
DCT,5,9,Rectangle,#c0c0c0,10.0;10.0,
DCTD,5,9,Rectangle,#c0c0c0,10.0;10.0,
DCTPP1,5,9,Rectangle,#c0c0c0,10.0;10.0,
DCXR,5,9,Rectangle,#c0c0c0,10.0;10.0,
DDB2,5,9,Rectangle,#c0c0c0,10.0;10.0,
DDC,5,9,Rectangle,#c0c0c0,10.0;10.0,
DDIT3,9,9,Rectangle,#8b8b8b,10.0;10.0,
DDIT4,5,9,Rectangle,#c0c0c0,10.0;10.0,
DDO,5,9,Rectangle,#c0c0c0,10.0;10.0,
DDX20,5,9,Rectangle,#c0c0c0,10.0;10.0,
DDX39B,5,9,Rectangle,#c0c0c0,10.0;10.0,
DDX3X,5,9,Rectangle,#c0c0c0,10.0;10.0,
DDX58,5,9,Rectangle,#c0c0c0,10.0;10.0,
DEGS2,5,9,Rectangle,#c0c0c0,10.0;10.0,
DEPTOR,1,9,Rectangle,#f3f3f3,10.0;10.0,
DERA,5,9,Rectangle,#c0c0c0,10.0;10.0,
DFFA,5,9,Rectangle,#c0c0c0,10.0;10.0,
DGAT2,5,9,Rectangle,#c0c0c0,10.0;10.0,
DGKK,5,9,Rectangle,#c0c0c0,10.0;10.0,
DGLUCY,1,9,Rectangle,#f3f3f3,10.0;10.0,
DGUOK,5,9,Rectangle,#c0c0c0,10.0;10.0,
DHCR24,5,9,Rectangle,#c0c0c0,10.0;10.0,
DHCR7,9,9,Rectangle,#8b8b8b,10.0;10.0,
DHDH,5,9,Rectangle,#c0c0c0,10.0;10.0,
DHFR,1,9,Rectangle,#f3f3f3,10.0;10.0,
DHODH,5,9,Rectangle,#c0c0c0,10.0;10.0,
DHRS4,5,9,Rectangle,#c0c0c0,10.0;10.0,
DHRS9,5,9,Rectangle,#c0c0c0,10.0;10.0,
DHX33,5,9,Rectangle,#c0c0c0,10.0;10.0,
DHX58,5,9,Rectangle,#c0c0c0,10.0;10.0,
DIABLO,5,9,Rectangle,#c0c0c0,10.0;10.0,
DIAPH1,5,9,Rectangle,#c0c0c0,10.0;10.0,
DIAPH3,5,9,Rectangle,#c0c0c0,10.0;10.0,
DKK1,5,9,Rectangle,#c0c0c0,10.0;10.0,
DLAT,5,9,Rectangle,#c0c0c0,10.0;10.0,
DLD,5,9,Rectangle,#c0c0c0,10.0;10.0,
DLG1,5,9,Rectangle,#c0c0c0,10.0;10.0,
DLG3,5,9,Rectangle,#c0c0c0,10.0;10.0,
DLG3-DLG2,0,9,Hexagon,#ffffff,10.0;10.0,
DLG4,5,9,Rectangle,#c0c0c0,10.0;10.0,
DLGAP1,5,9,Rectangle,#c0c0c0,10.0;10.0,
DLL3,5,9,Rectangle,#c0c0c0,10.0;10.0,
DLST,5,9,Rectangle,#c0c0c0,10.0;10.0,
DMGDH,5,9,Rectangle,#c0c0c0,10.0;10.0,
DMP1,5,9,Rectangle,#c0c0c0,10.0;10.0,
DNM1L,5,9,Rectangle,#c0c0c0,10.0;10.0,
DNM2-AMPH,0,9,Hexagon,#ffffff,10.0;10.0,
DNMT1,5,9,Rectangle,#c0c0c0,10.0;10.0,
DOCK1,5,9,Rectangle,#c0c0c0,10.0;10.0,
DOCK2-ELMO1,0,9,Hexagon,#ffffff,10.0;10.0,
DOCK4,5,9,Rectangle,#c0c0c0,10.0;10.0,
DOLK,5,9,Rectangle,#c0c0c0,10.0;10.0,
DOLPP1,5,9,Rectangle,#c0c0c0,10.0;10.0,
DPAGT1,5,9,Rectangle,#c0c0c0,10.0;10.0,
DPM1-DPM3,0,9,Hexagon,#ffffff,10.0;10.0,
DPYD,1,9,Rectangle,#f3f3f3,10.0;10.0,
DPYS,5,9,Rectangle,#c0c0c0,10.0;10.0,
DPYSL2,1,9,Rectangle,#f3f3f3,10.0;10.0,
DPYSL2-DPYSL5,0,9,Hexagon,#ffffff,10.0;10.0,
DPYSL5,1,9,Rectangle,#f3f3f3,10.0;10.0,
DRD1,5,9,Rectangle,#c0c0c0,10.0;10.0,
DRD2,5,9,Rectangle,#c0c0c0,10.0;10.0,
DRD3,5,9,Rectangle,#c0c0c0,10.0;10.0,
DRD5,5,9,Rectangle,#c0c0c0,10.0;10.0,
DSPP,5,9,Rectangle,#c0c0c0,10.0;10.0,
DTX2,5,9,Rectangle,#c0c0c0,10.0;10.0,
DTYMK,5,9,Rectangle,#c0c0c0,10.0;10.0,
DUOX2,5,9,Rectangle,#c0c0c0,10.0;10.0,
DUOXA2,5,9,Rectangle,#c0c0c0,10.0;10.0,
DUSP1,5,9,Rectangle,#c0c0c0,10.0;10.0,
DUSP10,5,9,Rectangle,#c0c0c0,10.0;10.0,
DUSP3,5,9,Rectangle,#c0c0c0,10.0;10.0,
DUSP9,5,9,Rectangle,#c0c0c0,10.0;10.0,
DUT,5,9,Rectangle,#c0c0c0,10.0;10.0,
DVL1,5,9,Rectangle,#c0c0c0,10.0;10.0,
DYNC1H1-RAB7B,0,9,Hexagon,#ffffff,10.0;10.0,
E2F1,5,9,Rectangle,#c0c0c0,10.0;10.0,
EBAG9,5,9,Rectangle,#c0c0c0,10.0;10.0,
EBP,5,9,Rectangle,#c0c0c0,10.0;10.0,
ECHDC1,5,9,Rectangle,#c0c0c0,10.0;10.0,
ECHS1,5,9,Rectangle,#c0c0c0,10.0;10.0,
ECSIT,5,9,Rectangle,#c0c0c0,10.0;10.0,
EDA,5,9,Rectangle,#c0c0c0,10.0;10.0,
EDA2R,5,9,Rectangle,#c0c0c0,10.0;10.0,
EDAR,5,9,Rectangle,#c0c0c0,10.0;10.0,
EDARADD,9,9,Rectangle,#8b8b8b,10.0;10.0,
EDN1,9,9,Rectangle,#8b8b8b,10.0;10.0,
EDNRA,5,9,Rectangle,#c0c0c0,10.0;10.0,
EDNRB,5,9,Rectangle,#c0c0c0,10.0;10.0,
EEA1-RAB5A,0,9,Hexagon,#ffffff,10.0;10.0,
EEF1A1,5,9,Rectangle,#c0c0c0,10.0;10.0,
EEF2,5,9,Rectangle,#c0c0c0,10.0;10.0,
EEF2K,5,9,Rectangle,#c0c0c0,10.0;10.0,
EFL1,5,9,Rectangle,#c0c0c0,10.0;10.0,
EFNA1,5,9,Rectangle,#c0c0c0,10.0;10.0,
EFNB1,5,9,Rectangle,#c0c0c0,10.0;10.0,
EGF,5,9,Rectangle,#c0c0c0,10.0;10.0,
EGFR,5,9,Rectangle,#c0c0c0,10.0;10.0,
EGFR-EGFR,0,9,Hexagon,#ffffff,10.0;10.0,
EGLN2,5,9,Rectangle,#c0c0c0,10.0;10.0,
EGR1,9,9,Rectangle,#8b8b8b,10.0;10.0,
EHD1,5,9,Rectangle,#c0c0c0,10.0;10.0,
EHD2,1,9,Rectangle,#f3f3f3,10.0;10.0,
EHD3,5,9,Rectangle,#c0c0c0,10.0;10.0,
EHHADH,5,9,Rectangle,#c0c0c0,10.0;10.0,
EHMT2,5,9,Rectangle,#c0c0c0,10.0;10.0,
EI24,5,9,Rectangle,#c0c0c0,10.0;10.0,
EIF1,5,9,Rectangle,#c0c0c0,10.0;10.0,
EIF2AK1,5,9,Rectangle,#c0c0c0,10.0;10.0,
EIF2AK3,5,9,Rectangle,#c0c0c0,10.0;10.0,
EIF2AK4,5,9,Rectangle,#c0c0c0,10.0;10.0,
EIF2B1,5,9,Rectangle,#c0c0c0,10.0;10.0,
EIF2S1,5,9,Rectangle,#c0c0c0,10.0;10.0,
EIF3E,5,9,Rectangle,#c0c0c0,10.0;10.0,
EIF4A1,5,9,Rectangle,#c0c0c0,10.0;10.0,
EIF4A3,5,9,Rectangle,#c0c0c0,10.0;10.0,
EIF4B,5,9,Rectangle,#c0c0c0,10.0;10.0,
EIF4E,5,9,Rectangle,#c0c0c0,10.0;10.0,
EIF4EBP1,9,9,Rectangle,#8b8b8b,10.0;10.0,
EIF4EBP2,5,9,Rectangle,#c0c0c0,10.0;10.0,
EIF4G1,5,9,Rectangle,#c0c0c0,10.0;10.0,
EIF5,5,9,Rectangle,#c0c0c0,10.0;10.0,
EIF6,5,9,Rectangle,#c0c0c0,10.0;10.0,
ELAVL1,5,9,Rectangle,#c0c0c0,10.0;10.0,
ELF5,5,9,Rectangle,#c0c0c0,10.0;10.0,
ELK1,5,9,Rectangle,#c0c0c0,10.0;10.0,
ELK4,5,9,Rectangle,#c0c0c0,10.0;10.0,
ELOVL2,1,9,Rectangle,#f3f3f3,10.0;10.0,
ENAH,5,9,Rectangle,#c0c0c0,10.0;10.0,
ENO1,5,9,Rectangle,#c0c0c0,10.0;10.0,
ENOPH1,5,9,Rectangle,#c0c0c0,10.0;10.0,
ENPP1,5,9,Rectangle,#c0c0c0,10.0;10.0,
ENPP6,5,9,Rectangle,#c0c0c0,10.0;10.0,
ENPP7,5,9,Rectangle,#c0c0c0,10.0;10.0,
ENTPD2,9,9,Rectangle,#8b8b8b,10.0;10.0,
ENTPD8,1,9,Rectangle,#f3f3f3,10.0;10.0,
EPB41L4B,5,9,Rectangle,#c0c0c0,10.0;10.0,
EPHA2,9,9,Rectangle,#8b8b8b,10.0;10.0,
EPHB1,5,9,Rectangle,#c0c0c0,10.0;10.0,
EPHX1,5,9,Rectangle,#c0c0c0,10.0;10.0,
EPHX2,5,9,Rectangle,#c0c0c0,10.0;10.0,
EPN2-EPS15,0,9,Hexagon,#ffffff,10.0;10.0,
EPO,5,9,Rectangle,#c0c0c0,10.0;10.0,
EPOR,1,9,Rectangle,#f3f3f3,10.0;10.0,
ERBB2,5,9,Rectangle,#c0c0c0,10.0;10.0,
ERBB2-ERBB2,0,9,Hexagon,#ffffff,10.0;10.0,
ERBB3,5,9,Rectangle,#c0c0c0,10.0;10.0,
ERBB3-ERBB2,0,9,Hexagon,#ffffff,10.0;10.0,
ERBB3-ERBB3,0,9,Hexagon,#ffffff,10.0;10.0,
ERBB4,9,9,Rectangle,#8b8b8b,10.0;10.0,
ERBB4-ERBB2,0,9,Hexagon,#ffffff,10.0;10.0,
ERBB4-ERBB4,0,9,Hexagon,#ffffff,10.0;10.0,
ERBIN,5,9,Rectangle,#c0c0c0,10.0;10.0,
EREG,5,9,Rectangle,#c0c0c0,10.0;10.0,
ERN1,5,9,Rectangle,#c0c0c0,10.0;10.0,
ERO1A,5,9,Rectangle,#c0c0c0,10.0;10.0,
ESAM,5,9,Rectangle,#c0c0c0,10.0;10.0,
ESPL1,5,9,Rectangle,#c0c0c0,10.0;10.0,
ESR1,9,9,Rectangle,#8b8b8b,10.0;10.0,
ESRRB,1,9,Rectangle,#f3f3f3,10.0;10.0,
ETF1,5,9,Rectangle,#c0c0c0,10.0;10.0,
ETHE1,5,9,Rectangle,#c0c0c0,10.0;10.0,
ETNPPL,1,9,Rectangle,#f3f3f3,10.0;10.0,
ETS1,5,9,Rectangle,#c0c0c0,10.0;10.0,
EVC2,5,9,Rectangle,#c0c0c0,10.0;10.0,
EVL,5,9,Rectangle,#c0c0c0,10.0;10.0,
EXOC2,5,9,Rectangle,#c0c0c0,10.0;10.0,
EXOC7,5,9,Rectangle,#c0c0c0,10.0;10.0,
EZR,5,9,Rectangle,#c0c0c0,10.0;10.0,
F10,5,9,Rectangle,#c0c0c0,10.0;10.0,
F11,1,9,Rectangle,#f3f3f3,10.0;10.0,
F11R,5,9,Rectangle,#c0c0c0,10.0;10.0,
F11R-F11R,0,9,Hexagon,#ffffff,10.0;10.0,
F12,5,9,Rectangle,#c0c0c0,10.0;10.0,
F13A1,5,9,Rectangle,#c0c0c0,10.0;10.0,
F2,5,9,Rectangle,#c0c0c0,10.0;10.0,
F2R,5,9,Rectangle,#c0c0c0,10.0;10.0,
F2RL1,5,9,Rectangle,#c0c0c0,10.0;10.0,
F2RL2,1,9,Rectangle,#f3f3f3,10.0;10.0,
F3,9,9,Rectangle,#8b8b8b,10.0;10.0,
F5,5,9,Rectangle,#c0c0c0,10.0;10.0,
F7,5,9,Rectangle,#c0c0c0,10.0;10.0,
F8,5,9,Rectangle,#c0c0c0,10.0;10.0,
F9,5,9,Rectangle,#c0c0c0,10.0;10.0,
FAAP24,5,9,Rectangle,#c0c0c0,10.0;10.0,
FABP1,5,9,Rectangle,#c0c0c0,10.0;10.0,
FABP2,5,9,Rectangle,#c0c0c0,10.0;10.0,
FABP3,5,9,Rectangle,#c0c0c0,10.0;10.0,
FABP4,5,9,Rectangle,#c0c0c0,10.0;10.0,
FADD,5,9,Rectangle,#c0c0c0,10.0;10.0,
FADD-RIPK1,0,9,Hexagon,#ffffff,10.0;10.0,
FADD-TRADD,0,9,Hexagon,#ffffff,10.0;10.0,
FADS2,5,9,Rectangle,#c0c0c0,10.0;10.0,
FAH,5,9,Rectangle,#c0c0c0,10.0;10.0,
FAHD1,5,9,Rectangle,#c0c0c0,10.0;10.0,
FAN1,5,9,Rectangle,#c0c0c0,10.0;10.0,
FANCA,5,9,Rectangle,#c0c0c0,10.0;10.0,
FANCD2,5,9,Rectangle,#c0c0c0,10.0;10.0,
FANCE-FANCF,0,9,Hexagon,#ffffff,10.0;10.0,
FANCG,5,9,Rectangle,#c0c0c0,10.0;10.0,
FANCI,5,9,Rectangle,#c0c0c0,10.0;10.0,
FANCL,5,9,Rectangle,#c0c0c0,10.0;10.0,
FANCM,5,9,Rectangle,#c0c0c0,10.0;10.0,
FARP2,5,9,Rectangle,#c0c0c0,10.0;10.0,
FAS,9,9,Rectangle,#8b8b8b,10.0;10.0,
FASLG,5,9,Rectangle,#c0c0c0,10.0;10.0,
FASN,5,9,Rectangle,#c0c0c0,10.0;10.0,
FBP1,5,9,Rectangle,#c0c0c0,10.0;10.0,
FBXL3,5,9,Rectangle,#c0c0c0,10.0;10.0,
FBXO32,5,9,Rectangle,#c0c0c0,10.0;10.0,
FBXO43,5,9,Rectangle,#c0c0c0,10.0;10.0,
FBXO5,5,9,Rectangle,#c0c0c0,10.0;10.0,
FBXW11,5,9,Rectangle,#c0c0c0,10.0;10.0,
FCER1A,5,9,Rectangle,#c0c0c0,10.0;10.0,
FCER1G,5,9,Rectangle,#c0c0c0,10.0;10.0,
FCER1G-MS4A2,0,9,Hexagon,#ffffff,10.0;10.0,
FCGR1A,5,9,Rectangle,#c0c0c0,10.0;10.0,
FCGR2A,5,9,Rectangle,#c0c0c0,10.0;10.0,
FCGR2B,5,9,Rectangle,#c0c0c0,10.0;10.0,
FCGR3A,5,9,Rectangle,#c0c0c0,10.0;10.0,
FCSK,5,9,Rectangle,#c0c0c0,10.0;10.0,
FDFT1,5,9,Rectangle,#c0c0c0,10.0;10.0,
FDPS,5,9,Rectangle,#c0c0c0,10.0;10.0,
FECH,5,9,Rectangle,#c0c0c0,10.0;10.0,
FER,5,9,Rectangle,#c0c0c0,10.0;10.0,
FERMT3,5,9,Rectangle,#c0c0c0,10.0;10.0,
FES,5,9,Rectangle,#c0c0c0,10.0;10.0,
FFAR1,5,9,Rectangle,#c0c0c0,10.0;10.0,
FGA,5,9,Rectangle,#c0c0c0,10.0;10.0,
FGD1,5,9,Rectangle,#c0c0c0,10.0;10.0,
FGF1,5,9,Rectangle,#c0c0c0,10.0;10.0,
FGF2,5,9,Rectangle,#c0c0c0,10.0;10.0,
FGFR1,5,9,Rectangle,#c0c0c0,10.0;10.0,
FGR,5,9,Rectangle,#c0c0c0,10.0;10.0,
FH,5,9,Rectangle,#c0c0c0,10.0;10.0,
FHL1,5,9,Rectangle,#c0c0c0,10.0;10.0,
FHL2,5,9,Rectangle,#c0c0c0,10.0;10.0,
FIG4,5,9,Rectangle,#c0c0c0,10.0;10.0,
FIP1L1-CPSF3,0,9,Hexagon,#ffffff,10.0;10.0,
FLAD1,5,9,Rectangle,#c0c0c0,10.0;10.0,
FLCN,5,9,Rectangle,#c0c0c0,10.0;10.0,
FLCN-FNIP2,0,9,Hexagon,#ffffff,10.0;10.0,
FLNA,5,9,Rectangle,#c0c0c0,10.0;10.0,
FLOT1,5,9,Rectangle,#c0c0c0,10.0;10.0,
FLT1,5,9,Rectangle,#c0c0c0,10.0;10.0,
FMO1,5,9,Rectangle,#c0c0c0,10.0;10.0,
FMOD,5,9,Rectangle,#c0c0c0,10.0;10.0,
FMR1,5,9,Rectangle,#c0c0c0,10.0;10.0,
FN1,5,9,Rectangle,#c0c0c0,10.0;10.0,
FNIP2,5,9,Rectangle,#c0c0c0,10.0;10.0,
FNTA,5,9,Rectangle,#c0c0c0,10.0;10.0,
FOLH1,5,9,Rectangle,#c0c0c0,10.0;10.0,
FOS,9,9,Rectangle,#8b8b8b,10.0;10.0,
FOSL1,5,9,Rectangle,#c0c0c0,10.0;10.0,
FOXA2,5,9,Rectangle,#c0c0c0,10.0;10.0,
FOXO1,5,9,Rectangle,#c0c0c0,10.0;10.0,
FOXO3,5,9,Rectangle,#c0c0c0,10.0;10.0,
FOXO4,5,9,Rectangle,#c0c0c0,10.0;10.0,
FOXO6,5,9,Rectangle,#c0c0c0,10.0;10.0,
FPGS,5,9,Rectangle,#c0c0c0,10.0;10.0,
FPGT,5,9,Rectangle,#c0c0c0,10.0;10.0,
FPR1,5,9,Rectangle,#c0c0c0,10.0;10.0,
FRAT1,5,9,Rectangle,#c0c0c0,10.0;10.0,
FRS2,5,9,Rectangle,#c0c0c0,10.0;10.0,
FSHR,5,9,Rectangle,#c0c0c0,10.0;10.0,
FST,5,9,Rectangle,#c0c0c0,10.0;10.0,
FTCD,5,9,Rectangle,#c0c0c0,10.0;10.0,
FUT1,5,9,Rectangle,#c0c0c0,10.0;10.0,
FUT3,5,9,Rectangle,#c0c0c0,10.0;10.0,
FUT4,5,9,Rectangle,#c0c0c0,10.0;10.0,
FUT8,5,9,Rectangle,#c0c0c0,10.0;10.0,
FUT9,5,9,Rectangle,#c0c0c0,10.0;10.0,
FXYD1,5,9,Rectangle,#c0c0c0,10.0;10.0,
FXYD4,5,9,Rectangle,#c0c0c0,10.0;10.0,
FYN,5,9,Rectangle,#c0c0c0,10.0;10.0,
FZD10,5,9,Rectangle,#c0c0c0,10.0;10.0,
FZD10-LRP6,0,9,Hexagon,#ffffff,10.0;10.0,
FZD3,5,9,Rectangle,#c0c0c0,10.0;10.0,
FZR1,5,9,Rectangle,#c0c0c0,10.0;10.0,
FZR1-ANAPC10,0,9,Hexagon,#ffffff,10.0;10.0,
G10505,0,9,Triangle,#ffffff,10.0;10.0,
G6PC,5,9,Rectangle,#c0c0c0,10.0;10.0,
G6PD,5,9,Rectangle,#c0c0c0,10.0;10.0,
GAA,5,9,Rectangle,#c0c0c0,10.0;10.0,
GAB1,5,9,Rectangle,#c0c0c0,10.0;10.0,
GAB2,5,9,Rectangle,#c0c0c0,10.0;10.0,
GABARAP,5,9,Rectangle,#c0c0c0,10.0;10.0,
GABBR1,5,9,Rectangle,#c0c0c0,10.0;10.0,
GABRA1,5,9,Rectangle,#c0c0c0,10.0;10.0,
GABRR3,5,9,Rectangle,#c0c0c0,10.0;10.0,
GAD1,5,9,Rectangle,#c0c0c0,10.0;10.0,
GADD45G,5,9,Rectangle,#c0c0c0,10.0;10.0,
GADL1,5,9,Rectangle,#c0c0c0,10.0;10.0,
GAL,5,9,Rectangle,#c0c0c0,10.0;10.0,
GAL3ST1,5,9,Rectangle,#c0c0c0,10.0;10.0,
GALC,5,9,Rectangle,#c0c0c0,10.0;10.0,
GALE,5,9,Rectangle,#c0c0c0,10.0;10.0,
GALK1,5,9,Rectangle,#c0c0c0,10.0;10.0,
GALM,5,9,Rectangle,#c0c0c0,10.0;10.0,
GALNS,5,9,Rectangle,#c0c0c0,10.0;10.0,
GALR1,5,9,Rectangle,#c0c0c0,10.0;10.0,
GALT,5,9,Rectangle,#c0c0c0,10.0;10.0,
GAMT,5,9,Rectangle,#c0c0c0,10.0;10.0,
GANAB,5,9,Rectangle,#c0c0c0,10.0;10.0,
GAPDH,5,9,Rectangle,#c0c0c0,10.0;10.0,
GART,5,9,Rectangle,#c0c0c0,10.0;10.0,
GAS1,1,9,Rectangle,#f3f3f3,10.0;10.0,
GAST,5,9,Rectangle,#c0c0c0,10.0;10.0,
GATA4,5,9,Rectangle,#c0c0c0,10.0;10.0,
GATA4-SRF,0,9,Hexagon,#ffffff,10.0;10.0,
GATC,5,9,Rectangle,#c0c0c0,10.0;10.0,
GATM,5,9,Rectangle,#c0c0c0,10.0;10.0,
GBA,5,9,Rectangle,#c0c0c0,10.0;10.0,
GBA3,5,9,Rectangle,#c0c0c0,10.0;10.0,
GBE1,5,9,Rectangle,#c0c0c0,10.0;10.0,
GBGT1,5,9,Rectangle,#c0c0c0,10.0;10.0,
GCAT,5,9,Rectangle,#c0c0c0,10.0;10.0,
GCDH,5,9,Rectangle,#c0c0c0,10.0;10.0,
GCG,9,9,Rectangle,#8b8b8b,10.0;10.0,
GCGR,5,9,Rectangle,#c0c0c0,10.0;10.0,
GCH1,5,9,Rectangle,#c0c0c0,10.0;10.0,
GCK,5,9,Rectangle,#c0c0c0,10.0;10.0,
GCLC,5,9,Rectangle,#c0c0c0,10.0;10.0,
GCNT1,5,9,Rectangle,#c0c0c0,10.0;10.0,
GCNT2,5,9,Rectangle,#c0c0c0,10.0;10.0,
GCNT3,5,9,Rectangle,#c0c0c0,10.0;10.0,
GDA,5,9,Rectangle,#c0c0c0,10.0;10.0,
GDF5,9,9,Rectangle,#8b8b8b,10.0;10.0,
GDF6,5,9,Rectangle,#c0c0c0,10.0;10.0,
GDF7,5,9,Rectangle,#c0c0c0,10.0;10.0,
GDPD1,5,9,Rectangle,#c0c0c0,10.0;10.0,
GEMIN2,5,9,Rectangle,#c0c0c0,10.0;10.0,
GEMIN4,5,9,Rectangle,#c0c0c0,10.0;10.0,
GEMIN5,5,9,Rectangle,#c0c0c0,10.0;10.0,
GEMIN6,5,9,Rectangle,#c0c0c0,10.0;10.0,
GEMIN7,5,9,Rectangle,#c0c0c0,10.0;10.0,
GEMIN8,5,9,Rectangle,#c0c0c0,10.0;10.0,
GFAP,5,9,Rectangle,#c0c0c0,10.0;10.0,
GFPT1,5,9,Rectangle,#c0c0c0,10.0;10.0,
GFUS,0,9,Rectangle,#ffffff,10.0;10.0,
GGCT,5,9,Rectangle,#c0c0c0,10.0;10.0,
GGCX,5,9,Rectangle,#c0c0c0,10.0;10.0,
GGH,5,9,Rectangle,#c0c0c0,10.0;10.0,
GGPS1,5,9,Rectangle,#c0c0c0,10.0;10.0,
GGT1,5,9,Rectangle,#c0c0c0,10.0;10.0,
GGT6,5,9,Rectangle,#c0c0c0,10.0;10.0,
GHR,5,9,Rectangle,#c0c0c0,10.0;10.0,
GHRH,5,9,Rectangle,#c0c0c0,10.0;10.0,
GHRHR,5,9,Rectangle,#c0c0c0,10.0;10.0,
GHRL,5,9,Rectangle,#c0c0c0,10.0;10.0,
GHSR,5,9,Rectangle,#c0c0c0,10.0;10.0,
GIP,5,9,Rectangle,#c0c0c0,10.0;10.0,
GIPR,5,9,Rectangle,#c0c0c0,10.0;10.0,
GIT1,5,9,Rectangle,#c0c0c0,10.0;10.0,
GJA1,5,9,Rectangle,#c0c0c0,10.0;10.0,
GK,5,9,Rectangle,#c0c0c0,10.0;10.0,
GLA,5,9,Rectangle,#c0c0c0,10.0;10.0,
GLB1,5,9,Rectangle,#c0c0c0,10.0;10.0,
GLDC,5,9,Rectangle,#c0c0c0,10.0;10.0,
GLG1,5,9,Rectangle,#c0c0c0,10.0;10.0,
GLI1,5,9,Rectangle,#c0c0c0,10.0;10.0,
GLI2,9,9,Rectangle,#8b8b8b,10.0;10.0,
GLI3,5,9,Rectangle,#c0c0c0,10.0;10.0,
GLO1,5,9,Rectangle,#c0c0c0,10.0;10.0,
GLP1R,5,9,Rectangle,#c0c0c0,10.0;10.0,
GLRA1,5,9,Rectangle,#c0c0c0,10.0;10.0,
GLS2,5,9,Rectangle,#c0c0c0,10.0;10.0,
GLUD1,5,9,Rectangle,#c0c0c0,10.0;10.0,
GLUL,9,9,Rectangle,#8b8b8b,10.0;10.0,
GLYCTK,5,9,Rectangle,#c0c0c0,10.0;10.0,
GMDS,5,9,Rectangle,#c0c0c0,10.0;10.0,
GMPPB,5,9,Rectangle,#c0c0c0,10.0;10.0,
GMPR,5,9,Rectangle,#c0c0c0,10.0;10.0,
GMPS,5,9,Rectangle,#c0c0c0,10.0;10.0,
GNA11,5,9,Rectangle,#c0c0c0,10.0;10.0,
GNA12,5,9,Rectangle,#c0c0c0,10.0;10.0,
GNA13,5,9,Rectangle,#c0c0c0,10.0;10.0,
GNAI1,5,9,Rectangle,#c0c0c0,10.0;10.0,
GNAL,5,9,Rectangle,#c0c0c0,10.0;10.0,
GNAO1,1,9,Rectangle,#f3f3f3,10.0;10.0,
GNAQ,5,9,Rectangle,#c0c0c0,10.0;10.0,
GNAS,5,9,Rectangle,#c0c0c0,10.0;10.0,
GNAT1,5,9,Rectangle,#c0c0c0,10.0;10.0,
GNAT3,5,9,Rectangle,#c0c0c0,10.0;10.0,
GNB3,5,9,Rectangle,#c0c0c0,10.0;10.0,
GNB5,5,9,Rectangle,#c0c0c0,10.0;10.0,
GNB5-LPAR6,0,9,Hexagon,#ffffff,10.0;10.0,
GNE,5,9,Rectangle,#c0c0c0,10.0;10.0,
GNG12,5,9,Rectangle,#c0c0c0,10.0;10.0,
GNMT,5,9,Rectangle,#c0c0c0,10.0;10.0,
GNPAT,5,9,Rectangle,#c0c0c0,10.0;10.0,
GNPDA1,5,9,Rectangle,#c0c0c0,10.0;10.0,
GNPNAT1,5,9,Rectangle,#c0c0c0,10.0;10.0,
GNRH1,5,9,Rectangle,#c0c0c0,10.0;10.0,
GNRHR,5,9,Rectangle,#c0c0c0,10.0;10.0,
GNS,5,9,Rectangle,#c0c0c0,10.0;10.0,
GOT1L1,0,9,Rectangle,#ffffff,10.0;10.0,
GP1BA-GP1BB,0,9,Hexagon,#ffffff,10.0;10.0,
GP6,5,9,Rectangle,#c0c0c0,10.0;10.0,
GP9-GP1BB,0,9,Hexagon,#ffffff,10.0;10.0,
GPAT4,5,9,Rectangle,#c0c0c0,10.0;10.0,
GPC4,5,9,Rectangle,#c0c0c0,10.0;10.0,
GPCPD1,5,9,Rectangle,#c0c0c0,10.0;10.0,
GPD1L,5,9,Rectangle,#c0c0c0,10.0;10.0,
GPD2,5,9,Rectangle,#c0c0c0,10.0;10.0,
GPER1,1,9,Rectangle,#f3f3f3,10.0;10.0,
GPHN,5,9,Rectangle,#c0c0c0,10.0;10.0,
GPI,5,9,Rectangle,#c0c0c0,10.0;10.0,
GPLD1,5,9,Rectangle,#c0c0c0,10.0;10.0,
GPR119,5,9,Rectangle,#c0c0c0,10.0;10.0,
GPR156,5,9,Rectangle,#c0c0c0,10.0;10.0,
GPR161,5,9,Rectangle,#c0c0c0,10.0;10.0,
GPRC6A,5,9,Rectangle,#c0c0c0,10.0;10.0,
GPT,1,9,Rectangle,#f3f3f3,10.0;10.0,
GPX4,5,9,Rectangle,#c0c0c0,10.0;10.0,
GPX6,5,9,Rectangle,#c0c0c0,10.0;10.0,
GRAP2,5,9,Rectangle,#c0c0c0,10.0;10.0,
GRB10,5,9,Rectangle,#c0c0c0,10.0;10.0,
GRB2,5,9,Rectangle,#c0c0c0,10.0;10.0,
GREM1,5,9,Rectangle,#c0c0c0,10.0;10.0,
GRHPR,5,9,Rectangle,#c0c0c0,10.0;10.0,
GRIA1,5,9,Rectangle,#c0c0c0,10.0;10.0,
GRIK1,5,9,Rectangle,#c0c0c0,10.0;10.0,
GRIN1,5,9,Rectangle,#c0c0c0,10.0;10.0,
GRIN2A,5,9,Rectangle,#c0c0c0,10.0;10.0,
GRIN3A,5,9,Rectangle,#c0c0c0,10.0;10.0,
GRK2,5,9,Rectangle,#c0c0c0,10.0;10.0,
GRK7,5,9,Rectangle,#c0c0c0,10.0;10.0,
GRK7-ARRB1,0,9,Hexagon,#ffffff,10.0;10.0,
GRM1,5,9,Rectangle,#c0c0c0,10.0;10.0,
GRM2,5,9,Rectangle,#c0c0c0,10.0;10.0,
GRM3,5,9,Rectangle,#c0c0c0,10.0;10.0,
GRM4,5,9,Rectangle,#c0c0c0,10.0;10.0,
GRM5,5,9,Rectangle,#c0c0c0,10.0;10.0,
GRM7,5,9,Rectangle,#c0c0c0,10.0;10.0,
GRP,5,9,Rectangle,#c0c0c0,10.0;10.0,
GRPR,5,9,Rectangle,#c0c0c0,10.0;10.0,
GSDMD,5,9,Rectangle,#c0c0c0,10.0;10.0,
GSK3A,5,9,Rectangle,#c0c0c0,10.0;10.0,
GSK3B,5,9,Rectangle,#c0c0c0,10.0;10.0,
GSN,5,9,Rectangle,#c0c0c0,10.0;10.0,
GSPT2,5,9,Rectangle,#c0c0c0,10.0;10.0,
GSR,5,9,Rectangle,#c0c0c0,10.0;10.0,
GSS,5,9,Rectangle,#c0c0c0,10.0;10.0,
GSTO2,5,9,Rectangle,#c0c0c0,10.0;10.0,
GSTZ1,5,9,Rectangle,#c0c0c0,10.0;10.0,
GTF2I,5,9,Rectangle,#c0c0c0,10.0;10.0,
GTSE1,5,9,Rectangle,#c0c0c0,10.0;10.0,
GUCA1A,5,9,Rectangle,#c0c0c0,10.0;10.0,
GUCY1A2,1,9,Rectangle,#f3f3f3,10.0;10.0,
GUCY2D,5,9,Rectangle,#c0c0c0,10.0;10.0,
GUCY2F,5,9,Rectangle,#c0c0c0,10.0;10.0,
GUK1,5,9,Rectangle,#c0c0c0,10.0;10.0,
GUSB,5,9,Rectangle,#c0c0c0,10.0;10.0,
GYG1,5,9,Rectangle,#c0c0c0,10.0;10.0,
GYS1,5,9,Rectangle,#c0c0c0,10.0;10.0,
GZMB,5,9,Rectangle,#c0c0c0,10.0;10.0,
H6PD,5,9,Rectangle,#c0c0c0,10.0;10.0,
HAAO,5,9,Rectangle,#c0c0c0,10.0;10.0,
HACD2,5,9,Rectangle,#c0c0c0,10.0;10.0,
HADH,5,9,Rectangle,#c0c0c0,10.0;10.0,
HADHA,5,9,Rectangle,#c0c0c0,10.0;10.0,
HAGH,5,9,Rectangle,#c0c0c0,10.0;10.0,
HAL,5,9,Rectangle,#c0c0c0,10.0;10.0,
HAMP,5,9,Rectangle,#c0c0c0,10.0;10.0,
HAO2,5,9,Rectangle,#c0c0c0,10.0;10.0,
HAP1,1,9,Rectangle,#f3f3f3,10.0;10.0,
HBEGF,5,9,Rectangle,#c0c0c0,10.0;10.0,
HBS1L,5,9,Rectangle,#c0c0c0,10.0;10.0,
HCCS,5,9,Rectangle,#c0c0c0,10.0;10.0,
HCK,5,9,Rectangle,#c0c0c0,10.0;10.0,
HCN4,5,9,Rectangle,#c0c0c0,10.0;10.0,
HCRT,5,9,Rectangle,#c0c0c0,10.0;10.0,
HCRTR1,5,9,Rectangle,#c0c0c0,10.0;10.0,
HCST,5,9,Rectangle,#c0c0c0,10.0;10.0,
HDAC1,5,9,Rectangle,#c0c0c0,10.0;10.0,
HDAC1-CIR1,0,9,Hexagon,#ffffff,10.0;10.0,
HDAC1-CTBP1,0,9,Hexagon,#ffffff,10.0;10.0,
HDC,5,9,Rectangle,#c0c0c0,10.0;10.0,
HDDC3,5,9,Rectangle,#c0c0c0,10.0;10.0,
HEPH,1,9,Rectangle,#f3f3f3,10.0;10.0,
HES1,5,9,Rectangle,#c0c0c0,10.0;10.0,
HEXA,5,9,Rectangle,#c0c0c0,10.0;10.0,
HEY1,9,9,Rectangle,#8b8b8b,10.0;10.0,
HGD,5,9,Rectangle,#c0c0c0,10.0;10.0,
HGS,5,9,Rectangle,#c0c0c0,10.0;10.0,
HGSNAT,5,9,Rectangle,#c0c0c0,10.0;10.0,
HHIP,5,9,Rectangle,#c0c0c0,10.0;10.0,
HIBADH,5,9,Rectangle,#c0c0c0,10.0;10.0,
HIBCH,5,9,Rectangle,#c0c0c0,10.0;10.0,
HIF1A,5,9,Rectangle,#c0c0c0,10.0;10.0,
HJV,5,9,Rectangle,#c0c0c0,10.0;10.0,
HJV-NEO1,0,9,Hexagon,#ffffff,10.0;10.0,
HK1,5,9,Rectangle,#c0c0c0,10.0;10.0,
HLA-A,5,9,Rectangle,#c0c0c0,10.0;10.0,
HLA-B,5,9,Rectangle,#c0c0c0,10.0;10.0,
HLA-C,5,9,Rectangle,#c0c0c0,10.0;10.0,
HLA-DMA,5,9,Rectangle,#c0c0c0,10.0;10.0,
HLA-E,5,9,Rectangle,#c0c0c0,10.0;10.0,
HLA-G,5,9,Rectangle,#c0c0c0,10.0;10.0,
HLCS,5,9,Rectangle,#c0c0c0,10.0;10.0,
HMBS,5,9,Rectangle,#c0c0c0,10.0;10.0,
HMGB1,5,9,Rectangle,#c0c0c0,10.0;10.0,
HMGCL,5,9,Rectangle,#c0c0c0,10.0;10.0,
HMGCR,5,9,Rectangle,#c0c0c0,10.0;10.0,
HMGCS1,5,9,Rectangle,#c0c0c0,10.0;10.0,
HMMR,5,9,Rectangle,#c0c0c0,10.0;10.0,
HMOX1,5,9,Rectangle,#c0c0c0,10.0;10.0,
HNF4A,5,9,Rectangle,#c0c0c0,10.0;10.0,
HNMT,5,9,Rectangle,#c0c0c0,10.0;10.0,
HOGA1,1,9,Rectangle,#f3f3f3,10.0;10.0,
HOMER3,5,9,Rectangle,#c0c0c0,10.0;10.0,
HPD,5,9,Rectangle,#c0c0c0,10.0;10.0,
HPGDS,5,9,Rectangle,#c0c0c0,10.0;10.0,
HPRT1,5,9,Rectangle,#c0c0c0,10.0;10.0,
HPSE,5,9,Rectangle,#c0c0c0,10.0;10.0,
HPSE2,5,9,Rectangle,#c0c0c0,10.0;10.0,
HRAS,9,9,Rectangle,#8b8b8b,10.0;10.0,
HRC,5,9,Rectangle,#c0c0c0,10.0;10.0,
HRH1,5,9,Rectangle,#c0c0c0,10.0;10.0,
HRH2,5,9,Rectangle,#c0c0c0,10.0;10.0,
HRH3,5,9,Rectangle,#c0c0c0,10.0;10.0,
HRK,9,9,Rectangle,#8b8b8b,10.0;10.0,
HSD11B1,5,9,Rectangle,#c0c0c0,10.0;10.0,
HSD11B2,5,9,Rectangle,#c0c0c0,10.0;10.0,
HSD17B1,5,9,Rectangle,#c0c0c0,10.0;10.0,
HSD17B10,5,9,Rectangle,#c0c0c0,10.0;10.0,
HSD17B12,5,9,Rectangle,#c0c0c0,10.0;10.0,
HSD17B2,5,9,Rectangle,#c0c0c0,10.0;10.0,
HSD17B3,5,9,Rectangle,#c0c0c0,10.0;10.0,
HSD17B4,5,9,Rectangle,#c0c0c0,10.0;10.0,
HSD17B7,5,9,Rectangle,#c0c0c0,10.0;10.0,
HSD17B8,5,9,Rectangle,#c0c0c0,10.0;10.0,
HSD3B1,5,9,Rectangle,#c0c0c0,10.0;10.0,
HSD3B7,5,9,Rectangle,#c0c0c0,10.0;10.0,
HSP90AA1,5,9,Rectangle,#c0c0c0,10.0;10.0,
HSP90AA1-CDC37,0,9,Hexagon,#ffffff,10.0;10.0,
HSPA1A,5,9,Rectangle,#c0c0c0,10.0;10.0,
HSPA4,5,9,Rectangle,#c0c0c0,10.0;10.0,
HSPB1,1,9,Rectangle,#f3f3f3,10.0;10.0,
HSPG2,5,9,Rectangle,#c0c0c0,10.0;10.0,
HTD2,5,9,Rectangle,#c0c0c0,10.0;10.0,
HTR1A,5,9,Rectangle,#c0c0c0,10.0;10.0,
HTR2A,5,9,Rectangle,#c0c0c0,10.0;10.0,
HTR3C,5,9,Rectangle,#c0c0c0,10.0;10.0,
HTR4,5,9,Rectangle,#c0c0c0,10.0;10.0,
HTR5A,5,9,Rectangle,#c0c0c0,10.0;10.0,
HTR7,5,9,Rectangle,#c0c0c0,10.0;10.0,
HTRA2,5,9,Rectangle,#c0c0c0,10.0;10.0,
HYAL4,5,9,Rectangle,#c0c0c0,10.0;10.0,
HYI,5,9,Rectangle,#c0c0c0,10.0;10.0,
HYKK,5,9,Rectangle,#c0c0c0,10.0;10.0,
IBSP,5,9,Rectangle,#c0c0c0,10.0;10.0,
ICAM1,5,9,Rectangle,#c0c0c0,10.0;10.0,
ICAM2,5,9,Rectangle,#c0c0c0,10.0;10.0,
ICAM3,5,9,Rectangle,#c0c0c0,10.0;10.0,
ICMT,5,9,Rectangle,#c0c0c0,10.0;10.0,
ICOS,5,9,Rectangle,#c0c0c0,10.0;10.0,
ID1,5,9,Rectangle,#c0c0c0,10.0;10.0,
ID2,5,9,Rectangle,#c0c0c0,10.0;10.0,
IDH1,5,9,Rectangle,#c0c0c0,10.0;10.0,
IDH3A,5,9,Rectangle,#c0c0c0,10.0;10.0,
IDI1,5,9,Rectangle,#c0c0c0,10.0;10.0,
IDNK,5,9,Rectangle,#c0c0c0,10.0;10.0,
IDO2,5,9,Rectangle,#c0c0c0,10.0;10.0,
IDS,5,9,Rectangle,#c0c0c0,10.0;10.0,
IDUA,5,9,Rectangle,#c0c0c0,10.0;10.0,
IFI16,5,9,Rectangle,#c0c0c0,10.0;10.0,
IFIH1,5,9,Rectangle,#c0c0c0,10.0;10.0,
IFNA1,5,9,Rectangle,#c0c0c0,10.0;10.0,
IFNAR1,5,9,Rectangle,#c0c0c0,10.0;10.0,
IFNAR2-IFNAR1,0,9,Hexagon,#ffffff,10.0;10.0,
IFNB1,5,9,Rectangle,#c0c0c0,10.0;10.0,
IFNE,5,9,Rectangle,#c0c0c0,10.0;10.0,
IFNG,5,9,Rectangle,#c0c0c0,10.0;10.0,
IFNGR1,5,9,Rectangle,#c0c0c0,10.0;10.0,
IFNGR2-IFNGR1,0,9,Hexagon,#ffffff,10.0;10.0,
IFNK,5,9,Rectangle,#c0c0c0,10.0;10.0,
IFNL1,5,9,Rectangle,#c0c0c0,10.0;10.0,
IFNL2,5,9,Rectangle,#c0c0c0,10.0;10.0,
IFNW1,5,9,Rectangle,#c0c0c0,10.0;10.0,
IGBP1,5,9,Rectangle,#c0c0c0,10.0;10.0,
IGF1,5,9,Rectangle,#c0c0c0,10.0;10.0,
IGF1R,5,9,Rectangle,#c0c0c0,10.0;10.0,
IGF1R-INS,0,9,Hexagon,#ffffff,10.0;10.0,
IGFBP3,9,9,Rectangle,#8b8b8b,10.0;10.0,
IGH,0,9,Rectangle,#ffffff,10.0;10.0,
IGSF11,5,9,Rectangle,#c0c0c0,10.0;10.0,
IGSF5,5,9,Rectangle,#c0c0c0,10.0;10.0,
IHH,5,9,Rectangle,#c0c0c0,10.0;10.0,
IKBKB,5,9,Rectangle,#c0c0c0,10.0;10.0,
IKBKB-CHUK,0,9,Hexagon,#ffffff,10.0;10.0,
IKBKB-IKBKG,0,9,Hexagon,#ffffff,10.0;10.0,
IKBKE,5,9,Rectangle,#c0c0c0,10.0;10.0,
IKBKE-TBK1,0,9,Hexagon,#ffffff,10.0;10.0,
IKBKG,5,9,Rectangle,#c0c0c0,10.0;10.0,
IKBKG-CHUK,0,9,Hexagon,#ffffff,10.0;10.0,
IL10,5,9,Rectangle,#c0c0c0,10.0;10.0,
IL10RB-IFNLR1,0,9,Hexagon,#ffffff,10.0;10.0,
IL10RB-IL10RA,0,9,Hexagon,#ffffff,10.0;10.0,
IL10RB-IL22RA1,0,9,Hexagon,#ffffff,10.0;10.0,
IL11,5,9,Rectangle,#c0c0c0,10.0;10.0,
IL11RA-IL6ST,0,9,Hexagon,#ffffff,10.0;10.0,
IL12A,9,9,Rectangle,#8b8b8b,10.0;10.0,
IL12RB1-IL23R,0,9,Hexagon,#ffffff,10.0;10.0,
IL12RB2-IL12RB1,0,9,Hexagon,#ffffff,10.0;10.0,
IL13,5,9,Rectangle,#c0c0c0,10.0;10.0,
IL13RA1,5,9,Rectangle,#c0c0c0,10.0;10.0,
IL13RA1-IL4R,0,9,Hexagon,#ffffff,10.0;10.0,
IL13RA2,5,9,Rectangle,#c0c0c0,10.0;10.0,
IL15,1,9,Rectangle,#f3f3f3,10.0;10.0,
IL15RA,5,9,Rectangle,#c0c0c0,10.0;10.0,
IL15RA-IL2RG,0,9,Hexagon,#ffffff,10.0;10.0,
IL16,5,9,Rectangle,#c0c0c0,10.0;10.0,
IL17A,5,9,Rectangle,#c0c0c0,10.0;10.0,
IL17B,5,9,Rectangle,#c0c0c0,10.0;10.0,
IL17C,5,9,Rectangle,#c0c0c0,10.0;10.0,
IL17F,5,9,Rectangle,#c0c0c0,10.0;10.0,
IL17RA-IL17RC,0,9,Hexagon,#ffffff,10.0;10.0,
IL17RB,5,9,Rectangle,#c0c0c0,10.0;10.0,
IL17RB-IL17RA,0,9,Hexagon,#ffffff,10.0;10.0,
IL17RE,9,9,Rectangle,#8b8b8b,10.0;10.0,
IL18,5,9,Rectangle,#c0c0c0,10.0;10.0,
IL18RAP-IL18R1,0,9,Hexagon,#ffffff,10.0;10.0,
IL19,5,9,Rectangle,#c0c0c0,10.0;10.0,
IL1A,1,9,Rectangle,#f3f3f3,10.0;10.0,
IL1B,5,9,Rectangle,#c0c0c0,10.0;10.0,
IL1F10,5,9,Rectangle,#c0c0c0,10.0;10.0,
IL1R1,5,9,Rectangle,#c0c0c0,10.0;10.0,
IL1R2,5,9,Rectangle,#c0c0c0,10.0;10.0,
IL1RAP-IL1R1,0,9,Hexagon,#ffffff,10.0;10.0,
IL1RAP-IL1RL2,0,9,Hexagon,#ffffff,10.0;10.0,
IL1RL1-IL1RAP,0,9,Hexagon,#ffffff,10.0;10.0,
IL1RN,5,9,Rectangle,#c0c0c0,10.0;10.0,
IL2,5,9,Rectangle,#c0c0c0,10.0;10.0,
IL20,5,9,Rectangle,#c0c0c0,10.0;10.0,
IL20RA-IL10RB,0,9,Hexagon,#ffffff,10.0;10.0,
IL20RA-IL20RB,0,9,Hexagon,#ffffff,10.0;10.0,
IL21,5,9,Rectangle,#c0c0c0,10.0;10.0,
IL21R-IL2RG,0,9,Hexagon,#ffffff,10.0;10.0,
IL22,5,9,Rectangle,#c0c0c0,10.0;10.0,
IL22RA1-IL20RB,0,9,Hexagon,#ffffff,10.0;10.0,
IL22RA2,5,9,Rectangle,#c0c0c0,10.0;10.0,
IL23A,5,9,Rectangle,#c0c0c0,10.0;10.0,
IL24,5,9,Rectangle,#c0c0c0,10.0;10.0,
IL25,5,9,Rectangle,#c0c0c0,10.0;10.0,
IL26,5,9,Rectangle,#c0c0c0,10.0;10.0,
IL27,5,9,Rectangle,#c0c0c0,10.0;10.0,
IL27RA-IL6ST,0,9,Hexagon,#ffffff,10.0;10.0,
IL2RA,5,9,Rectangle,#c0c0c0,10.0;10.0,
IL2RG-IL2RB,0,9,Hexagon,#ffffff,10.0;10.0,
IL3,5,9,Rectangle,#c0c0c0,10.0;10.0,
IL31,5,9,Rectangle,#c0c0c0,10.0;10.0,
IL31RA-OSMR,0,9,Hexagon,#ffffff,10.0;10.0,
IL33,9,9,Rectangle,#8b8b8b,10.0;10.0,
IL34,5,9,Rectangle,#c0c0c0,10.0;10.0,
IL36A,5,9,Rectangle,#c0c0c0,10.0;10.0,
IL36B,5,9,Rectangle,#c0c0c0,10.0;10.0,
IL36G,5,9,Rectangle,#c0c0c0,10.0;10.0,
IL36RN,5,9,Rectangle,#c0c0c0,10.0;10.0,
IL37,5,9,Rectangle,#c0c0c0,10.0;10.0,
IL3RA-CSF2RB,0,9,Hexagon,#ffffff,10.0;10.0,
IL4,5,9,Rectangle,#c0c0c0,10.0;10.0,
IL4I1,5,9,Rectangle,#c0c0c0,10.0;10.0,
IL4R,9,9,Rectangle,#8b8b8b,10.0;10.0,
IL4R-IL13RA2,0,9,Hexagon,#ffffff,10.0;10.0,
IL4R-IL2RG,0,9,Hexagon,#ffffff,10.0;10.0,
IL5,5,9,Rectangle,#c0c0c0,10.0;10.0,
IL5RA-CSF2RB,0,9,Hexagon,#ffffff,10.0;10.0,
IL6,5,9,Rectangle,#c0c0c0,10.0;10.0,
IL6R,9,9,Rectangle,#8b8b8b,10.0;10.0,
IL6ST,5,9,Rectangle,#c0c0c0,10.0;10.0,
IL6ST-IL6R,0,9,Hexagon,#ffffff,10.0;10.0,
IL7,5,9,Rectangle,#c0c0c0,10.0;10.0,
IL7R,5,9,Rectangle,#c0c0c0,10.0;10.0,
IL7R-IL2RG,0,9,Hexagon,#ffffff,10.0;10.0,
IL9,5,9,Rectangle,#c0c0c0,10.0;10.0,
IL9R-IL2RG,0,9,Hexagon,#ffffff,10.0;10.0,
ILK,5,9,Rectangle,#c0c0c0,10.0;10.0,
IMPA1,5,9,Rectangle,#c0c0c0,10.0;10.0,
IMPDH1,5,9,Rectangle,#c0c0c0,10.0;10.0,
INHBA,5,9,Rectangle,#c0c0c0,10.0;10.0,
INHBB,5,9,Rectangle,#c0c0c0,10.0;10.0,
INMT,5,9,Rectangle,#c0c0c0,10.0;10.0,
INPP1,5,9,Rectangle,#c0c0c0,10.0;10.0,
INPP4A,5,9,Rectangle,#c0c0c0,10.0;10.0,
INPP5A,5,9,Rectangle,#c0c0c0,10.0;10.0,
INPP5B,5,9,Rectangle,#c0c0c0,10.0;10.0,
INPP5D,5,9,Rectangle,#c0c0c0,10.0;10.0,
INPP5F,5,9,Rectangle,#c0c0c0,10.0;10.0,
INPP5J,5,9,Rectangle,#c0c0c0,10.0;10.0,
INPPL1,5,9,Rectangle,#c0c0c0,10.0;10.0,
INS,5,9,Rectangle,#c0c0c0,10.0;10.0,
INSL5,5,9,Rectangle,#c0c0c0,10.0;10.0,
INSR,5,9,Rectangle,#c0c0c0,10.0;10.0,
INVS,5,9,Rectangle,#c0c0c0,10.0;10.0,
IP6K3,5,9,Rectangle,#c0c0c0,10.0;10.0,
IPMK,5,9,Rectangle,#c0c0c0,10.0;10.0,
IPPK,5,9,Rectangle,#c0c0c0,10.0;10.0,
IQGAP1,5,9,Rectangle,#c0c0c0,10.0;10.0,
IQGAP2,5,9,Rectangle,#c0c0c0,10.0;10.0,
IRAG1,0,9,Rectangle,#ffffff,10.0;10.0,
IRAK1,5,9,Rectangle,#c0c0c0,10.0;10.0,
IRAK1-IRAK4,0,9,Hexagon,#ffffff,10.0;10.0,
IRAK1-MYD88,0,9,Hexagon,#ffffff,10.0;10.0,
IRAK1-TRAF6,0,9,Hexagon,#ffffff,10.0;10.0,
IRAK3,5,9,Rectangle,#c0c0c0,10.0;10.0,
IRAK3-TRAF6,0,9,Hexagon,#ffffff,10.0;10.0,
IRAK4,5,9,Rectangle,#c0c0c0,10.0;10.0,
IRF1,5,9,Rectangle,#c0c0c0,10.0;10.0,
IRF3,5,9,Rectangle,#c0c0c0,10.0;10.0,
IRF5,5,9,Rectangle,#c0c0c0,10.0;10.0,
IRF7,5,9,Rectangle,#c0c0c0,10.0;10.0,
IRF9,5,9,Rectangle,#c0c0c0,10.0;10.0,
IRS1,9,9,Rectangle,#8b8b8b,10.0;10.0,
ISG15,5,9,Rectangle,#c0c0c0,10.0;10.0,
ISYNA1,5,9,Rectangle,#c0c0c0,10.0;10.0,
ITCH,5,9,Rectangle,#c0c0c0,10.0;10.0,
ITGA10-ITGB1,0,9,Hexagon,#ffffff,10.0;10.0,
ITGA11,5,9,Rectangle,#c0c0c0,10.0;10.0,
ITGA11-ITGB1,0,9,Hexagon,#ffffff,10.0;10.0,
ITGA2,5,9,Rectangle,#c0c0c0,10.0;10.0,
ITGA2-ITGB1,0,9,Hexagon,#ffffff,10.0;10.0,
ITGA2B,5,9,Rectangle,#c0c0c0,10.0;10.0,
ITGA2B-ITGB3,0,9,Hexagon,#ffffff,10.0;10.0,
ITGA3-ITGB1,0,9,Hexagon,#ffffff,10.0;10.0,
ITGA4,5,9,Rectangle,#c0c0c0,10.0;10.0,
ITGA4-ITGB1,0,9,Hexagon,#ffffff,10.0;10.0,
ITGA4-ITGB7,0,9,Hexagon,#ffffff,10.0;10.0,
ITGA5-ITGB1,0,9,Hexagon,#ffffff,10.0;10.0,
ITGA6-ITGB1,0,9,Hexagon,#ffffff,10.0;10.0,
ITGA7-ITGB1,0,9,Hexagon,#ffffff,10.0;10.0,
ITGA8-ITGB1,0,9,Hexagon,#ffffff,10.0;10.0,
ITGA9-ITGB1,0,9,Hexagon,#ffffff,10.0;10.0,
ITGAL,9,9,Rectangle,#8b8b8b,10.0;10.0,
ITGAL-ITGB2,0,9,Hexagon,#ffffff,10.0;10.0,
ITGAM-ITGB2,0,9,Hexagon,#ffffff,10.0;10.0,
ITGAV-ITGB1,0,9,Hexagon,#ffffff,10.0;10.0,
ITGAV-ITGB3,0,9,Hexagon,#ffffff,10.0;10.0,
ITGAV-ITGB5,0,9,Hexagon,#ffffff,10.0;10.0,
ITGB1,5,9,Rectangle,#c0c0c0,10.0;10.0,
ITGB1-ITGA1,0,9,Hexagon,#ffffff,10.0;10.0,
ITGB1-ITGA11,0,9,Hexagon,#ffffff,10.0;10.0,
ITGB1-ITGA4,0,9,Hexagon,#ffffff,10.0;10.0,
ITGB2,5,9,Rectangle,#c0c0c0,10.0;10.0,
ITGB2-ITGAL,0,9,Hexagon,#ffffff,10.0;10.0,
ITGB2-ITGAM,0,9,Hexagon,#ffffff,10.0;10.0,
ITGB3,5,9,Rectangle,#c0c0c0,10.0;10.0,
ITGB3-ITGAV,0,9,Hexagon,#ffffff,10.0;10.0,
ITGB4-ITGA6,0,9,Hexagon,#ffffff,10.0;10.0,
ITGB6-ITGAV,0,9,Hexagon,#ffffff,10.0;10.0,
ITGB7-ITGA4,0,9,Hexagon,#ffffff,10.0;10.0,
ITGB8-ITGAV,0,9,Hexagon,#ffffff,10.0;10.0,
ITK,5,9,Rectangle,#c0c0c0,10.0;10.0,
ITPA,5,9,Rectangle,#c0c0c0,10.0;10.0,
ITPK1,5,9,Rectangle,#c0c0c0,10.0;10.0,
ITPKA,5,9,Rectangle,#c0c0c0,10.0;10.0,
ITPR1,5,9,Rectangle,#c0c0c0,10.0;10.0,
ITPR3,5,9,Rectangle,#c0c0c0,10.0;10.0,
IVD,5,9,Rectangle,#c0c0c0,10.0;10.0,
JAG1,5,9,Rectangle,#c0c0c0,10.0;10.0,
JAK1,5,9,Rectangle,#c0c0c0,10.0;10.0,
JAK2,5,9,Rectangle,#c0c0c0,10.0;10.0,
JAM2,5,9,Rectangle,#c0c0c0,10.0;10.0,
JAM3,5,9,Rectangle,#c0c0c0,10.0;10.0,
JUN,5,9,Rectangle,#c0c0c0,10.0;10.0,
JUND,5,9,Rectangle,#c0c0c0,10.0;10.0,
KAT2A-NCOA2,0,9,Hexagon,#ffffff,10.0;10.0,
KCNE1B,0,9,Rectangle,#ffffff,10.0;10.0,
KCNJ1,1,9,Rectangle,#f3f3f3,10.0;10.0,
KCNJ18,5,9,Rectangle,#c0c0c0,10.0;10.0,
KCNJ2,1,9,Rectangle,#f3f3f3,10.0;10.0,
KCNJ3,5,9,Rectangle,#c0c0c0,10.0;10.0,
KCNJ6,5,9,Rectangle,#c0c0c0,10.0;10.0,
KCNJ8,5,9,Rectangle,#c0c0c0,10.0;10.0,
KCNK3,1,9,Rectangle,#f3f3f3,10.0;10.0,
KCNMA1,5,9,Rectangle,#c0c0c0,10.0;10.0,
KCNMB2,5,9,Rectangle,#c0c0c0,10.0;10.0,
KCNN4,1,9,Rectangle,#f3f3f3,10.0;10.0,
KCNQ1,5,9,Rectangle,#c0c0c0,10.0;10.0,
KDR,5,9,Rectangle,#c0c0c0,10.0;10.0,
KDSR,5,9,Rectangle,#c0c0c0,10.0;10.0,
KHK,5,9,Rectangle,#c0c0c0,10.0;10.0,
KIDINS220,5,9,Rectangle,#c0c0c0,10.0;10.0,
KIF3A,5,9,Rectangle,#c0c0c0,10.0;10.0,
KIF5A-GRIA1,0,9,Hexagon,#ffffff,10.0;10.0,
KIF7,5,9,Rectangle,#c0c0c0,10.0;10.0,
KIR2DL1,5,9,Rectangle,#c0c0c0,10.0;10.0,
KIR2DS2,5,9,Rectangle,#c0c0c0,10.0;10.0,
KIR3DL3,5,9,Rectangle,#c0c0c0,10.0;10.0,
KISS1,5,9,Rectangle,#c0c0c0,10.0;10.0,
KISS1R,5,9,Rectangle,#c0c0c0,10.0;10.0,
KIT,5,9,Rectangle,#c0c0c0,10.0;10.0,
KITLG,1,9,Rectangle,#f3f3f3,10.0;10.0,
KL,5,9,Rectangle,#c0c0c0,10.0;10.0,
KLF2,1,9,Rectangle,#f3f3f3,10.0;10.0,
KLF4,5,9,Rectangle,#c0c0c0,10.0;10.0,
KLK1,5,9,Rectangle,#c0c0c0,10.0;10.0,
KLKB1,5,9,Rectangle,#c0c0c0,10.0;10.0,
KLRC4-KLRK1,5,9,Rectangle,#c0c0c0,10.0;10.0,
KLRD1-KLRC1,0,9,Hexagon,#ffffff,10.0;10.0,
KLRD1-KLRC2,0,9,Hexagon,#ffffff,10.0;10.0,
KMO,5,9,Rectangle,#c0c0c0,10.0;10.0,
KNG1,5,9,Rectangle,#c0c0c0,10.0;10.0,
KPNB1,5,9,Rectangle,#c0c0c0,10.0;10.0,
KRAS,5,9,Rectangle,#c0c0c0,10.0;10.0,
KRIT1,5,9,Rectangle,#c0c0c0,10.0;10.0,
KSR2,1,9,Rectangle,#f3f3f3,10.0;10.0,
KYAT3,5,9,Rectangle,#c0c0c0,10.0;10.0,
KYNU,1,9,Rectangle,#f3f3f3,10.0;10.0,
L1CAM,5,9,Rectangle,#c0c0c0,10.0;10.0,
L3HYPDH,5,9,Rectangle,#c0c0c0,10.0;10.0,
LAMC3,1,9,Rectangle,#f3f3f3,10.0;10.0,
LAMTOR3,5,9,Rectangle,#c0c0c0,10.0;10.0,
LAMTOR5,5,9,Rectangle,#c0c0c0,10.0;10.0,
LAP3,5,9,Rectangle,#c0c0c0,10.0;10.0,
LAT,5,9,Rectangle,#c0c0c0,10.0;10.0,
LATS2,5,9,Rectangle,#c0c0c0,10.0;10.0,
LBR,5,9,Rectangle,#c0c0c0,10.0;10.0,
LCAT,5,9,Rectangle,#c0c0c0,10.0;10.0,
LCK,5,9,Rectangle,#c0c0c0,10.0;10.0,
LCLAT1,5,9,Rectangle,#c0c0c0,10.0;10.0,
LCP2,5,9,Rectangle,#c0c0c0,10.0;10.0,
LCP2-BTK,0,9,Hexagon,#ffffff,10.0;10.0,
LCP2-FYB1,0,9,Hexagon,#ffffff,10.0;10.0,
LCP2-SKAP1,0,9,Hexagon,#ffffff,10.0;10.0,
LCT,5,9,Rectangle,#c0c0c0,10.0;10.0,
LDHAL6A,5,9,Rectangle,#c0c0c0,10.0;10.0,
LDHD,1,9,Rectangle,#f3f3f3,10.0;10.0,
LDLR,5,9,Rectangle,#c0c0c0,10.0;10.0,
LDLRAP1-DAB2,0,9,Hexagon,#ffffff,10.0;10.0,
LEF1,5,9,Rectangle,#c0c0c0,10.0;10.0,
LEF1-TEAD1,0,9,Hexagon,#ffffff,10.0;10.0,
LEFTY1,5,9,Rectangle,#c0c0c0,10.0;10.0,
LEP,5,9,Rectangle,#c0c0c0,10.0;10.0,
LEPR,5,9,Rectangle,#c0c0c0,10.0;10.0,
LFNG,5,9,Rectangle,#c0c0c0,10.0;10.0,
LGMN,5,9,Rectangle,#c0c0c0,10.0;10.0,
LHCGR,5,9,Rectangle,#c0c0c0,10.0;10.0,
LIAS,5,9,Rectangle,#c0c0c0,10.0;10.0,
LIF,9,9,Rectangle,#8b8b8b,10.0;10.0,
LIFR-IL6ST,0,9,Hexagon,#ffffff,10.0;10.0,
LIMK1,5,9,Rectangle,#c0c0c0,10.0;10.0,
LIPE,5,9,Rectangle,#c0c0c0,10.0;10.0,
LIPT1,5,9,Rectangle,#c0c0c0,10.0;10.0,
LIPT2,5,9,Rectangle,#c0c0c0,10.0;10.0,
LLGL2,5,9,Rectangle,#c0c0c0,10.0;10.0,
LLGL2-SCRIB,0,9,Hexagon,#ffffff,10.0;10.0,
LMNA,5,9,Rectangle,#c0c0c0,10.0;10.0,
LMO7,5,9,Rectangle,#c0c0c0,10.0;10.0,
LNPEP,5,9,Rectangle,#c0c0c0,10.0;10.0,
LPAR1,9,9,Rectangle,#8b8b8b,10.0;10.0,
LPAR6,5,9,Rectangle,#c0c0c0,10.0;10.0,
LPCAT2,5,9,Rectangle,#c0c0c0,10.0;10.0,
LPCAT3,5,9,Rectangle,#c0c0c0,10.0;10.0,
LPCAT4,5,9,Rectangle,#c0c0c0,10.0;10.0,
LPIN1,5,9,Rectangle,#c0c0c0,10.0;10.0,
LPL,5,9,Rectangle,#c0c0c0,10.0;10.0,
LRAT,5,9,Rectangle,#c0c0c0,10.0;10.0,
LRP2,5,9,Rectangle,#c0c0c0,10.0;10.0,
LRP6,5,9,Rectangle,#c0c0c0,10.0;10.0,
LRRC4,5,9,Rectangle,#c0c0c0,10.0;10.0,
LRRC4B,5,9,Rectangle,#c0c0c0,10.0;10.0,
LRRC4C,5,9,Rectangle,#c0c0c0,10.0;10.0,
LSS,5,9,Rectangle,#c0c0c0,10.0;10.0,
LTA,5,9,Rectangle,#c0c0c0,10.0;10.0,
LTA-LTB,0,9,Hexagon,#ffffff,10.0;10.0,
LTA4H,5,9,Rectangle,#c0c0c0,10.0;10.0,
LTB,5,9,Rectangle,#c0c0c0,10.0;10.0,
LTB4R,5,9,Rectangle,#c0c0c0,10.0;10.0,
LTBP1,1,9,Rectangle,#f3f3f3,10.0;10.0,
LTBR,1,9,Rectangle,#f3f3f3,10.0;10.0,
LTC4S,5,9,Rectangle,#c0c0c0,10.0;10.0,
LY96,1,9,Rectangle,#f3f3f3,10.0;10.0,
LYN,5,9,Rectangle,#c0c0c0,10.0;10.0,
LYPLA1,5,9,Rectangle,#c0c0c0,10.0;10.0,
MAD1L1,5,9,Rectangle,#c0c0c0,10.0;10.0,
MAD2L2,5,9,Rectangle,#c0c0c0,10.0;10.0,
MADCAM1,1,9,Rectangle,#f3f3f3,10.0;10.0,
MAG,5,9,Rectangle,#c0c0c0,10.0;10.0,
MAGED1,5,9,Rectangle,#c0c0c0,10.0;10.0,
MAGI1,5,9,Rectangle,#c0c0c0,10.0;10.0,
MAGI3,5,9,Rectangle,#c0c0c0,10.0;10.0,
MAGOH,5,9,Rectangle,#c0c0c0,10.0;10.0,
MALT1-BCL10,0,9,Hexagon,#ffffff,10.0;10.0,
MAN1B1,5,9,Rectangle,#c0c0c0,10.0;10.0,
MAN2A2,5,9,Rectangle,#c0c0c0,10.0;10.0,
MAOA,5,9,Rectangle,#c0c0c0,10.0;10.0,
MAP2K1,5,9,Rectangle,#c0c0c0,10.0;10.0,
MAP2K2,5,9,Rectangle,#c0c0c0,10.0;10.0,
MAP2K3,5,9,Rectangle,#c0c0c0,10.0;10.0,
MAP2K4,5,9,Rectangle,#c0c0c0,10.0;10.0,
MAP2K5,5,9,Rectangle,#c0c0c0,10.0;10.0,
MAP2K6,5,9,Rectangle,#c0c0c0,10.0;10.0,
MAP2K7,5,9,Rectangle,#c0c0c0,10.0;10.0,
MAP3K1,5,9,Rectangle,#c0c0c0,10.0;10.0,
MAP3K11,5,9,Rectangle,#c0c0c0,10.0;10.0,
MAP3K12,5,9,Rectangle,#c0c0c0,10.0;10.0,
MAP3K13,5,9,Rectangle,#c0c0c0,10.0;10.0,
MAP3K14,5,9,Rectangle,#c0c0c0,10.0;10.0,
MAP3K2,5,9,Rectangle,#c0c0c0,10.0;10.0,
MAP3K20,5,9,Rectangle,#c0c0c0,10.0;10.0,
MAP3K3,5,9,Rectangle,#c0c0c0,10.0;10.0,
MAP3K4,5,9,Rectangle,#c0c0c0,10.0;10.0,
MAP3K5,5,9,Rectangle,#c0c0c0,10.0;10.0,
MAP3K6,5,9,Rectangle,#c0c0c0,10.0;10.0,
MAP3K7,5,9,Rectangle,#c0c0c0,10.0;10.0,
MAP3K7-TAB1,0,9,Hexagon,#ffffff,10.0;10.0,
MAP3K8,5,9,Rectangle,#c0c0c0,10.0;10.0,
MAP4K1,1,9,Rectangle,#f3f3f3,10.0;10.0,
MAP4K2,5,9,Rectangle,#c0c0c0,10.0;10.0,
MAP4K3,5,9,Rectangle,#c0c0c0,10.0;10.0,
MAP4K4,5,9,Rectangle,#c0c0c0,10.0;10.0,
MAPK1,5,9,Rectangle,#c0c0c0,10.0;10.0,
MAPK14,5,9,Rectangle,#c0c0c0,10.0;10.0,
MAPK7,5,9,Rectangle,#c0c0c0,10.0;10.0,
MAPK8,5,9,Rectangle,#c0c0c0,10.0;10.0,
MAPK8IP2,5,9,Rectangle,#c0c0c0,10.0;10.0,
MAPK8IP3,5,9,Rectangle,#c0c0c0,10.0;10.0,
MAPKAP1,5,9,Rectangle,#c0c0c0,10.0;10.0,
MAPKAPK2,5,9,Rectangle,#c0c0c0,10.0;10.0,
MAPKAPK3,5,9,Rectangle,#c0c0c0,10.0;10.0,
MAPKAPK5,5,9,Rectangle,#c0c0c0,10.0;10.0,
MAPT,5,9,Rectangle,#c0c0c0,10.0;10.0,
MARCKS,1,9,Rectangle,#f3f3f3,10.0;10.0,
MARS1,9,9,Rectangle,#8b8b8b,10.0;10.0,
MARVELD2,5,9,Rectangle,#c0c0c0,10.0;10.0,
MARVELD3,5,9,Rectangle,#c0c0c0,10.0;10.0,
MAS1,5,9,Rectangle,#c0c0c0,10.0;10.0,
MASP2,5,9,Rectangle,#c0c0c0,10.0;10.0,
MAT2B,5,9,Rectangle,#c0c0c0,10.0;10.0,
MATK,1,9,Rectangle,#f3f3f3,10.0;10.0,
MAVS,5,9,Rectangle,#c0c0c0,10.0;10.0,
MAX,5,9,Rectangle,#c0c0c0,10.0;10.0,
MBL2,5,9,Rectangle,#c0c0c0,10.0;10.0,
MBL2-MASP2,0,9,Hexagon,#ffffff,10.0;10.0,
MC1R,5,9,Rectangle,#c0c0c0,10.0;10.0,
MC2R,5,9,Rectangle,#c0c0c0,10.0;10.0,
MCAT,5,9,Rectangle,#c0c0c0,10.0;10.0,
MCCC1,5,9,Rectangle,#c0c0c0,10.0;10.0,
MCEE,5,9,Rectangle,#c0c0c0,10.0;10.0,
MCHR1,9,9,Rectangle,#8b8b8b,10.0;10.0,
MCL1,5,9,Rectangle,#c0c0c0,10.0;10.0,
MCM7-MCM6,0,9,Hexagon,#ffffff,10.0;10.0,
MDH1,5,9,Rectangle,#c0c0c0,10.0;10.0,
MDM2,5,9,Rectangle,#c0c0c0,10.0;10.0,
MDM4,5,9,Rectangle,#c0c0c0,10.0;10.0,
ME2,5,9,Rectangle,#c0c0c0,10.0;10.0,
ME3,5,9,Rectangle,#c0c0c0,10.0;10.0,
MECOM,1,9,Rectangle,#f3f3f3,10.0;10.0,
MECR,5,9,Rectangle,#c0c0c0,10.0;10.0,
MED16-MED1,0,9,Hexagon,#ffffff,10.0;10.0,
MEF2B,5,9,Rectangle,#c0c0c0,10.0;10.0,
MEF2C,1,9,Rectangle,#f3f3f3,10.0;10.0,
MEFV,5,9,Rectangle,#c0c0c0,10.0;10.0,
MEGF8,5,9,Rectangle,#c0c0c0,10.0;10.0,
MET,5,9,Rectangle,#c0c0c0,10.0;10.0,
MFN1,5,9,Rectangle,#c0c0c0,10.0;10.0,
MGAM,5,9,Rectangle,#c0c0c0,10.0;10.0,
MGAT1,5,9,Rectangle,#c0c0c0,10.0;10.0,
MGAT2,5,9,Rectangle,#c0c0c0,10.0;10.0,
MGAT3,5,9,Rectangle,#c0c0c0,10.0;10.0,
MGAT4B,5,9,Rectangle,#c0c0c0,10.0;10.0,
MGAT4C,5,9,Rectangle,#c0c0c0,10.0;10.0,
MGAT5B,1,9,Rectangle,#f3f3f3,10.0;10.0,
MGLL,5,9,Rectangle,#c0c0c0,10.0;10.0,
MGRN1,5,9,Rectangle,#c0c0c0,10.0;10.0,
MICA,5,9,Rectangle,#c0c0c0,10.0;10.0,
MICALL2,5,9,Rectangle,#c0c0c0,10.0;10.0,
MICOS10-NBL1,5,9,Rectangle,#c0c0c0,10.0;10.0,
MIF,5,9,Rectangle,#c0c0c0,10.0;10.0,
MINPP1,5,9,Rectangle,#c0c0c0,10.0;10.0,
MIOS,5,9,Rectangle,#c0c0c0,10.0;10.0,
MIOX,5,9,Rectangle,#c0c0c0,10.0;10.0,
MITF,5,9,Rectangle,#c0c0c0,10.0;10.0,
MKNK2,5,9,Rectangle,#c0c0c0,10.0;10.0,
MLH1-PMS2,0,9,Hexagon,#ffffff,10.0;10.0,
MLKL,5,9,Rectangle,#c0c0c0,10.0;10.0,
MLN,5,9,Rectangle,#c0c0c0,10.0;10.0,
MLNR,5,9,Rectangle,#c0c0c0,10.0;10.0,
MLST8,5,9,Rectangle,#c0c0c0,10.0;10.0,
MLYCD,5,9,Rectangle,#c0c0c0,10.0;10.0,
MMACHC,5,9,Rectangle,#c0c0c0,10.0;10.0,
MMP1,9,9,Rectangle,#8b8b8b,10.0;10.0,
MMP14,5,9,Rectangle,#c0c0c0,10.0;10.0,
MMP2,5,9,Rectangle,#c0c0c0,10.0;10.0,
MMP7,5,9,Rectangle,#c0c0c0,10.0;10.0,
MMUT,5,9,Rectangle,#c0c0c0,10.0;10.0,
MOB1A,5,9,Rectangle,#c0c0c0,10.0;10.0,
MOCOS,5,9,Rectangle,#c0c0c0,10.0;10.0,
MOCS1,5,9,Rectangle,#c0c0c0,10.0;10.0,
MOCS2,5,9,Rectangle,#c0c0c0,10.0;10.0,
MOCS3,5,9,Rectangle,#c0c0c0,10.0;10.0,
MOGAT1,5,9,Rectangle,#c0c0c0,10.0;10.0,
MOGAT3,5,9,Rectangle,#c0c0c0,10.0;10.0,
MOGS,5,9,Rectangle,#c0c0c0,10.0;10.0,
MOS,5,9,Rectangle,#c0c0c0,10.0;10.0,
MOSMO,5,9,Rectangle,#c0c0c0,10.0;10.0,
MPDZ,5,9,Rectangle,#c0c0c0,10.0;10.0,
MPI,5,9,Rectangle,#c0c0c0,10.0;10.0,
MPL,5,9,Rectangle,#c0c0c0,10.0;10.0,
MPO,5,9,Rectangle,#c0c0c0,10.0;10.0,
MPP4,5,9,Rectangle,#c0c0c0,10.0;10.0,
MPP5,5,9,Rectangle,#c0c0c0,10.0;10.0,
MPST,5,9,Rectangle,#c0c0c0,10.0;10.0,
MPZ,5,9,Rectangle,#c0c0c0,10.0;10.0,
MRAS,5,9,Rectangle,#c0c0c0,10.0;10.0,
MRGPRD,5,9,Rectangle,#c0c0c0,10.0;10.0,
MRI1,5,9,Rectangle,#c0c0c0,10.0;10.0,
MRVI1,5,9,Rectangle,#c0c0c0,10.0;10.0,
MS4A2,5,9,Rectangle,#c0c0c0,10.0;10.0,
MS4A2-FCER1A,0,9,Hexagon,#ffffff,10.0;10.0,
MSI2,5,9,Rectangle,#c0c0c0,10.0;10.0,
MSMO1,5,9,Rectangle,#c0c0c0,10.0;10.0,
MSN,5,9,Rectangle,#c0c0c0,10.0;10.0,
MSTN,5,9,Rectangle,#c0c0c0,10.0;10.0,
MT1A,5,9,Rectangle,#c0c0c0,10.0;10.0,
MTAP,5,9,Rectangle,#c0c0c0,10.0;10.0,
MTCP1,5,9,Rectangle,#c0c0c0,10.0;10.0,
MTFMT,5,9,Rectangle,#c0c0c0,10.0;10.0,
MTHFD1,5,9,Rectangle,#c0c0c0,10.0;10.0,
MTHFD1L,5,9,Rectangle,#c0c0c0,10.0;10.0,
MTHFD2,5,9,Rectangle,#c0c0c0,10.0;10.0,
MTHFR,5,9,Rectangle,#c0c0c0,10.0;10.0,
MTM1,5,9,Rectangle,#c0c0c0,10.0;10.0,
MTMR14,5,9,Rectangle,#c0c0c0,10.0;10.0,
MTMR3,5,9,Rectangle,#c0c0c0,10.0;10.0,
MTNR1A,5,9,Rectangle,#c0c0c0,10.0;10.0,
MTNR1B,5,9,Rectangle,#c0c0c0,10.0;10.0,
MTOR,5,9,Rectangle,#c0c0c0,10.0;10.0,
MTR,5,9,Rectangle,#c0c0c0,10.0;10.0,
MVB12B,5,9,Rectangle,#c0c0c0,10.0;10.0,
MVD,5,9,Rectangle,#c0c0c0,10.0;10.0,
MVK,5,9,Rectangle,#c0c0c0,10.0;10.0,
MYB,1,9,Rectangle,#f3f3f3,10.0;10.0,
MYC,5,9,Rectangle,#c0c0c0,10.0;10.0,
MYD88,5,9,Rectangle,#c0c0c0,10.0;10.0,
MYD88-TIRAP,0,9,Hexagon,#ffffff,10.0;10.0,
MYD88-TOLLIP,0,9,Hexagon,#ffffff,10.0;10.0,
MYH6,5,9,Rectangle,#c0c0c0,10.0;10.0,
MYH9,5,9,Rectangle,#c0c0c0,10.0;10.0,
MYH9-MYL9,0,9,Hexagon,#ffffff,10.0;10.0,
MYL12B,5,9,Rectangle,#c0c0c0,10.0;10.0,
MYL2,5,9,Rectangle,#c0c0c0,10.0;10.0,
MYL9,5,9,Rectangle,#c0c0c0,10.0;10.0,
MYL9-MYH9,0,9,Hexagon,#ffffff,10.0;10.0,
MYLK4,5,9,Rectangle,#c0c0c0,10.0;10.0,
MYO10,9,9,Rectangle,#8b8b8b,10.0;10.0,
NADK2,5,9,Rectangle,#c0c0c0,10.0;10.0,
NADSYN1,5,9,Rectangle,#c0c0c0,10.0;10.0,
NAGA,5,9,Rectangle,#c0c0c0,10.0;10.0,
NAGK,5,9,Rectangle,#c0c0c0,10.0;10.0,
NAGLU,5,9,Rectangle,#c0c0c0,10.0;10.0,
NAGS,5,9,Rectangle,#c0c0c0,10.0;10.0,
NAIP,5,9,Rectangle,#c0c0c0,10.0;10.0,
NAMPT,5,9,Rectangle,#c0c0c0,10.0;10.0,
NANOGP8,0,9,Rectangle,#ffffff,10.0;10.0,
NANP,5,9,Rectangle,#c0c0c0,10.0;10.0,
NANS,5,9,Rectangle,#c0c0c0,10.0;10.0,
NAPRT,5,9,Rectangle,#c0c0c0,10.0;10.0,
NARS1,5,9,Rectangle,#c0c0c0,10.0;10.0,
NAT2,5,9,Rectangle,#c0c0c0,10.0;10.0,
NAT8B,5,9,Rectangle,#c0c0c0,10.0;10.0,
NAT8L,5,9,Rectangle,#c0c0c0,10.0;10.0,
NCALD,9,9,Rectangle,#8b8b8b,10.0;10.0,
NCAM1,5,9,Rectangle,#c0c0c0,10.0;10.0,
NCBP1,5,9,Rectangle,#c0c0c0,10.0;10.0,
NCBP2,5,9,Rectangle,#c0c0c0,10.0;10.0,
NCF1,5,9,Rectangle,#c0c0c0,10.0;10.0,
NCK1,5,9,Rectangle,#c0c0c0,10.0;10.0,
NCK2,5,9,Rectangle,#c0c0c0,10.0;10.0,
NCK2-PAK4,0,9,Hexagon,#ffffff,10.0;10.0,
NCOA2-ESR1,0,9,Hexagon,#ffffff,10.0;10.0,
NCOR1-SIN3A,0,9,Hexagon,#ffffff,10.0;10.0,
NCR1,5,9,Rectangle,#c0c0c0,10.0;10.0,
NCR2,5,9,Rectangle,#c0c0c0,10.0;10.0,
NCR3,5,9,Rectangle,#c0c0c0,10.0;10.0,
NDUFC2-KCTD14,5,9,Rectangle,#c0c0c0,10.0;10.0,
NECTIN1,5,9,Rectangle,#c0c0c0,10.0;10.0,
NECTIN2,5,9,Rectangle,#c0c0c0,10.0;10.0,
NECTIN3,5,9,Rectangle,#c0c0c0,10.0;10.0,
NEDD4L,5,9,Rectangle,#c0c0c0,10.0;10.0,
NEGR1,1,9,Rectangle,#f3f3f3,10.0;10.0,
NEK7,5,9,Rectangle,#c0c0c0,10.0;10.0,
NEO1,5,9,Rectangle,#c0c0c0,10.0;10.0,
NEU3,5,9,Rectangle,#c0c0c0,10.0;10.0,
NF1,5,9,Rectangle,#c0c0c0,10.0;10.0,
NF2,9,9,Rectangle,#8b8b8b,10.0;10.0,
NFASC,5,9,Rectangle,#c0c0c0,10.0;10.0,
NFATC1,5,9,Rectangle,#c0c0c0,10.0;10.0,
NFATC2,9,9,Rectangle,#8b8b8b,10.0;10.0,
NFATC3,5,9,Rectangle,#c0c0c0,10.0;10.0,
NFE2L2,5,9,Rectangle,#c0c0c0,10.0;10.0,
NFKB1,5,9,Rectangle,#c0c0c0,10.0;10.0,
NFKB1-NFKBIA,0,9,Hexagon,#ffffff,10.0;10.0,
NFKB1-RELA,0,9,Hexagon,#ffffff,10.0;10.0,
NFKB2,9,9,Rectangle,#8b8b8b,10.0;10.0,
NFKBIA,1,9,Rectangle,#f3f3f3,10.0;10.0,
NFS1,5,9,Rectangle,#c0c0c0,10.0;10.0,
NFYA,5,9,Rectangle,#c0c0c0,10.0;10.0,
NGEF,5,9,Rectangle,#c0c0c0,10.0;10.0,
NGF,5,9,Rectangle,#c0c0c0,10.0;10.0,
NGFR,5,9,Rectangle,#c0c0c0,10.0;10.0,
NIT2,5,9,Rectangle,#c0c0c0,10.0;10.0,
NKD1,5,9,Rectangle,#c0c0c0,10.0;10.0,
NLGN4Y,5,9,Rectangle,#c0c0c0,10.0;10.0,
NLK,5,9,Rectangle,#c0c0c0,10.0;10.0,
NLRC4,5,9,Rectangle,#c0c0c0,10.0;10.0,
NLRP1,5,9,Rectangle,#c0c0c0,10.0;10.0,
NLRP12,5,9,Rectangle,#c0c0c0,10.0;10.0,
NLRP3,5,9,Rectangle,#c0c0c0,10.0;10.0,
NLRP6,5,9,Rectangle,#c0c0c0,10.0;10.0,
NLRP7,5,9,Rectangle,#c0c0c0,10.0;10.0,
NLRX1,5,9,Rectangle,#c0c0c0,10.0;10.0,
NMD3,5,9,Rectangle,#c0c0c0,10.0;10.0,
NME6,5,9,Rectangle,#c0c0c0,10.0;10.0,
NMNAT2,5,9,Rectangle,#c0c0c0,10.0;10.0,
NMRK2,5,9,Rectangle,#c0c0c0,10.0;10.0,
NMU,5,9,Rectangle,#c0c0c0,10.0;10.0,
NMUR1,5,9,Rectangle,#c0c0c0,10.0;10.0,
NNMT,5,9,Rectangle,#c0c0c0,10.0;10.0,
NNT,5,9,Rectangle,#c0c0c0,10.0;10.0,
NOD1,5,9,Rectangle,#c0c0c0,10.0;10.0,
NOD2,9,9,Rectangle,#8b8b8b,10.0;10.0,
NODAL,5,9,Rectangle,#c0c0c0,10.0;10.0,
NOG,5,9,Rectangle,#c0c0c0,10.0;10.0,
NOS1,5,9,Rectangle,#c0c0c0,10.0;10.0,
NOS1AP,9,9,Rectangle,#8b8b8b,10.0;10.0,
NOS2,5,9,Rectangle,#c0c0c0,10.0;10.0,
NOS3,5,9,Rectangle,#c0c0c0,10.0;10.0,
NOTCH1,1,9,Rectangle,#f3f3f3,10.0;10.0,
NOTUM,1,9,Rectangle,#f3f3f3,10.0;10.0,
NPB,5,9,Rectangle,#c0c0c0,10.0;10.0,
NPBWR1,5,9,Rectangle,#c0c0c0,10.0;10.0,
NPFF,1,9,Rectangle,#f3f3f3,10.0;10.0,
NPFFR2,5,9,Rectangle,#c0c0c0,10.0;10.0,
NPL,5,9,Rectangle,#c0c0c0,10.0;10.0,
NPLOC4,5,9,Rectangle,#c0c0c0,10.0;10.0,
NPNT-FREM1,0,9,Hexagon,#ffffff,10.0;10.0,
NPPA,5,9,Rectangle,#c0c0c0,10.0;10.0,
NPPB,5,9,Rectangle,#c0c0c0,10.0;10.0,
NPPC,1,9,Rectangle,#f3f3f3,10.0;10.0,
NPR1,5,9,Rectangle,#c0c0c0,10.0;10.0,
NPR2,5,9,Rectangle,#c0c0c0,10.0;10.0,
NPRL2,5,9,Rectangle,#c0c0c0,10.0;10.0,
NPY,5,9,Rectangle,#c0c0c0,10.0;10.0,
NPY1R,1,9,Rectangle,#f3f3f3,10.0;10.0,
NPY4R2,5,9,Rectangle,#c0c0c0,10.0;10.0,
NQO1,5,9,Rectangle,#c0c0c0,10.0;10.0,
NR0B2,1,9,Rectangle,#f3f3f3,10.0;10.0,
NR1D1,5,9,Rectangle,#c0c0c0,10.0;10.0,
NR1H3,5,9,Rectangle,#c0c0c0,10.0;10.0,
NR1H4,5,9,Rectangle,#c0c0c0,10.0;10.0,
NR3C1,1,9,Rectangle,#f3f3f3,10.0;10.0,
NR3C2,1,9,Rectangle,#f3f3f3,10.0;10.0,
NR4A1,5,9,Rectangle,#c0c0c0,10.0;10.0,
NR4A2,5,9,Rectangle,#c0c0c0,10.0;10.0,
NRBF2,5,9,Rectangle,#c0c0c0,10.0;10.0,
NRCAM,5,9,Rectangle,#c0c0c0,10.0;10.0,
NRG1,9,9,Rectangle,#8b8b8b,10.0;10.0,
NRG2,5,9,Rectangle,#c0c0c0,10.0;10.0,
NRG3,5,9,Rectangle,#c0c0c0,10.0;10.0,
NRG4,5,9,Rectangle,#c0c0c0,10.0;10.0,
NRP1,5,9,Rectangle,#c0c0c0,10.0;10.0,
NRXN3,5,9,Rectangle,#c0c0c0,10.0;10.0,
NSDHL,5,9,Rectangle,#c0c0c0,10.0;10.0,
NSF,5,9,Rectangle,#c0c0c0,10.0;10.0,
NSMAF,5,9,Rectangle,#c0c0c0,10.0;10.0,
NT5C1B-RDH14,5,9,Rectangle,#c0c0c0,10.0;10.0,
NTF3,5,9,Rectangle,#c0c0c0,10.0;10.0,
NTF4,5,9,Rectangle,#c0c0c0,10.0;10.0,
NTN1,9,9,Rectangle,#8b8b8b,10.0;10.0,
NTNG1,5,9,Rectangle,#c0c0c0,10.0;10.0,
NTNG2,5,9,Rectangle,#c0c0c0,10.0;10.0,
NTPCR,5,9,Rectangle,#c0c0c0,10.0;10.0,
NTRK1,5,9,Rectangle,#c0c0c0,10.0;10.0,
NTRK2,5,9,Rectangle,#c0c0c0,10.0;10.0,
NTRK3,5,9,Rectangle,#c0c0c0,10.0;10.0,
NTS,9,9,Rectangle,#8b8b8b,10.0;10.0,
NTSR2,1,9,Rectangle,#f3f3f3,10.0;10.0,
NUDT12,5,9,Rectangle,#c0c0c0,10.0;10.0,
NUDT16,5,9,Rectangle,#c0c0c0,10.0;10.0,
NUDT2,5,9,Rectangle,#c0c0c0,10.0;10.0,
NUDT21,5,9,Rectangle,#c0c0c0,10.0;10.0,
NUDT5,5,9,Rectangle,#c0c0c0,10.0;10.0,
NUMB,5,9,Rectangle,#c0c0c0,10.0;10.0,
NUP107,5,9,Rectangle,#c0c0c0,10.0;10.0,
NUP133,5,9,Rectangle,#c0c0c0,10.0;10.0,
NUP153,5,9,Rectangle,#c0c0c0,10.0;10.0,
NUP155,5,9,Rectangle,#c0c0c0,10.0;10.0,
NUP160,5,9,Rectangle,#c0c0c0,10.0;10.0,
NUP188,5,9,Rectangle,#c0c0c0,10.0;10.0,
NUP205,5,9,Rectangle,#c0c0c0,10.0;10.0,
NUP214,5,9,Rectangle,#c0c0c0,10.0;10.0,
NUP35,5,9,Rectangle,#c0c0c0,10.0;10.0,
NUP37,5,9,Rectangle,#c0c0c0,10.0;10.0,
NUP42,5,9,Rectangle,#c0c0c0,10.0;10.0,
NUP43,5,9,Rectangle,#c0c0c0,10.0;10.0,
NUP54,5,9,Rectangle,#c0c0c0,10.0;10.0,
NUP58,5,9,Rectangle,#c0c0c0,10.0;10.0,
NUP62,5,9,Rectangle,#c0c0c0,10.0;10.0,
NUP85,5,9,Rectangle,#c0c0c0,10.0;10.0,
NUP88,5,9,Rectangle,#c0c0c0,10.0;10.0,
NUP93,5,9,Rectangle,#c0c0c0,10.0;10.0,
NUP98,5,9,Rectangle,#c0c0c0,10.0;10.0,
NUS1,5,9,Rectangle,#c0c0c0,10.0;10.0,
NXF1,5,9,Rectangle,#c0c0c0,10.0;10.0,
NXT1,5,9,Rectangle,#c0c0c0,10.0;10.0,
OAT,5,9,Rectangle,#c0c0c0,10.0;10.0,
OCLN,5,9,Rectangle,#c0c0c0,10.0;10.0,
ODC1,5,9,Rectangle,#c0c0c0,10.0;10.0,
OGDH,5,9,Rectangle,#c0c0c0,10.0;10.0,
OLAH,5,9,Rectangle,#c0c0c0,10.0;10.0,
OLR1,5,9,Rectangle,#c0c0c0,10.0;10.0,
OPLAH,5,9,Rectangle,#c0c0c0,10.0;10.0,
OPRD1,5,9,Rectangle,#c0c0c0,10.0;10.0,
OPRM1,5,9,Rectangle,#c0c0c0,10.0;10.0,
ORAI1,5,9,Rectangle,#c0c0c0,10.0;10.0,
ORAI2,5,9,Rectangle,#c0c0c0,10.0;10.0,
ORC6-ORC3,0,9,Hexagon,#ffffff,10.0;10.0,
OSM,5,9,Rectangle,#c0c0c0,10.0;10.0,
OSMR-IL6ST,0,9,Hexagon,#ffffff,10.0;10.0,
OTC,5,9,Rectangle,#c0c0c0,10.0;10.0,
OTUD5,5,9,Rectangle,#c0c0c0,10.0;10.0,
OXCT1,5,9,Rectangle,#c0c0c0,10.0;10.0,
OXSM,5,9,Rectangle,#c0c0c0,10.0;10.0,
OXT,5,9,Rectangle,#c0c0c0,10.0;10.0,
OXTR,1,9,Rectangle,#f3f3f3,10.0;10.0,
P2RX1,5,9,Rectangle,#c0c0c0,10.0;10.0,
P2RX2,5,9,Rectangle,#c0c0c0,10.0;10.0,
P2RX3,5,9,Rectangle,#c0c0c0,10.0;10.0,
P2RX7,5,9,Rectangle,#c0c0c0,10.0;10.0,
P2RY1,5,9,Rectangle,#c0c0c0,10.0;10.0,
P2RY12,5,9,Rectangle,#c0c0c0,10.0;10.0,
P2RY2,5,9,Rectangle,#c0c0c0,10.0;10.0,
P2RY4,5,9,Rectangle,#c0c0c0,10.0;10.0,
P4HA3,5,9,Rectangle,#c0c0c0,10.0;10.0,
PABPC4L,5,9,Rectangle,#c0c0c0,10.0;10.0,
PAFAH1B1,5,9,Rectangle,#c0c0c0,10.0;10.0,
PAH,5,9,Rectangle,#c0c0c0,10.0;10.0,
PAICS,5,9,Rectangle,#c0c0c0,10.0;10.0,
PAIP1,5,9,Rectangle,#c0c0c0,10.0;10.0,
PAK1,5,9,Rectangle,#c0c0c0,10.0;10.0,
PAK4,5,9,Rectangle,#c0c0c0,10.0;10.0,
PALB2-BRCA2,0,9,Hexagon,#ffffff,10.0;10.0,
PAN2,5,9,Rectangle,#c0c0c0,10.0;10.0,
PAN3,5,9,Rectangle,#c0c0c0,10.0;10.0,
PANK1,5,9,Rectangle,#c0c0c0,10.0;10.0,
PAPSS2,9,9,Rectangle,#8b8b8b,10.0;10.0,
PARD3,5,9,Rectangle,#c0c0c0,10.0;10.0,
PARD3-PRKCZ,0,9,Hexagon,#ffffff,10.0;10.0,
PARD6A,5,9,Rectangle,#c0c0c0,10.0;10.0,
PARP2,5,9,Rectangle,#c0c0c0,10.0;10.0,
PARVB,5,9,Rectangle,#c0c0c0,10.0;10.0,
PATJ,5,9,Rectangle,#c0c0c0,10.0;10.0,
PAX8,5,9,Rectangle,#c0c0c0,10.0;10.0,
PC,5,9,Rectangle,#c0c0c0,10.0;10.0,
PCBD1,5,9,Rectangle,#c0c0c0,10.0;10.0,
PCCA,5,9,Rectangle,#c0c0c0,10.0;10.0,
PCF11,5,9,Rectangle,#c0c0c0,10.0;10.0,
PCK1,5,9,Rectangle,#c0c0c0,10.0;10.0,
PCNA,5,9,Rectangle,#c0c0c0,10.0;10.0,
PCYT1A,5,9,Rectangle,#c0c0c0,10.0;10.0,
PCYT2,5,9,Rectangle,#c0c0c0,10.0;10.0,
PDCD1,5,9,Rectangle,#c0c0c0,10.0;10.0,
PDCD1LG2,5,9,Rectangle,#c0c0c0,10.0;10.0,
PDCD6IP,5,9,Rectangle,#c0c0c0,10.0;10.0,
PDE10A,5,9,Rectangle,#c0c0c0,10.0;10.0,
PDE1A,9,9,Rectangle,#8b8b8b,10.0;10.0,
PDE2A,5,9,Rectangle,#c0c0c0,10.0;10.0,
PDE3A,5,9,Rectangle,#c0c0c0,10.0;10.0,
PDE3B,5,9,Rectangle,#c0c0c0,10.0;10.0,
PDE6A,5,9,Rectangle,#c0c0c0,10.0;10.0,
PDE7B,5,9,Rectangle,#c0c0c0,10.0;10.0,
PDGFA,1,9,Rectangle,#f3f3f3,10.0;10.0,
PDHA1,5,9,Rectangle,#c0c0c0,10.0;10.0,
PDIA6,5,9,Rectangle,#c0c0c0,10.0;10.0,
PDK1,5,9,Rectangle,#c0c0c0,10.0;10.0,
PDPK1,5,9,Rectangle,#c0c0c0,10.0;10.0,
PDSS1,5,9,Rectangle,#c0c0c0,10.0;10.0,
PDX1,5,9,Rectangle,#c0c0c0,10.0;10.0,
PDXK,5,9,Rectangle,#c0c0c0,10.0;10.0,
PDYN,5,9,Rectangle,#c0c0c0,10.0;10.0,
PECAM1,5,9,Rectangle,#c0c0c0,10.0;10.0,
PELO,5,9,Rectangle,#c0c0c0,10.0;10.0,
PEMT,5,9,Rectangle,#c0c0c0,10.0;10.0,
PER1,5,9,Rectangle,#c0c0c0,10.0;10.0,
PERP,5,9,Rectangle,#c0c0c0,10.0;10.0,
PF4,5,9,Rectangle,#c0c0c0,10.0;10.0,
PFAS,5,9,Rectangle,#c0c0c0,10.0;10.0,
PFKFB1,5,9,Rectangle,#c0c0c0,10.0;10.0,
PFKFB2,5,9,Rectangle,#c0c0c0,10.0;10.0,
PFKFB3,5,9,Rectangle,#c0c0c0,10.0;10.0,
PFKL,5,9,Rectangle,#c0c0c0,10.0;10.0,
PFN3,5,9,Rectangle,#c0c0c0,10.0;10.0,
PGA5,5,9,Rectangle,#c0c0c0,10.0;10.0,
PGAM4,5,9,Rectangle,#c0c0c0,10.0;10.0,
PGAM5,5,9,Rectangle,#c0c0c0,10.0;10.0,
PGAP1,5,9,Rectangle,#c0c0c0,10.0;10.0,
PGD,5,9,Rectangle,#c0c0c0,10.0;10.0,
PGK1,5,9,Rectangle,#c0c0c0,10.0;10.0,
PGLS,5,9,Rectangle,#c0c0c0,10.0;10.0,
PGM1,5,9,Rectangle,#c0c0c0,10.0;10.0,
PGM2,5,9,Rectangle,#c0c0c0,10.0;10.0,
PGM2L1,5,9,Rectangle,#c0c0c0,10.0;10.0,
PGM3,5,9,Rectangle,#c0c0c0,10.0;10.0,
PGP,5,9,Rectangle,#c0c0c0,10.0;10.0,
PGR,5,9,Rectangle,#c0c0c0,10.0;10.0,
PGS1,5,9,Rectangle,#c0c0c0,10.0;10.0,
PHAX,5,9,Rectangle,#c0c0c0,10.0;10.0,
PHGDH,9,9,Rectangle,#8b8b8b,10.0;10.0,
PHKA1,5,9,Rectangle,#c0c0c0,10.0;10.0,
PHKA1-CALML6,0,9,Hexagon,#ffffff,10.0;10.0,
PHLPP2,5,9,Rectangle,#c0c0c0,10.0;10.0,
PHOSPHO1,5,9,Rectangle,#c0c0c0,10.0;10.0,
PHOSPHO2,5,9,Rectangle,#c0c0c0,10.0;10.0,
PHYKPL,5,9,Rectangle,#c0c0c0,10.0;10.0,
PI4KA,5,9,Rectangle,#c0c0c0,10.0;10.0,
PIAS3,5,9,Rectangle,#c0c0c0,10.0;10.0,
PIDD1,5,9,Rectangle,#c0c0c0,10.0;10.0,
PIGB,5,9,Rectangle,#c0c0c0,10.0;10.0,
PIGF-PIGO,0,9,Hexagon,#ffffff,10.0;10.0,
PIGL,5,9,Rectangle,#c0c0c0,10.0;10.0,
PIGN,5,9,Rectangle,#c0c0c0,10.0;10.0,
PIGR,5,9,Rectangle,#c0c0c0,10.0;10.0,
PIGU-PIGT,0,9,Hexagon,#ffffff,10.0;10.0,
PIGV,5,9,Rectangle,#c0c0c0,10.0;10.0,
PIGW,5,9,Rectangle,#c0c0c0,10.0;10.0,
PIGX-PIGM,0,9,Hexagon,#ffffff,10.0;10.0,
PIGY-DPM2,0,9,Hexagon,#ffffff,10.0;10.0,
PIK3AP1,5,9,Rectangle,#c0c0c0,10.0;10.0,
PIK3C2A,5,9,Rectangle,#c0c0c0,10.0;10.0,
PIK3C3,5,9,Rectangle,#c0c0c0,10.0;10.0,
PIK3CA,5,9,Rectangle,#c0c0c0,10.0;10.0,
PIK3R4,5,9,Rectangle,#c0c0c0,10.0;10.0,
PIK3R6,5,9,Rectangle,#c0c0c0,10.0;10.0,
PIKFYVE,5,9,Rectangle,#c0c0c0,10.0;10.0,
PIM1,5,9,Rectangle,#c0c0c0,10.0;10.0,
PIN1,5,9,Rectangle,#c0c0c0,10.0;10.0,
PIP4K2A,5,9,Rectangle,#c0c0c0,10.0;10.0,
PIP4P2,5,9,Rectangle,#c0c0c0,10.0;10.0,
PIP5K1C,5,9,Rectangle,#c0c0c0,10.0;10.0,
PIP5KL1,5,9,Rectangle,#c0c0c0,10.0;10.0,
PIPOX,9,9,Rectangle,#8b8b8b,10.0;10.0,
PISD,5,9,Rectangle,#c0c0c0,10.0;10.0,
PITX2,5,9,Rectangle,#c0c0c0,10.0;10.0,
PKD1L3,5,9,Rectangle,#c0c0c0,10.0;10.0,
PKD2L1,5,9,Rectangle,#c0c0c0,10.0;10.0,
PKD2L1-PKD1L3,0,9,Hexagon,#ffffff,10.0;10.0,
PKLR,5,9,Rectangle,#c0c0c0,10.0;10.0,
PKM,5,9,Rectangle,#c0c0c0,10.0;10.0,
PKMYT1,5,9,Rectangle,#c0c0c0,10.0;10.0,
PKN1,5,9,Rectangle,#c0c0c0,10.0;10.0,
PKN1-YWHAE,0,9,Hexagon,#ffffff,10.0;10.0,
PKN3,5,9,Rectangle,#c0c0c0,10.0;10.0,
PLA1A,5,9,Rectangle,#c0c0c0,10.0;10.0,
PLA2G4B,5,9,Rectangle,#c0c0c0,10.0;10.0,
PLA2G6,5,9,Rectangle,#c0c0c0,10.0;10.0,
PLAAT3,5,9,Rectangle,#c0c0c0,10.0;10.0,
PLAT,5,9,Rectangle,#c0c0c0,10.0;10.0,
PLAU,9,9,Rectangle,#8b8b8b,10.0;10.0,
PLAUR,5,9,Rectangle,#c0c0c0,10.0;10.0,
PLCB1,5,9,Rectangle,#c0c0c0,10.0;10.0,
PLCD3,5,9,Rectangle,#c0c0c0,10.0;10.0,
PLCE1,5,9,Rectangle,#c0c0c0,10.0;10.0,
PLCG1,5,9,Rectangle,#c0c0c0,10.0;10.0,
PLCG2,5,9,Rectangle,#c0c0c0,10.0;10.0,
PLCL1,5,9,Rectangle,#c0c0c0,10.0;10.0,
PLCZ1,5,9,Rectangle,#c0c0c0,10.0;10.0,
PLD1,5,9,Rectangle,#c0c0c0,10.0;10.0,
PLD4,5,9,Rectangle,#c0c0c0,10.0;10.0,
PLG,5,9,Rectangle,#c0c0c0,10.0;10.0,
PLIN1,5,9,Rectangle,#c0c0c0,10.0;10.0,
PLIN2,5,9,Rectangle,#c0c0c0,10.0;10.0,
PLK1,5,9,Rectangle,#c0c0c0,10.0;10.0,
PLK4,5,9,Rectangle,#c0c0c0,10.0;10.0,
PLN,5,9,Rectangle,#c0c0c0,10.0;10.0,
PLOD1,5,9,Rectangle,#c0c0c0,10.0;10.0,
PLPP1,5,9,Rectangle,#c0c0c0,10.0;10.0,
PLPP4,5,9,Rectangle,#c0c0c0,10.0;10.0,
PLTP,9,9,Rectangle,#8b8b8b,10.0;10.0,
PLXNA1,5,9,Rectangle,#c0c0c0,10.0;10.0,
PLXNB2,5,9,Rectangle,#c0c0c0,10.0;10.0,
PLXNC1,5,9,Rectangle,#c0c0c0,10.0;10.0,
PMAIP1,5,9,Rectangle,#c0c0c0,10.0;10.0,
PMCH,5,9,Rectangle,#c0c0c0,10.0;10.0,
PMM1,5,9,Rectangle,#c0c0c0,10.0;10.0,
PMVK,5,9,Rectangle,#c0c0c0,10.0;10.0,
PNMT,5,9,Rectangle,#c0c0c0,10.0;10.0,
PNN,5,9,Rectangle,#c0c0c0,10.0;10.0,
PNP,5,9,Rectangle,#c0c0c0,10.0;10.0,
PNPLA2,5,9,Rectangle,#c0c0c0,10.0;10.0,
PNPLA4,5,9,Rectangle,#c0c0c0,10.0;10.0,
PNPLA6,5,9,Rectangle,#c0c0c0,10.0;10.0,
PNPO,5,9,Rectangle,#c0c0c0,10.0;10.0,
POC1B-GALNT4,5,9,Rectangle,#c0c0c0,10.0;10.0,
POMC,5,9,Rectangle,#c0c0c0,10.0;10.0,
PORCN,5,9,Rectangle,#c0c0c0,10.0;10.0,
POU5F1,5,9,Rectangle,#c0c0c0,10.0;10.0,
PPA2,5,9,Rectangle,#c0c0c0,10.0;10.0,
PPARA,5,9,Rectangle,#c0c0c0,10.0;10.0,
PPARA-RXRA,0,9,Hexagon,#ffffff,10.0;10.0,
PPARD,5,9,Rectangle,#c0c0c0,10.0;10.0,
PPARD-RXRA,0,9,Hexagon,#ffffff,10.0;10.0,
PPARG,9,9,Rectangle,#8b8b8b,10.0;10.0,
PPARG-RXRA,0,9,Hexagon,#ffffff,10.0;10.0,
PPARGC1A,5,9,Rectangle,#c0c0c0,10.0;10.0,
PPARGC1A-FOXO1,0,9,Hexagon,#ffffff,10.0;10.0,
PPARGC1A-PPARA,0,9,Hexagon,#ffffff,10.0;10.0,
PPAT,5,9,Rectangle,#c0c0c0,10.0;10.0,
PPBP,5,9,Rectangle,#c0c0c0,10.0;10.0,
PPCDC,5,9,Rectangle,#c0c0c0,10.0;10.0,
PPCS,5,9,Rectangle,#c0c0c0,10.0;10.0,
PPIF,5,9,Rectangle,#c0c0c0,10.0;10.0,
PPIP5K2,5,9,Rectangle,#c0c0c0,10.0;10.0,
PPM1A,5,9,Rectangle,#c0c0c0,10.0;10.0,
PPM1B,5,9,Rectangle,#c0c0c0,10.0;10.0,
PPM1D,5,9,Rectangle,#c0c0c0,10.0;10.0,
PPOX,5,9,Rectangle,#c0c0c0,10.0;10.0,
PPP1CA,5,9,Rectangle,#c0c0c0,10.0;10.0,
PPP1CA-TP53BP2,0,9,Hexagon,#ffffff,10.0;10.0,
PPP1R12A,5,9,Rectangle,#c0c0c0,10.0;10.0,
PPP1R14A,5,9,Rectangle,#c0c0c0,10.0;10.0,
PPP1R15A,5,9,Rectangle,#c0c0c0,10.0;10.0,
PPP1R17,5,9,Rectangle,#c0c0c0,10.0;10.0,
PPP1R1A,9,9,Rectangle,#8b8b8b,10.0;10.0,
PPP1R1B,5,9,Rectangle,#c0c0c0,10.0;10.0,
PPP2CA,5,9,Rectangle,#c0c0c0,10.0;10.0,
PPP2R3B,5,9,Rectangle,#c0c0c0,10.0;10.0,
PPP2R5A-PPP2CA,0,9,Hexagon,#ffffff,10.0;10.0,
PPP3CA,1,9,Rectangle,#f3f3f3,10.0;10.0,
PPP4R3C,0,9,Rectangle,#ffffff,10.0;10.0,
PPP5C,5,9,Rectangle,#c0c0c0,10.0;10.0,
PPT1,5,9,Rectangle,#c0c0c0,10.0;10.0,
PRAP1,5,9,Rectangle,#c0c0c0,10.0;10.0,
PRDM4,5,9,Rectangle,#c0c0c0,10.0;10.0,
PRDX6,5,9,Rectangle,#c0c0c0,10.0;10.0,
PREB,5,9,Rectangle,#c0c0c0,10.0;10.0,
PREX1,1,9,Rectangle,#f3f3f3,10.0;10.0,
PRICKLE1,1,9,Rectangle,#f3f3f3,10.0;10.0,
PRKAA1,5,9,Rectangle,#c0c0c0,10.0;10.0,
PRKACA,5,9,Rectangle,#c0c0c0,10.0;10.0,
PRKAG2,5,9,Rectangle,#c0c0c0,10.0;10.0,
PRKCA,5,9,Rectangle,#c0c0c0,10.0;10.0,
PRKCB,1,9,Rectangle,#f3f3f3,10.0;10.0,
PRKCD,5,9,Rectangle,#c0c0c0,10.0;10.0,
PRKCE,5,9,Rectangle,#c0c0c0,10.0;10.0,
PRKCI,5,9,Rectangle,#c0c0c0,10.0;10.0,
PRKCI-PARD6A,0,9,Hexagon,#ffffff,10.0;10.0,
PRKCQ,5,9,Rectangle,#c0c0c0,10.0;10.0,
PRKCZ,5,9,Rectangle,#c0c0c0,10.0;10.0,
PRKCZ-PARD6A,0,9,Hexagon,#ffffff,10.0;10.0,
PRKD3,5,9,Rectangle,#c0c0c0,10.0;10.0,
PRKDC,5,9,Rectangle,#c0c0c0,10.0;10.0,
PRKG1,5,9,Rectangle,#c0c0c0,10.0;10.0,
PRL,5,9,Rectangle,#c0c0c0,10.0;10.0,
PRLH,5,9,Rectangle,#c0c0c0,10.0;10.0,
PRLHR,5,9,Rectangle,#c0c0c0,10.0;10.0,
PRLR,5,9,Rectangle,#c0c0c0,10.0;10.0,
PRMT1,5,9,Rectangle,#c0c0c0,10.0;10.0,
PROC,9,9,Rectangle,#8b8b8b,10.0;10.0,
PROCR,5,9,Rectangle,#c0c0c0,10.0;10.0,
PRODH2,5,9,Rectangle,#c0c0c0,10.0;10.0,
PROS1,5,9,Rectangle,#c0c0c0,10.0;10.0,
PRPS1L1,5,9,Rectangle,#c0c0c0,10.0;10.0,
PRR5,5,9,Rectangle,#c0c0c0,10.0;10.0,
PRUNE1,5,9,Rectangle,#c0c0c0,10.0;10.0,
PRXL2B,5,9,Rectangle,#c0c0c0,10.0;10.0,
PSAT1,9,9,Rectangle,#8b8b8b,10.0;10.0,
PSEN1,5,9,Rectangle,#c0c0c0,10.0;10.0,
PSME3,5,9,Rectangle,#c0c0c0,10.0;10.0,
PSPH,5,9,Rectangle,#c0c0c0,10.0;10.0,
PSTK,5,9,Rectangle,#c0c0c0,10.0;10.0,
PSTPIP1,5,9,Rectangle,#c0c0c0,10.0;10.0,
PTAFR,5,9,Rectangle,#c0c0c0,10.0;10.0,
PTCH1,5,9,Rectangle,#c0c0c0,10.0;10.0,
PTCRA,5,9,Rectangle,#c0c0c0,10.0;10.0,
PTDSS1,5,9,Rectangle,#c0c0c0,10.0;10.0,
PTDSS2,5,9,Rectangle,#c0c0c0,10.0;10.0,
PTEN,5,9,Rectangle,#c0c0c0,10.0;10.0,
PTGDR,5,9,Rectangle,#c0c0c0,10.0;10.0,
PTGER1,5,9,Rectangle,#c0c0c0,10.0;10.0,
PTGER2,5,9,Rectangle,#c0c0c0,10.0;10.0,
PTGER3,5,9,Rectangle,#c0c0c0,10.0;10.0,
PTGES3,5,9,Rectangle,#c0c0c0,10.0;10.0,
PTGFR,5,9,Rectangle,#c0c0c0,10.0;10.0,
PTGIR,5,9,Rectangle,#c0c0c0,10.0;10.0,
PTGIS,5,9,Rectangle,#c0c0c0,10.0;10.0,
PTGS1,5,9,Rectangle,#c0c0c0,10.0;10.0,
PTGS2,5,9,Rectangle,#c0c0c0,10.0;10.0,
PTH,5,9,Rectangle,#c0c0c0,10.0;10.0,
PTH1R,5,9,Rectangle,#c0c0c0,10.0;10.0,
PTH2,5,9,Rectangle,#c0c0c0,10.0;10.0,
PTK2,5,9,Rectangle,#c0c0c0,10.0;10.0,
PTK2-CRK,0,9,Hexagon,#ffffff,10.0;10.0,
PTK2B,5,9,Rectangle,#c0c0c0,10.0;10.0,
PTPN1,5,9,Rectangle,#c0c0c0,10.0;10.0,
PTPN11,5,9,Rectangle,#c0c0c0,10.0;10.0,
PTPN11-GRB2,0,9,Hexagon,#ffffff,10.0;10.0,
PTPN13,5,9,Rectangle,#c0c0c0,10.0;10.0,
PTPN2,5,9,Rectangle,#c0c0c0,10.0;10.0,
PTPN6,5,9,Rectangle,#c0c0c0,10.0;10.0,
PTPRB,5,9,Rectangle,#c0c0c0,10.0;10.0,
PTPRC,5,9,Rectangle,#c0c0c0,10.0;10.0,
PTPRF,5,9,Rectangle,#c0c0c0,10.0;10.0,
PTPRJ,5,9,Rectangle,#c0c0c0,10.0;10.0,
PTPRM,5,9,Rectangle,#c0c0c0,10.0;10.0,
PTS,5,9,Rectangle,#c0c0c0,10.0;10.0,
PTTG2,1,9,Rectangle,#f3f3f3,10.0;10.0,
PVR,5,9,Rectangle,#c0c0c0,10.0;10.0,
PXN,5,9,Rectangle,#c0c0c0,10.0;10.0,
PYCARD,5,9,Rectangle,#c0c0c0,10.0;10.0,
PYCR2,5,9,Rectangle,#c0c0c0,10.0;10.0,
PYDC1,5,9,Rectangle,#c0c0c0,10.0;10.0,
PYDC2,5,9,Rectangle,#c0c0c0,10.0;10.0,
PYDC5,5,9,Rectangle,#c0c0c0,10.0;10.0,
PYGB,5,9,Rectangle,#c0c0c0,10.0;10.0,
PYM1,5,9,Rectangle,#c0c0c0,10.0;10.0,
QARS1,5,9,Rectangle,#c0c0c0,10.0;10.0,
QDPR,5,9,Rectangle,#c0c0c0,10.0;10.0,
QPRT,5,9,Rectangle,#c0c0c0,10.0;10.0,
RAB10,5,9,Rectangle,#c0c0c0,10.0;10.0,
RAB11A,5,9,Rectangle,#c0c0c0,10.0;10.0,
RAB11FIP2,5,9,Rectangle,#c0c0c0,10.0;10.0,
RAB13,5,9,Rectangle,#c0c0c0,10.0;10.0,
RAB1A,5,9,Rectangle,#c0c0c0,10.0;10.0,
RAB33B,5,9,Rectangle,#c0c0c0,10.0;10.0,
RAB39B,5,9,Rectangle,#c0c0c0,10.0;10.0,
RAB3A,5,9,Rectangle,#c0c0c0,10.0;10.0,
RAB4A,5,9,Rectangle,#c0c0c0,10.0;10.0,
RAB5A,5,9,Rectangle,#c0c0c0,10.0;10.0,
RAB8A,5,9,Rectangle,#c0c0c0,10.0;10.0,
RAC1,5,9,Rectangle,#c0c0c0,10.0;10.0,
RAC2,5,9,Rectangle,#c0c0c0,10.0;10.0,
RAD51,5,9,Rectangle,#c0c0c0,10.0;10.0,
RAD51C,5,9,Rectangle,#c0c0c0,10.0;10.0,
RAE1,5,9,Rectangle,#c0c0c0,10.0;10.0,
RAET1E,5,9,Rectangle,#c0c0c0,10.0;10.0,
RAF1,5,9,Rectangle,#c0c0c0,10.0;10.0,
RAG1,5,9,Rectangle,#c0c0c0,10.0;10.0,
RALA,5,9,Rectangle,#c0c0c0,10.0;10.0,
RALBP1,5,9,Rectangle,#c0c0c0,10.0;10.0,
RALGDS,5,9,Rectangle,#c0c0c0,10.0;10.0,
RAN,5,9,Rectangle,#c0c0c0,10.0;10.0,
RANBP2,5,9,Rectangle,#c0c0c0,10.0;10.0,
RANGAP1,5,9,Rectangle,#c0c0c0,10.0;10.0,
RAP1A,5,9,Rectangle,#c0c0c0,10.0;10.0,
RAP1A-RASSF5,0,9,Hexagon,#ffffff,10.0;10.0,
RAP1GAP,5,9,Rectangle,#c0c0c0,10.0;10.0,
RAP2C,5,9,Rectangle,#c0c0c0,10.0;10.0,
RAPGEF1,5,9,Rectangle,#c0c0c0,10.0;10.0,
RAPGEF2,5,9,Rectangle,#c0c0c0,10.0;10.0,
RAPGEF3,5,9,Rectangle,#c0c0c0,10.0;10.0,
RAPGEF4,5,9,Rectangle,#c0c0c0,10.0;10.0,
RAPGEF5,5,9,Rectangle,#c0c0c0,10.0;10.0,
RAPGEF6,5,9,Rectangle,#c0c0c0,10.0;10.0,
RARA,5,9,Rectangle,#c0c0c0,10.0;10.0,
RASA1,5,9,Rectangle,#c0c0c0,10.0;10.0,
RASA2,5,9,Rectangle,#c0c0c0,10.0;10.0,
RASA4B,5,9,Rectangle,#c0c0c0,10.0;10.0,
RASD1,5,9,Rectangle,#c0c0c0,10.0;10.0,
RASGRF1,5,9,Rectangle,#c0c0c0,10.0;10.0,
RASGRP1,5,9,Rectangle,#c0c0c0,10.0;10.0,
RASGRP2,9,9,Rectangle,#8b8b8b,10.0;10.0,
RASGRP3,5,9,Rectangle,#c0c0c0,10.0;10.0,
RASSF1,5,9,Rectangle,#c0c0c0,10.0;10.0,
RASSF5,9,9,Rectangle,#8b8b8b,10.0;10.0,
RASSF6,5,9,Rectangle,#c0c0c0,10.0;10.0,
RB1,5,9,Rectangle,#c0c0c0,10.0;10.0,
RB1CC1,5,9,Rectangle,#c0c0c0,10.0;10.0,
RBCK1,5,9,Rectangle,#c0c0c0,10.0;10.0,
RBKS,5,9,Rectangle,#c0c0c0,10.0;10.0,
RBL1,5,9,Rectangle,#c0c0c0,10.0;10.0,
RBL1-E2F4,0,9,Hexagon,#ffffff,10.0;10.0,
RBL2,5,9,Rectangle,#c0c0c0,10.0;10.0,
RBM8A,5,9,Rectangle,#c0c0c0,10.0;10.0,
RBP2,5,9,Rectangle,#c0c0c0,10.0;10.0,
RBPJL,5,9,Rectangle,#c0c0c0,10.0;10.0,
RBSN,5,9,Rectangle,#c0c0c0,10.0;10.0,
RBX1,5,9,Rectangle,#c0c0c0,10.0;10.0,
RCAN1,5,9,Rectangle,#c0c0c0,10.0;10.0,
RCAN2,9,9,Rectangle,#8b8b8b,10.0;10.0,
RCE1,5,9,Rectangle,#c0c0c0,10.0;10.0,
RCHY1,5,9,Rectangle,#c0c0c0,10.0;10.0,
RCVRN,5,9,Rectangle,#c0c0c0,10.0;10.0,
RDH10,5,9,Rectangle,#c0c0c0,10.0;10.0,
RDH12,5,9,Rectangle,#c0c0c0,10.0;10.0,
REC8,5,9,Rectangle,#c0c0c0,10.0;10.0,
REL,5,9,Rectangle,#c0c0c0,10.0;10.0,
RELB-NFKB2,0,9,Hexagon,#ffffff,10.0;10.0,
RELN,5,9,Rectangle,#c0c0c0,10.0;10.0,
REN,5,9,Rectangle,#c0c0c0,10.0;10.0,
RENBP,5,9,Rectangle,#c0c0c0,10.0;10.0,
RETSAT,5,9,Rectangle,#c0c0c0,10.0;10.0,
RFK,5,9,Rectangle,#c0c0c0,10.0;10.0,
RFX5,5,9,Rectangle,#c0c0c0,10.0;10.0,
RGL1,5,9,Rectangle,#c0c0c0,10.0;10.0,
RGL2,5,9,Rectangle,#c0c0c0,10.0;10.0,
RGMA,9,9,Rectangle,#8b8b8b,10.0;10.0,
RGMB,5,9,Rectangle,#c0c0c0,10.0;10.0,
RGN,5,9,Rectangle,#c0c0c0,10.0;10.0,
RGS14,5,9,Rectangle,#c0c0c0,10.0;10.0,
RGS2,5,9,Rectangle,#c0c0c0,10.0;10.0,
RGS3,5,9,Rectangle,#c0c0c0,10.0;10.0,
RGS9,9,9,Rectangle,#8b8b8b,10.0;10.0,
RHEB,5,9,Rectangle,#c0c0c0,10.0;10.0,
RHO,5,9,Rectangle,#c0c0c0,10.0;10.0,
RHOA,5,9,Rectangle,#c0c0c0,10.0;10.0,
RHOD,5,9,Rectangle,#c0c0c0,10.0;10.0,
RHOQ,5,9,Rectangle,#c0c0c0,10.0;10.0,
RICTOR,5,9,Rectangle,#c0c0c0,10.0;10.0,
RIMKLA,5,9,Rectangle,#c0c0c0,10.0;10.0,
RIMS1,5,9,Rectangle,#c0c0c0,10.0;10.0,
RIMS2-PCLO,0,9,Hexagon,#ffffff,10.0;10.0,
RIN1,5,9,Rectangle,#c0c0c0,10.0;10.0,
RIPK1,5,9,Rectangle,#c0c0c0,10.0;10.0,
RIPK1-TRAF6,0,9,Hexagon,#ffffff,10.0;10.0,
RIPK2,5,9,Rectangle,#c0c0c0,10.0;10.0,
RIPK3,5,9,Rectangle,#c0c0c0,10.0;10.0,
RNASEL,1,9,Rectangle,#f3f3f3,10.0;10.0,
RND1,5,9,Rectangle,#c0c0c0,10.0;10.0,
RNF125,5,9,Rectangle,#c0c0c0,10.0;10.0,
RNF152,5,9,Rectangle,#c0c0c0,10.0;10.0,
RNF41,9,9,Rectangle,#8b8b8b,10.0;10.0,
RNF43,5,9,Rectangle,#c0c0c0,10.0;10.0,
RNPS1,5,9,Rectangle,#c0c0c0,10.0;10.0,
ROBO1,5,9,Rectangle,#c0c0c0,10.0;10.0,
ROBO2,5,9,Rectangle,#c0c0c0,10.0;10.0,
ROBO3,5,9,Rectangle,#c0c0c0,10.0;10.0,
ROCK1,5,9,Rectangle,#c0c0c0,10.0;10.0,
ROCK2,5,9,Rectangle,#c0c0c0,10.0;10.0,
ROR1,5,9,Rectangle,#c0c0c0,10.0;10.0,
RORA,5,9,Rectangle,#c0c0c0,10.0;10.0,
RPA4,5,9,Rectangle,#c0c0c0,10.0;10.0,
RPE,5,9,Rectangle,#c0c0c0,10.0;10.0,
RPE65,5,9,Rectangle,#c0c0c0,10.0;10.0,
RPIA,5,9,Rectangle,#c0c0c0,10.0;10.0,
RPRM,1,9,Rectangle,#f3f3f3,10.0;10.0,
RPS6,5,9,Rectangle,#c0c0c0,10.0;10.0,
RPS6KA4,5,9,Rectangle,#c0c0c0,10.0;10.0,
RPS6KA5,5,9,Rectangle,#c0c0c0,10.0;10.0,
RPS6KA6,5,9,Rectangle,#c0c0c0,10.0;10.0,
RPS6KB1,5,9,Rectangle,#c0c0c0,10.0;10.0,
RPTOR,5,9,Rectangle,#c0c0c0,10.0;10.0,
RPTOR-DEPTOR,0,9,Hexagon,#ffffff,10.0;10.0,
RPTOR-MTOR,0,9,Hexagon,#ffffff,10.0;10.0,
RRAGB,5,9,Rectangle,#c0c0c0,10.0;10.0,
RRAGB-RRAGD,0,9,Hexagon,#ffffff,10.0;10.0,
RRAGD,5,9,Rectangle,#c0c0c0,10.0;10.0,
RRAS,5,9,Rectangle,#c0c0c0,10.0;10.0,
RRAS2,5,9,Rectangle,#c0c0c0,10.0;10.0,
RRM2B,5,9,Rectangle,#c0c0c0,10.0;10.0,
RSPO1,5,9,Rectangle,#c0c0c0,10.0;10.0,
RUBCN,5,9,Rectangle,#c0c0c0,10.0;10.0,
RUFY1,5,9,Rectangle,#c0c0c0,10.0;10.0,
RUNX1,5,9,Rectangle,#c0c0c0,10.0;10.0,
RUVBL1,5,9,Rectangle,#c0c0c0,10.0;10.0,
RXFP2,5,9,Rectangle,#c0c0c0,10.0;10.0,
RXRA,5,9,Rectangle,#c0c0c0,10.0;10.0,
RYK,5,9,Rectangle,#c0c0c0,10.0;10.0,
RYR1,1,9,Rectangle,#f3f3f3,10.0;10.0,
RYR2,5,9,Rectangle,#c0c0c0,10.0;10.0,
RYR3,5,9,Rectangle,#c0c0c0,10.0;10.0,
S100G,5,9,Rectangle,#c0c0c0,10.0;10.0,
S1PR1,5,9,Rectangle,#c0c0c0,10.0;10.0,
S1PR2,5,9,Rectangle,#c0c0c0,10.0;10.0,
S1PR3,5,9,Rectangle,#c0c0c0,10.0;10.0,
S1PR4,5,9,Rectangle,#c0c0c0,10.0;10.0,
S1PR5,5,9,Rectangle,#c0c0c0,10.0;10.0,
SAG,5,9,Rectangle,#c0c0c0,10.0;10.0,
SAP18,5,9,Rectangle,#c0c0c0,10.0;10.0,
SAR1B,5,9,Rectangle,#c0c0c0,10.0;10.0,
SARDH,9,9,Rectangle,#8b8b8b,10.0;10.0,
SARS2,9,9,Rectangle,#8b8b8b,10.0;10.0,
SAT2,5,9,Rectangle,#c0c0c0,10.0;10.0,
SAV1,5,9,Rectangle,#c0c0c0,10.0;10.0,
SBDS,5,9,Rectangle,#c0c0c0,10.0;10.0,
SC5D,5,9,Rectangle,#c0c0c0,10.0;10.0,
SCD,5,9,Rectangle,#c0c0c0,10.0;10.0,
SCLY,5,9,Rectangle,#c0c0c0,10.0;10.0,
SCN1A,9,9,Rectangle,#8b8b8b,10.0;10.0,
SCN1B,9,9,Rectangle,#8b8b8b,10.0;10.0,
SCN2A,1,9,Rectangle,#f3f3f3,10.0;10.0,
SCNN1A,1,9,Rectangle,#f3f3f3,10.0;10.0,
SCP2,5,9,Rectangle,#c0c0c0,10.0;10.0,
SCRIB,5,9,Rectangle,#c0c0c0,10.0;10.0,
SCT,5,9,Rectangle,#c0c0c0,10.0;10.0,
SCTR,5,9,Rectangle,#c0c0c0,10.0;10.0,
SDC1,5,9,Rectangle,#c0c0c0,10.0;10.0,
SDHA,5,9,Rectangle,#c0c0c0,10.0;10.0,
SDR16C5,5,9,Rectangle,#c0c0c0,10.0;10.0,
SDS,5,9,Rectangle,#c0c0c0,10.0;10.0,
SEC13,5,9,Rectangle,#c0c0c0,10.0;10.0,
SEC22B,5,9,Rectangle,#c0c0c0,10.0;10.0,
SEC22B-GOSR2,0,9,Hexagon,#ffffff,10.0;10.0,
SEC24B,5,9,Rectangle,#c0c0c0,10.0;10.0,
SEC31A,5,9,Rectangle,#c0c0c0,10.0;10.0,
SEH1L,5,9,Rectangle,#c0c0c0,10.0;10.0,
SELE,5,9,Rectangle,#c0c0c0,10.0;10.0,
SELENBP1,1,9,Rectangle,#f3f3f3,10.0;10.0,
SELL,5,9,Rectangle,#c0c0c0,10.0;10.0,
SELP,5,9,Rectangle,#c0c0c0,10.0;10.0,
SELPLG,5,9,Rectangle,#c0c0c0,10.0;10.0,
SEMA3A,5,9,Rectangle,#c0c0c0,10.0;10.0,
SEMA4F,5,9,Rectangle,#c0c0c0,10.0;10.0,
SEMA7A,1,9,Rectangle,#f3f3f3,10.0;10.0,
SENP2,5,9,Rectangle,#c0c0c0,10.0;10.0,
SEPHS2,5,9,Rectangle,#c0c0c0,10.0;10.0,
SEPSECS,5,9,Rectangle,#c0c0c0,10.0;10.0,
SEPTIN4,5,9,Rectangle,#c0c0c0,10.0;10.0,
SERPINA1,5,9,Rectangle,#c0c0c0,10.0;10.0,
SERPINA5,5,9,Rectangle,#c0c0c0,10.0;10.0,
SERPINB5,5,9,Rectangle,#c0c0c0,10.0;10.0,
SERPINC1,5,9,Rectangle,#c0c0c0,10.0;10.0,
SERPIND1,5,9,Rectangle,#c0c0c0,10.0;10.0,
SERPINE1,9,9,Rectangle,#8b8b8b,10.0;10.0,
SERPINF1,9,9,Rectangle,#8b8b8b,10.0;10.0,
SERPINF2,5,9,Rectangle,#c0c0c0,10.0;10.0,
SERPING1,5,9,Rectangle,#c0c0c0,10.0;10.0,
SESN2,9,9,Rectangle,#8b8b8b,10.0;10.0,
SESN3,5,9,Rectangle,#c0c0c0,10.0;10.0,
SETD7,5,9,Rectangle,#c0c0c0,10.0;10.0,
SFN,1,9,Rectangle,#f3f3f3,10.0;10.0,
SFRP1,5,9,Rectangle,#c0c0c0,10.0;10.0,
SGK1,5,9,Rectangle,#c0c0c0,10.0;10.0,
SGMS2,5,9,Rectangle,#c0c0c0,10.0;10.0,
SGO1,5,9,Rectangle,#c0c0c0,10.0;10.0,
SGPL1,5,9,Rectangle,#c0c0c0,10.0;10.0,
SGPP2,5,9,Rectangle,#c0c0c0,10.0;10.0,
SGSH,5,9,Rectangle,#c0c0c0,10.0;10.0,
SH2B2,5,9,Rectangle,#c0c0c0,10.0;10.0,
SH2B3,5,9,Rectangle,#c0c0c0,10.0;10.0,
SH2D1A,5,9,Rectangle,#c0c0c0,10.0;10.0,
SH2D1B,5,9,Rectangle,#c0c0c0,10.0;10.0,
SH2D2A,5,9,Rectangle,#c0c0c0,10.0;10.0,
SH3BP2,5,9,Rectangle,#c0c0c0,10.0;10.0,
SH3GLB1,5,9,Rectangle,#c0c0c0,10.0;10.0,
SH3KBP1-SH3GLB1,0,9,Hexagon,#ffffff,10.0;10.0,
SHANK2,5,9,Rectangle,#c0c0c0,10.0;10.0,
SHC2,1,9,Rectangle,#f3f3f3,10.0;10.0,
SHH,5,9,Rectangle,#c0c0c0,10.0;10.0,
SHISA5,5,9,Rectangle,#c0c0c0,10.0;10.0,
SHMT1,5,9,Rectangle,#c0c0c0,10.0;10.0,
SHOC2,5,9,Rectangle,#c0c0c0,10.0;10.0,
SI,5,9,Rectangle,#c0c0c0,10.0;10.0,
SIAH1,5,9,Rectangle,#c0c0c0,10.0;10.0,
SIGLEC1,5,9,Rectangle,#c0c0c0,10.0;10.0,
SIK1B,9,9,Rectangle,#8b8b8b,10.0;10.0,
SIK2,5,9,Rectangle,#c0c0c0,10.0;10.0,
SIKE1,5,9,Rectangle,#c0c0c0,10.0;10.0,
SIPA1,5,9,Rectangle,#c0c0c0,10.0;10.0,
SIPA1L1,5,9,Rectangle,#c0c0c0,10.0;10.0,
SIPA1L2,5,9,Rectangle,#c0c0c0,10.0;10.0,
SIRPB1-TYROBP,0,9,Hexagon,#ffffff,10.0;10.0,
SIRT1,5,9,Rectangle,#c0c0c0,10.0;10.0,
SIRT2,5,9,Rectangle,#c0c0c0,10.0;10.0,
SIVA1,5,9,Rectangle,#c0c0c0,10.0;10.0,
SKP1,5,9,Rectangle,#c0c0c0,10.0;10.0,
SKP1-CUL1,0,9,Hexagon,#ffffff,10.0;10.0,
SKP1-FBXW11,0,9,Hexagon,#ffffff,10.0;10.0,
SKP1-SKP2,0,9,Hexagon,#ffffff,10.0;10.0,
SKP2,5,9,Rectangle,#c0c0c0,10.0;10.0,
SLC10A1,5,9,Rectangle,#c0c0c0,10.0;10.0,
SLC27A4,5,9,Rectangle,#c0c0c0,10.0;10.0,
SLC27A5,5,9,Rectangle,#c0c0c0,10.0;10.0,
SLC2A1,5,9,Rectangle,#c0c0c0,10.0;10.0,
SLC2A2,5,9,Rectangle,#c0c0c0,10.0;10.0,
SLC2A4,5,9,Rectangle,#c0c0c0,10.0;10.0,
SLC2A5,5,9,Rectangle,#c0c0c0,10.0;10.0,
SLC33A1,5,9,Rectangle,#c0c0c0,10.0;10.0,
SLC34A2,5,9,Rectangle,#c0c0c0,10.0;10.0,
SLC38A9,5,9,Rectangle,#c0c0c0,10.0;10.0,
SLC3A2,9,9,Rectangle,#8b8b8b,10.0;10.0,
SLC40A1,5,9,Rectangle,#c0c0c0,10.0;10.0,
SLC51A-SLC51B,0,9,Hexagon,#ffffff,10.0;10.0,
SLC6A3,5,9,Rectangle,#c0c0c0,10.0;10.0,
SLC7A5,9,9,Rectangle,#8b8b8b,10.0;10.0,
SLC8A2,5,9,Rectangle,#c0c0c0,10.0;10.0,
SLC9A1,5,9,Rectangle,#c0c0c0,10.0;10.0,
SLC9A3R1,5,9,Rectangle,#c0c0c0,10.0;10.0,
SLCO1B1,5,9,Rectangle,#c0c0c0,10.0;10.0,
SLIT1,5,9,Rectangle,#c0c0c0,10.0;10.0,
SLIT2,9,9,Rectangle,#8b8b8b,10.0;10.0,
SLK,5,9,Rectangle,#c0c0c0,10.0;10.0,
SLURP2,5,9,Rectangle,#c0c0c0,10.0;10.0,
SMAD1,5,9,Rectangle,#c0c0c0,10.0;10.0,
SMAD1-SMAD4,0,9,Hexagon,#ffffff,10.0;10.0,
SMAD2,5,9,Rectangle,#c0c0c0,10.0;10.0,
SMAD3,5,9,Rectangle,#c0c0c0,10.0;10.0,
SMAD4,5,9,Rectangle,#c0c0c0,10.0;10.0,
SMAD4-SMAD1,0,9,Hexagon,#ffffff,10.0;10.0,
SMAD4-SMAD2,0,9,Hexagon,#ffffff,10.0;10.0,
SMAD4-SMAD3,0,9,Hexagon,#ffffff,10.0;10.0,
SMAD4-YAP1,0,9,Hexagon,#ffffff,10.0;10.0,
SMAD6,5,9,Rectangle,#c0c0c0,10.0;10.0,
SMAD7,5,9,Rectangle,#c0c0c0,10.0;10.0,
SMAD7-YAP1,0,9,Hexagon,#ffffff,10.0;10.0,
SMC3-STAG1,0,9,Hexagon,#ffffff,10.0;10.0,
SMCR8,5,9,Rectangle,#c0c0c0,10.0;10.0,
SMG1,5,9,Rectangle,#c0c0c0,10.0;10.0,
SMG5,5,9,Rectangle,#c0c0c0,10.0;10.0,
SMG6,5,9,Rectangle,#c0c0c0,10.0;10.0,
SMG7,5,9,Rectangle,#c0c0c0,10.0;10.0,
SMN1,5,9,Rectangle,#c0c0c0,10.0;10.0,
SMO,5,9,Rectangle,#c0c0c0,10.0;10.0,
SMOX,9,9,Rectangle,#8b8b8b,10.0;10.0,
SMPD1,5,9,Rectangle,#c0c0c0,10.0;10.0,
SMPD2,5,9,Rectangle,#c0c0c0,10.0;10.0,
SMS,5,9,Rectangle,#c0c0c0,10.0;10.0,
SMURF1,5,9,Rectangle,#c0c0c0,10.0;10.0,
SNAI1,5,9,Rectangle,#c0c0c0,10.0;10.0,
SNAI2,5,9,Rectangle,#c0c0c0,10.0;10.0,
SNAP23-STX1B,0,9,Hexagon,#ffffff,10.0;10.0,
SNAP25,5,9,Rectangle,#c0c0c0,10.0;10.0,
SNUPN,5,9,Rectangle,#c0c0c0,10.0;10.0,
SNW1,5,9,Rectangle,#c0c0c0,10.0;10.0,
SOAT1,5,9,Rectangle,#c0c0c0,10.0;10.0,
SOCS1,5,9,Rectangle,#c0c0c0,10.0;10.0,
SOCS3,5,9,Rectangle,#c0c0c0,10.0;10.0,
SOCS4,5,9,Rectangle,#c0c0c0,10.0;10.0,
SOD1,5,9,Rectangle,#c0c0c0,10.0;10.0,
SOD2,5,9,Rectangle,#c0c0c0,10.0;10.0,
SORBS1,5,9,Rectangle,#c0c0c0,10.0;10.0,
SORD,5,9,Rectangle,#c0c0c0,10.0;10.0,
SORT1,5,9,Rectangle,#c0c0c0,10.0;10.0,
SOS1,5,9,Rectangle,#c0c0c0,10.0;10.0,
SOST,5,9,Rectangle,#c0c0c0,10.0;10.0,
SOX17,5,9,Rectangle,#c0c0c0,10.0;10.0,
SOX2,9,9,Rectangle,#8b8b8b,10.0;10.0,
SOX9,1,9,Rectangle,#f3f3f3,10.0;10.0,
SP1-CREBBP,0,9,Hexagon,#ffffff,10.0;10.0,
SPATA13,5,9,Rectangle,#c0c0c0,10.0;10.0,
SPDYE2B,5,9,Rectangle,#c0c0c0,10.0;10.0,
SPDYE2B-CDK1,0,9,Hexagon,#ffffff,10.0;10.0,
SPHK2,5,9,Rectangle,#c0c0c0,10.0;10.0,
SPN,5,9,Rectangle,#c0c0c0,10.0;10.0,
SPOPL,5,9,Rectangle,#c0c0c0,10.0;10.0,
SPOPL-CUL3,0,9,Hexagon,#ffffff,10.0;10.0,
SPP1,5,9,Rectangle,#c0c0c0,10.0;10.0,
SPR,5,9,Rectangle,#c0c0c0,10.0;10.0,
SPTA1,5,9,Rectangle,#c0c0c0,10.0;10.0,
SPTLC1,5,9,Rectangle,#c0c0c0,10.0;10.0,
SQLE,5,9,Rectangle,#c0c0c0,10.0;10.0,
SQOR,5,9,Rectangle,#c0c0c0,10.0;10.0,
SQSTM1,5,9,Rectangle,#c0c0c0,10.0;10.0,
SRC,5,9,Rectangle,#c0c0c0,10.0;10.0,
SRC-FARP2,0,9,Hexagon,#ffffff,10.0;10.0,
SRD5A1,5,9,Rectangle,#c0c0c0,10.0;10.0,
SRD5A3,5,9,Rectangle,#c0c0c0,10.0;10.0,
SREBF1,5,9,Rectangle,#c0c0c0,10.0;10.0,
SRF,5,9,Rectangle,#c0c0c0,10.0;10.0,
SRF-ELK4,0,9,Hexagon,#ffffff,10.0;10.0,
SRGAP2,5,9,Rectangle,#c0c0c0,10.0;10.0,
SRM,5,9,Rectangle,#c0c0c0,10.0;10.0,
SRR,5,9,Rectangle,#c0c0c0,10.0;10.0,
SSH1,5,9,Rectangle,#c0c0c0,10.0;10.0,
SST,5,9,Rectangle,#c0c0c0,10.0;10.0,
SSTR1,5,9,Rectangle,#c0c0c0,10.0;10.0,
SSTR2,5,9,Rectangle,#c0c0c0,10.0;10.0,
SSX2IP,9,9,Rectangle,#8b8b8b,10.0;10.0,
ST20-MTHFS,5,9,Rectangle,#c0c0c0,10.0;10.0,
ST3GAL1,5,9,Rectangle,#c0c0c0,10.0;10.0,
ST3GAL3,5,9,Rectangle,#c0c0c0,10.0;10.0,
ST3GAL4,5,9,Rectangle,#c0c0c0,10.0;10.0,
ST3GAL5,9,9,Rectangle,#8b8b8b,10.0;10.0,
ST3GAL6,1,9,Rectangle,#f3f3f3,10.0;10.0,
ST6GAL1,5,9,Rectangle,#c0c0c0,10.0;10.0,
ST6GALNAC1,5,9,Rectangle,#c0c0c0,10.0;10.0,
ST6GALNAC3,5,9,Rectangle,#c0c0c0,10.0;10.0,
ST6GALNAC4,5,9,Rectangle,#c0c0c0,10.0;10.0,
ST6GALNAC5,5,9,Rectangle,#c0c0c0,10.0;10.0,
ST6GALNAC6,5,9,Rectangle,#c0c0c0,10.0;10.0,
ST8SIA1,5,9,Rectangle,#c0c0c0,10.0;10.0,
ST8SIA5,5,9,Rectangle,#c0c0c0,10.0;10.0,
STAM2,5,9,Rectangle,#c0c0c0,10.0;10.0,
STAR,5,9,Rectangle,#c0c0c0,10.0;10.0,
STAT1,5,9,Rectangle,#c0c0c0,10.0;10.0,
STAT1-STAT1,0,9,Hexagon,#ffffff,10.0;10.0,
STAT3,5,9,Rectangle,#c0c0c0,10.0;10.0,
STAT5A,5,9,Rectangle,#c0c0c0,10.0;10.0,
STEAP3,1,9,Rectangle,#f3f3f3,10.0;10.0,
STIM1,5,9,Rectangle,#c0c0c0,10.0;10.0,
STIM2,5,9,Rectangle,#c0c0c0,10.0;10.0,
STING1,5,9,Rectangle,#c0c0c0,10.0;10.0,
STK11,5,9,Rectangle,#c0c0c0,10.0;10.0,
STK11-STRADB,0,9,Hexagon,#ffffff,10.0;10.0,
STK3,5,9,Rectangle,#c0c0c0,10.0;10.0,
STK4,5,9,Rectangle,#c0c0c0,10.0;10.0,
STMN1,5,9,Rectangle,#c0c0c0,10.0;10.0,
STRADB-CAB39,0,9,Hexagon,#ffffff,10.0;10.0,
STRAP,5,9,Rectangle,#c0c0c0,10.0;10.0,
STS,5,9,Rectangle,#c0c0c0,10.0;10.0,
STX16-STX6,0,9,Hexagon,#ffffff,10.0;10.0,
STX17,5,9,Rectangle,#c0c0c0,10.0;10.0,
STX17-SNAP29,0,9,Hexagon,#ffffff,10.0;10.0,
STX1B,5,9,Rectangle,#c0c0c0,10.0;10.0,
STX4,5,9,Rectangle,#c0c0c0,10.0;10.0,
STXBP1,5,9,Rectangle,#c0c0c0,10.0;10.0,
SUCLG2,5,9,Rectangle,#c0c0c0,10.0;10.0,
SUFU,5,9,Rectangle,#c0c0c0,10.0;10.0,
SUGT1,5,9,Rectangle,#c0c0c0,10.0;10.0,
SULT1E1,5,9,Rectangle,#c0c0c0,10.0;10.0,
SULT2A1,5,9,Rectangle,#c0c0c0,10.0;10.0,
SULT2B1,1,9,Rectangle,#f3f3f3,10.0;10.0,
SUMO4,5,9,Rectangle,#c0c0c0,10.0;10.0,
SUOX,5,9,Rectangle,#c0c0c0,10.0;10.0,
SUPT20H,5,9,Rectangle,#c0c0c0,10.0;10.0,
SV2C,5,9,Rectangle,#c0c0c0,10.0;10.0,
SVIP,5,9,Rectangle,#c0c0c0,10.0;10.0,
SYK,9,9,Rectangle,#8b8b8b,10.0;10.0,
SYMPK,5,9,Rectangle,#c0c0c0,10.0;10.0,
SYNPO,9,9,Rectangle,#8b8b8b,10.0;10.0,
SYT1,5,9,Rectangle,#c0c0c0,10.0;10.0,
TAAR9,5,9,Rectangle,#c0c0c0,10.0;10.0,
TAB1,5,9,Rectangle,#c0c0c0,10.0;10.0,
TAB1-MAP3K7,0,9,Hexagon,#ffffff,10.0;10.0,
TAB2,5,9,Rectangle,#c0c0c0,10.0;10.0,
TAC1,5,9,Rectangle,#c0c0c0,10.0;10.0,
TAC3,5,9,Rectangle,#c0c0c0,10.0;10.0,
TAC4,5,9,Rectangle,#c0c0c0,10.0;10.0,
TACR1,5,9,Rectangle,#c0c0c0,10.0;10.0,
TACR2,5,9,Rectangle,#c0c0c0,10.0;10.0,
TACR3,1,9,Rectangle,#f3f3f3,10.0;10.0,
TALDO1,5,9,Rectangle,#c0c0c0,10.0;10.0,
TANK,5,9,Rectangle,#c0c0c0,10.0;10.0,
TANK-AZI2,0,9,Hexagon,#ffffff,10.0;10.0,
TAOK3,5,9,Rectangle,#c0c0c0,10.0;10.0,
TAP1,5,9,Rectangle,#c0c0c0,10.0;10.0,
TAPBP,5,9,Rectangle,#c0c0c0,10.0;10.0,
TAS1R1,9,9,Rectangle,#8b8b8b,10.0;10.0,
TAS1R1-TAS1R3,0,9,Hexagon,#ffffff,10.0;10.0,
TAS1R2,5,9,Rectangle,#c0c0c0,10.0;10.0,
TAS1R2-TAS1R3,0,9,Hexagon,#ffffff,10.0;10.0,
TAS1R3,5,9,Rectangle,#c0c0c0,10.0;10.0,
TAS1R3-TAS1R2,0,9,Hexagon,#ffffff,10.0;10.0,
TAT,5,9,Rectangle,#c0c0c0,10.0;10.0,
TBC1D1,5,9,Rectangle,#c0c0c0,10.0;10.0,
TBC1D4,5,9,Rectangle,#c0c0c0,10.0;10.0,
TBK1,5,9,Rectangle,#c0c0c0,10.0;10.0,
TBK1-IKBKE,0,9,Hexagon,#ffffff,10.0;10.0,
TBK1-TANK,0,9,Hexagon,#ffffff,10.0;10.0,
TBL1X,5,9,Rectangle,#c0c0c0,10.0;10.0,
TBX3,1,9,Rectangle,#f3f3f3,10.0;10.0,
TBXA2R,5,9,Rectangle,#c0c0c0,10.0;10.0,
TBXAS1,5,9,Rectangle,#c0c0c0,10.0;10.0,
TCF3,5,9,Rectangle,#c0c0c0,10.0;10.0,
TCF7,5,9,Rectangle,#c0c0c0,10.0;10.0,
TCIRG1,9,9,Rectangle,#8b8b8b,10.0;10.0,
TDO2,5,9,Rectangle,#c0c0c0,10.0;10.0,
TECR,5,9,Rectangle,#c0c0c0,10.0;10.0,
TEK,5,9,Rectangle,#c0c0c0,10.0;10.0,
TELO2,5,9,Rectangle,#c0c0c0,10.0;10.0,
TF,5,9,Rectangle,#c0c0c0,10.0;10.0,
TFDP1-E2F1,0,9,Hexagon,#ffffff,10.0;10.0,
TFDP1-E2F4,0,9,Hexagon,#ffffff,10.0;10.0,
TFF1,5,9,Rectangle,#c0c0c0,10.0;10.0,
TFPI,5,9,Rectangle,#c0c0c0,10.0;10.0,
TFRC,5,9,Rectangle,#c0c0c0,10.0;10.0,
TG,5,9,Rectangle,#c0c0c0,10.0;10.0,
TGFA,5,9,Rectangle,#c0c0c0,10.0;10.0,
TGFB1,5,9,Rectangle,#c0c0c0,10.0;10.0,
TGFBR1,5,9,Rectangle,#c0c0c0,10.0;10.0,
TGFBR1-ACVR2B,0,9,Hexagon,#ffffff,10.0;10.0,
TGFBR2,5,9,Rectangle,#c0c0c0,10.0;10.0,
TGFBR2-TGFBR1,0,9,Hexagon,#ffffff,10.0;10.0,
TGIF2,5,9,Rectangle,#c0c0c0,10.0;10.0,
TH,5,9,Rectangle,#c0c0c0,10.0;10.0,
THBD,5,9,Rectangle,#c0c0c0,10.0;10.0,
THBS1,5,9,Rectangle,#c0c0c0,10.0;10.0,
THEM4,5,9,Rectangle,#c0c0c0,10.0;10.0,
THOC1,5,9,Rectangle,#c0c0c0,10.0;10.0,
THOC2,5,9,Rectangle,#c0c0c0,10.0;10.0,
THOC5,5,9,Rectangle,#c0c0c0,10.0;10.0,
THOC6,5,9,Rectangle,#c0c0c0,10.0;10.0,
THOC7,5,9,Rectangle,#c0c0c0,10.0;10.0,
THPO,5,9,Rectangle,#c0c0c0,10.0;10.0,
THRA,5,9,Rectangle,#c0c0c0,10.0;10.0,
THRA-RXRA,0,9,Hexagon,#ffffff,10.0;10.0,
THRB,5,9,Rectangle,#c0c0c0,10.0;10.0,
THTPA,5,9,Rectangle,#c0c0c0,10.0;10.0,
THY1,5,9,Rectangle,#c0c0c0,10.0;10.0,
TIAM1,5,9,Rectangle,#c0c0c0,10.0;10.0,
TICAM1,5,9,Rectangle,#c0c0c0,10.0;10.0,
TICAM2,5,9,Rectangle,#c0c0c0,10.0;10.0,
TICAM2-TICAM1,0,9,Hexagon,#ffffff,10.0;10.0,
TIGIT,5,9,Rectangle,#c0c0c0,10.0;10.0,
TIMP1,5,9,Rectangle,#c0c0c0,10.0;10.0,
TIRAP-MYD88,0,9,Hexagon,#ffffff,10.0;10.0,
TJAP1,5,9,Rectangle,#c0c0c0,10.0;10.0,
TJP1,5,9,Rectangle,#c0c0c0,10.0;10.0,
TJP3,1,9,Rectangle,#f3f3f3,10.0;10.0,
TK1,5,9,Rectangle,#c0c0c0,10.0;10.0,
TKFC,5,9,Rectangle,#c0c0c0,10.0;10.0,
TKT,5,9,Rectangle,#c0c0c0,10.0;10.0,
TLN1,5,9,Rectangle,#c0c0c0,10.0;10.0,
TLR1,5,9,Rectangle,#c0c0c0,10.0;10.0,
TLR2,5,9,Rectangle,#c0c0c0,10.0;10.0,
TLR3,5,9,Rectangle,#c0c0c0,10.0;10.0,
TLR4,5,9,Rectangle,#c0c0c0,10.0;10.0,
TLR5,5,9,Rectangle,#c0c0c0,10.0;10.0,
TLR6,5,9,Rectangle,#c0c0c0,10.0;10.0,
TLR7,5,9,Rectangle,#c0c0c0,10.0;10.0,
TLR9,5,9,Rectangle,#c0c0c0,10.0;10.0,
TM7SF2,5,9,Rectangle,#c0c0c0,10.0;10.0,
TMEM173,0,9,Rectangle,#ffffff,10.0;10.0,
TMEM189,0,9,Rectangle,#ffffff,10.0;10.0,
TMEM86B,5,9,Rectangle,#c0c0c0,10.0;10.0,
TMSB4X,5,9,Rectangle,#c0c0c0,10.0;10.0,
TNC,5,9,Rectangle,#c0c0c0,10.0;10.0,
TNF,5,9,Rectangle,#c0c0c0,10.0;10.0,
TNFAIP3,5,9,Rectangle,#c0c0c0,10.0;10.0,
TNFRSF10B,5,9,Rectangle,#c0c0c0,10.0;10.0,
TNFRSF10C,5,9,Rectangle,#c0c0c0,10.0;10.0,
TNFRSF10D,5,9,Rectangle,#c0c0c0,10.0;10.0,
TNFRSF11A,1,9,Rectangle,#f3f3f3,10.0;10.0,
TNFRSF11B,1,9,Rectangle,#f3f3f3,10.0;10.0,
TNFRSF12A,9,9,Rectangle,#8b8b8b,10.0;10.0,
TNFRSF13B,5,9,Rectangle,#c0c0c0,10.0;10.0,
TNFRSF13C,1,9,Rectangle,#f3f3f3,10.0;10.0,
TNFRSF14,5,9,Rectangle,#c0c0c0,10.0;10.0,
TNFRSF17,5,9,Rectangle,#c0c0c0,10.0;10.0,
TNFRSF18,5,9,Rectangle,#c0c0c0,10.0;10.0,
TNFRSF1A,5,9,Rectangle,#c0c0c0,10.0;10.0,
TNFRSF1B,5,9,Rectangle,#c0c0c0,10.0;10.0,
TNFRSF25,1,9,Rectangle,#f3f3f3,10.0;10.0,
TNFRSF4,5,9,Rectangle,#c0c0c0,10.0;10.0,
TNFRSF6B,5,9,Rectangle,#c0c0c0,10.0;10.0,
TNFRSF8,5,9,Rectangle,#c0c0c0,10.0;10.0,
TNFRSF9,9,9,Rectangle,#8b8b8b,10.0;10.0,
TNFSF10,9,9,Rectangle,#8b8b8b,10.0;10.0,
TNFSF11,5,9,Rectangle,#c0c0c0,10.0;10.0,
TNFSF12,5,9,Rectangle,#c0c0c0,10.0;10.0,
TNFSF13,9,9,Rectangle,#8b8b8b,10.0;10.0,
TNFSF13B,9,9,Rectangle,#8b8b8b,10.0;10.0,
TNFSF14,5,9,Rectangle,#c0c0c0,10.0;10.0,
TNFSF15,5,9,Rectangle,#c0c0c0,10.0;10.0,
TNFSF18,9,9,Rectangle,#8b8b8b,10.0;10.0,
TNFSF4,5,9,Rectangle,#c0c0c0,10.0;10.0,
TNFSF8,5,9,Rectangle,#c0c0c0,10.0;10.0,
TNFSF9,1,9,Rectangle,#f3f3f3,10.0;10.0,
TNNC1,9,9,Rectangle,#8b8b8b,10.0;10.0,
TNNI3,5,9,Rectangle,#c0c0c0,10.0;10.0,
TNNT2,5,9,Rectangle,#c0c0c0,10.0;10.0,
TOB1,5,9,Rectangle,#c0c0c0,10.0;10.0,
TP53,5,9,Rectangle,#c0c0c0,10.0;10.0,
TP53AIP1,5,9,Rectangle,#c0c0c0,10.0;10.0,
TP53BP1,5,9,Rectangle,#c0c0c0,10.0;10.0,
TP53INP2,5,9,Rectangle,#c0c0c0,10.0;10.0,
TP73,5,9,Rectangle,#c0c0c0,10.0;10.0,
TPCN2,5,9,Rectangle,#c0c0c0,10.0;10.0,
TPH2,9,9,Rectangle,#8b8b8b,10.0;10.0,
TPI1,5,9,Rectangle,#c0c0c0,10.0;10.0,
TPK1,5,9,Rectangle,#c0c0c0,10.0;10.0,
TPM1,9,9,Rectangle,#8b8b8b,10.0;10.0,
TPMT,5,9,Rectangle,#c0c0c0,10.0;10.0,
TPO,5,9,Rectangle,#c0c0c0,10.0;10.0,
TPTEP2-CSNK1E,5,9,Rectangle,#c0c0c0,10.0;10.0,
TPTEP2-CSNK1E-DVL1,0,9,Hexagon,#ffffff,10.0;10.0,
TRADD,5,9,Rectangle,#c0c0c0,10.0;10.0,
TRAF1,9,9,Rectangle,#8b8b8b,10.0;10.0,
TRAF2,5,9,Rectangle,#c0c0c0,10.0;10.0,
TRAF2-ERN1,0,9,Hexagon,#ffffff,10.0;10.0,
TRAF2-RIPK1,0,9,Hexagon,#ffffff,10.0;10.0,
TRAF2-TRAF3,0,9,Hexagon,#ffffff,10.0;10.0,
TRAF2-TRAF5,0,9,Hexagon,#ffffff,10.0;10.0,
TRAF3,5,9,Rectangle,#c0c0c0,10.0;10.0,
TRAF3-TRAF6,0,9,Hexagon,#ffffff,10.0;10.0,
TRAF6,5,9,Rectangle,#c0c0c0,10.0;10.0,
TRAF6-RIPK1,0,9,Hexagon,#ffffff,10.0;10.0,
TRAF6-TRAF2,0,9,Hexagon,#ffffff,10.0;10.0,
TRAK2,5,9,Rectangle,#c0c0c0,10.0;10.0,
TRDN,5,9,Rectangle,#c0c0c0,10.0;10.0,
TRDN-ASPH,0,9,Hexagon,#ffffff,10.0;10.0,
TRH,5,9,Rectangle,#c0c0c0,10.0;10.0,
TRHR,5,9,Rectangle,#c0c0c0,10.0;10.0,
TRIM25,5,9,Rectangle,#c0c0c0,10.0;10.0,
TRIP10,5,9,Rectangle,#c0c0c0,10.0;10.0,
TRIP6,5,9,Rectangle,#c0c0c0,10.0;10.0,
TRPA1,5,9,Rectangle,#c0c0c0,10.0;10.0,
TRPC1,5,9,Rectangle,#c0c0c0,10.0;10.0,
TRPC6,5,9,Rectangle,#c0c0c0,10.0;10.0,
TRPM2,5,9,Rectangle,#c0c0c0,10.0;10.0,
TRPM4,5,9,Rectangle,#c0c0c0,10.0;10.0,
TRPM5,5,9,Rectangle,#c0c0c0,10.0;10.0,
TRPM8,5,9,Rectangle,#c0c0c0,10.0;10.0,
TRPV1,5,9,Rectangle,#c0c0c0,10.0;10.0,
TRPV2,1,9,Rectangle,#f3f3f3,10.0;10.0,
TRPV3,5,9,Rectangle,#c0c0c0,10.0;10.0,
TRPV4,5,9,Rectangle,#c0c0c0,10.0;10.0,
TRPV5,5,9,Rectangle,#c0c0c0,10.0;10.0,
TRPV6,5,9,Rectangle,#c0c0c0,10.0;10.0,
TSC1,5,9,Rectangle,#c0c0c0,10.0;10.0,
TSC1-107080638,0,9,Hexagon,#ffffff,10.0;10.0,
TSC1-TSC2,0,9,Hexagon,#ffffff,10.0;10.0,
TSC2,5,9,Rectangle,#c0c0c0,10.0;10.0,
TSC2-TSC1,0,9,Hexagon,#ffffff,10.0;10.0,
TSHR,5,9,Rectangle,#c0c0c0,10.0;10.0,
TSLP,5,9,Rectangle,#c0c0c0,10.0;10.0,
TSPO,5,9,Rectangle,#c0c0c0,10.0;10.0,
TTF1,5,9,Rectangle,#c0c0c0,10.0;10.0,
TTF2,5,9,Rectangle,#c0c0c0,10.0;10.0,
TTI1,5,9,Rectangle,#c0c0c0,10.0;10.0,
TTK,5,9,Rectangle,#c0c0c0,10.0;10.0,
TUBA1B,5,9,Rectangle,#c0c0c0,10.0;10.0,
TUBA1B-TUBB3,0,9,Hexagon,#ffffff,10.0;10.0,
TUBB3,5,9,Rectangle,#c0c0c0,10.0;10.0,
TXN2,5,9,Rectangle,#c0c0c0,10.0;10.0,
TXNDC12,5,9,Rectangle,#c0c0c0,10.0;10.0,
TXNIP,5,9,Rectangle,#c0c0c0,10.0;10.0,
TXNRD2,5,9,Rectangle,#c0c0c0,10.0;10.0,
TYK2,5,9,Rectangle,#c0c0c0,10.0;10.0,
TYMP,5,9,Rectangle,#c0c0c0,10.0;10.0,
TYMS,5,9,Rectangle,#c0c0c0,10.0;10.0,
TYR,5,9,Rectangle,#c0c0c0,10.0;10.0,
TYROBP,5,9,Rectangle,#c0c0c0,10.0;10.0,
TYRP1,9,9,Rectangle,#8b8b8b,10.0;10.0,
UAP1,5,9,Rectangle,#c0c0c0,10.0;10.0,
UBC,5,9,Rectangle,#c0c0c0,10.0;10.0,
UBE2I,5,9,Rectangle,#c0c0c0,10.0;10.0,
UBXN2A,0,9,Rectangle,#ffffff,10.0;10.0,
UCKL1,5,9,Rectangle,#c0c0c0,10.0;10.0,
UCN3,5,9,Rectangle,#c0c0c0,10.0;10.0,
UCP1,5,9,Rectangle,#c0c0c0,10.0;10.0,
UFD1,5,9,Rectangle,#c0c0c0,10.0;10.0,
UGCG,5,9,Rectangle,#c0c0c0,10.0;10.0,
UGDH,5,9,Rectangle,#c0c0c0,10.0;10.0,
UGP2,5,9,Rectangle,#c0c0c0,10.0;10.0,
UGT2B11,5,9,Rectangle,#c0c0c0,10.0;10.0,
UGT8,5,9,Rectangle,#c0c0c0,10.0;10.0,
ULBP3,5,9,Rectangle,#c0c0c0,10.0;10.0,
ULK1,5,9,Rectangle,#c0c0c0,10.0;10.0,
ULK1-RB1CC1,0,9,Hexagon,#ffffff,10.0;10.0,
UMPS,5,9,Rectangle,#c0c0c0,10.0;10.0,
UNC5D,5,9,Rectangle,#c0c0c0,10.0;10.0,
UPB1,5,9,Rectangle,#c0c0c0,10.0;10.0,
UPF1,5,9,Rectangle,#c0c0c0,10.0;10.0,
UPF1-UPF2,0,9,Hexagon,#ffffff,10.0;10.0,
UPF2,5,9,Rectangle,#c0c0c0,10.0;10.0,
UPF3B,5,9,Rectangle,#c0c0c0,10.0;10.0,
UPP2,5,9,Rectangle,#c0c0c0,10.0;10.0,
UPRT,5,9,Rectangle,#c0c0c0,10.0;10.0,
URM1,5,9,Rectangle,#c0c0c0,10.0;10.0,
UROC1,5,9,Rectangle,#c0c0c0,10.0;10.0,
UROD,5,9,Rectangle,#c0c0c0,10.0;10.0,
UROS,5,9,Rectangle,#c0c0c0,10.0;10.0,
USP1-WDR48,0,9,Hexagon,#ffffff,10.0;10.0,
USP7,5,9,Rectangle,#c0c0c0,10.0;10.0,
UTS2,5,9,Rectangle,#c0c0c0,10.0;10.0,
UTS2R,5,9,Rectangle,#c0c0c0,10.0;10.0,
UVRAG,5,9,Rectangle,#c0c0c0,10.0;10.0,
UXS1,5,9,Rectangle,#c0c0c0,10.0;10.0,
VAMP1,5,9,Rectangle,#c0c0c0,10.0;10.0,
VAMP2,5,9,Rectangle,#c0c0c0,10.0;10.0,
VAMP4,5,9,Rectangle,#c0c0c0,10.0;10.0,
VAMP8,5,9,Rectangle,#c0c0c0,10.0;10.0,
VANGL2,5,9,Rectangle,#c0c0c0,10.0;10.0,
VASP,5,9,Rectangle,#c0c0c0,10.0;10.0,
VAV3,5,9,Rectangle,#c0c0c0,10.0;10.0,
VAV3-TIAM1,0,9,Hexagon,#ffffff,10.0;10.0,
VCAM1,5,9,Rectangle,#c0c0c0,10.0;10.0,
VCL,5,9,Rectangle,#c0c0c0,10.0;10.0,
VCP,5,9,Rectangle,#c0c0c0,10.0;10.0,
VDR,5,9,Rectangle,#c0c0c0,10.0;10.0,
VEGFA,9,9,Rectangle,#8b8b8b,10.0;10.0,
VHL-RBX1,0,9,Hexagon,#ffffff,10.0;10.0,
VIP,5,9,Rectangle,#c0c0c0,10.0;10.0,
VIPR1,5,9,Rectangle,#c0c0c0,10.0;10.0,
VKORC1L1,5,9,Rectangle,#c0c0c0,10.0;10.0,
VMP1,5,9,Rectangle,#c0c0c0,10.0;10.0,
VNN3,5,9,Rectangle,#c0c0c0,10.0;10.0,
VPS45,5,9,Rectangle,#c0c0c0,10.0;10.0,
VPS4A,5,9,Rectangle,#c0c0c0,10.0;10.0,
VPS4A-VTA1,0,9,Hexagon,#ffffff,10.0;10.0,
VSIR,5,9,Rectangle,#c0c0c0,10.0;10.0,
VTA1,5,9,Rectangle,#c0c0c0,10.0;10.0,
VTI1B-STX8,0,9,Hexagon,#ffffff,10.0;10.0,
VTN,5,9,Rectangle,#c0c0c0,10.0;10.0,
VWF,5,9,Rectangle,#c0c0c0,10.0;10.0,
WAS,5,9,Rectangle,#c0c0c0,10.0;10.0,
WAS-VASP,0,9,Hexagon,#ffffff,10.0;10.0,
WASF1-BRK1,0,9,Hexagon,#ffffff,10.0;10.0,
WASF2,5,9,Rectangle,#c0c0c0,10.0;10.0,
WASF2-BAIAP2,0,9,Hexagon,#ffffff,10.0;10.0,
WASL,5,9,Rectangle,#c0c0c0,10.0;10.0,
WDR33-WDR82,0,9,Hexagon,#ffffff,10.0;10.0,
WEE2,5,9,Rectangle,#c0c0c0,10.0;10.0,
WFS1,5,9,Rectangle,#c0c0c0,10.0;10.0,
WHAMM,5,9,Rectangle,#c0c0c0,10.0;10.0,
WIF1,5,9,Rectangle,#c0c0c0,10.0;10.0,
WIPI2,5,9,Rectangle,#c0c0c0,10.0;10.0,
WNT11,5,9,Rectangle,#c0c0c0,10.0;10.0,
WNT16,9,9,Rectangle,#8b8b8b,10.0;10.0,
WNT4,5,9,Rectangle,#c0c0c0,10.0;10.0,
WNT5A,5,9,Rectangle,#c0c0c0,10.0;10.0,
WTIP,9,9,Rectangle,#8b8b8b,10.0;10.0,
WWC1-NF2,0,9,Hexagon,#ffffff,10.0;10.0,
WWTR1-YWHAQ,0,9,Hexagon,#ffffff,10.0;10.0,
XBP1,9,9,Rectangle,#8b8b8b,10.0;10.0,
XCL1,5,9,Rectangle,#c0c0c0,10.0;10.0,
XCL2,5,9,Rectangle,#c0c0c0,10.0;10.0,
XCR1,5,9,Rectangle,#c0c0c0,10.0;10.0,
XDH,5,9,Rectangle,#c0c0c0,10.0;10.0,
XIAP,5,9,Rectangle,#c0c0c0,10.0;10.0,
XPO1,5,9,Rectangle,#c0c0c0,10.0;10.0,
XPO5,5,9,Rectangle,#c0c0c0,10.0;10.0,
XPOT,5,9,Rectangle,#c0c0c0,10.0;10.0,
XYLB,5,9,Rectangle,#c0c0c0,10.0;10.0,
XYLT1,5,9,Rectangle,#c0c0c0,10.0;10.0,
YAP1,5,9,Rectangle,#c0c0c0,10.0;10.0,
YAP1-TEAD1,0,9,Hexagon,#ffffff,10.0;10.0,
YAP1-TP73,0,9,Hexagon,#ffffff,10.0;10.0,
YBX3,5,9,Rectangle,#c0c0c0,10.0;10.0,
YES1,5,9,Rectangle,#c0c0c0,10.0;10.0,
YKT6,5,9,Rectangle,#c0c0c0,10.0;10.0,
YWHAE,5,9,Rectangle,#c0c0c0,10.0;10.0,
YWHAQ,5,9,Rectangle,#c0c0c0,10.0;10.0,
ZAP70,5,9,Rectangle,#c0c0c0,10.0;10.0,
ZBP1,5,9,Rectangle,#c0c0c0,10.0;10.0,
ZBTB17,5,9,Rectangle,#c0c0c0,10.0;10.0,
ZFYVE1,5,9,Rectangle,#c0c0c0,10.0;10.0,
ZFYVE9,5,9,Rectangle,#c0c0c0,10.0;10.0,
ZMAT3,5,9,Rectangle,#c0c0c0,10.0;10.0,
ZMPSTE24,5,9,Rectangle,#c0c0c0,10.0;10.0,
ZNF274,5,9,Rectangle,#c0c0c0,10.0;10.0,
ZNRF3,5,9,Rectangle,#c0c0c0,10.0;10.0,
ZYX,9,9,Rectangle,#8b8b8b,10.0;10.0,

*****Timed Nodes*****
Node,Shape,Color,Position(x;y),Entry Step,Repeating,Timed Expression (State:duration)

*****Edges*****
Source Node,Target Node,Weight,Delay,Sufficient number of rules,Dependencies
NCOA2-ESR1,100653049,1,0,0,
100653049,100653049,-1,0,0,
GRK2,102723532,-1,0,0,
PRKACA,102723532,-1,0,0,
ARRB1,102723532,-1,0,0,
102723532,102723532,-1,0,0,
102723996,102723996,-1,0,0,
ALDH4A1,102724788,0,0,0,
102724788,102724788,-1,0,0,
102725035,102725035,-1,0,0,
PTPN6,102725035,0,0,0,
102725035-FCGR1A,102725035-FCGR1A,-1,0,0,
MAOA,107987478,0,0,0,
UGT2B11,107987478,0,0,0,
FMO1,107987478,0,0,0,
CYP2C19,107987478,0,0,0,
107987478,107987478,-1,0,0,
CYP3A4,107987478,0,0,0,
112267859,112267859,-1,0,0,
PPARG-RXRA,112267859,1,0,0,
A2M,A2M,-1,0,0,
A3GALT2,A3GALT2,-1,0,0,
B3GALNT1,A4GALT,0,0,0,
A4GALT,A4GALT,-1,0,0,
B4GALT4,A4GALT,0,0,0,
B4GALT1,A4GALT,0,0,0,
B4GALT2,A4GALT,0,0,0,
B4GALT3,A4GALT,0,0,0,
AACS,AACS,-1,0,0,
BDH2,AACS,0,0,0,
KYNU,AADAT,0,0,0,
KMO,AADAT,0,0,0,
AADAT,AADAT,-1,0,0,
AFMID,AADAT,0,0,0,
ALDH7A1,AADAT,0,0,0,
ASMT,AANAT,0,0,0,
AANAT,AANAT,-1,0,0,
AASDHPPT,AASDHPPT,-1,0,0,
AASS,AASS,-1,0,0,
PHYKPL,AASS,0,0,0,
AOX1,ABAT,0,0,0,
ABAT,ABAT,-1,0,0,
ALDH5A1,ABAT,0,0,0,
ALDH3A1,ABAT,0,0,0,
AGXT2,ABAT,0,0,0,
EHHADH,ABAT,0,0,0,
ALDH6A1,ABAT,0,0,0,
ALDH2,ABAT,0,0,0,
NR1H4,ABCB11,1,0,0,
ABCB11,ABCB11,-1,0,0,
NR1H4,ABCB4,1,0,0,
ABCB4,ABCB4,-1,0,0,
NR1H4,ABCC2,1,0,0,
ABCC2,ABCC2,-1,0,0,
PRKACA,ABCC8,-1,0,0,
RAPGEF4,ABCC8,-1,0,0,
C00002,ABCC8,-1,0,0,
ABCC8,ABCC8,-1,0,0,
ABHD14A-ACY1,ABHD14A-ACY1,-1,0,0,
ABHD5,ABHD5,-1,0,0,
PNPLA2,ABHD5,0,0,0,
RAC1,ABI2-NCKAP1,-1,0,0,
ABI2-NCKAP1,ABI2-NCKAP1,-1,0,0,
CRK,ABL1,1,0,0,
NTRK3,ABL1,0,0,0,
NTRK2,ABL1,0,0,0,
NTRK1,ABL1,0,0,0,
ABL1,ABL1,-1,0,0,
RIN1,ABL1,1,0,0,
EPHA2,ABL1,1,0,0,
EPHB1,ABL1,1,0,0,
CDC42,ABLIM3,1,0,0,
ABLIM3,ABLIM3,-1,0,0,
RAC1,ABLIM3,1,0,0,
ABO,ABO,-1,0,0,
FUT1,ABO,0,0,0,
FUT3,ABO,0,0,0,
FUT4,ABO,0,0,0,
FUT9,ABO,0,0,0,
PPARA-RXRA,ACAA1,1,0,0,
ACAA1,ACAA1,-1,0,0,
ACOX1,ACAA1,0,0,0,
HADHA,ACAA2,0,0,0,
ACAT1,ACAA2,0,0,0,
HADH,ACAA2,0,0,0,
ACADM,ACAA2,0,0,0,
ACADL,ACAA2,0,0,0,
HMGCS1,ACAA2,0,0,0,
ACADS,ACAA2,0,0,0,
ACAA2,ACAA2,-1,0,0,
HMGCL,ACAA2,0,0,0,
ACADVL,ACAA2,0,0,0,
ALDH6A1,ACACA,0,0,0,
PRKAG2,ACACA,-1,0,0,
SREBF1,ACACA,1,0,0,
ACACA,ACACA,-1,0,0,
ACAT1,ACACA,0,0,0,
FASN,ACACA,0,0,0,
ACSF3,ACACA,0,0,0,
MCAT,ACACA,0,0,0,
ACSS2,ACACA,0,0,0,
ACOT12,ACACA,0,0,0,
PRKAG2,ACACB,-1,0,0,
ACACB,ACACB,-1,0,0,
ACAD8,ACAD8,-1,0,0,
ECHS1,ACADL,0,0,0,
ACADL,ACADL,-1,0,0,
PPARD-RXRA,ACADL,1,0,0,
ECHS1,ACADM,0,0,0,
PPARA-RXRA,ACADM,1,0,0,
DBT,ACADM,0,0,0,
ACADM,ACADM,-1,0,0,
MCCC1,ACADM,0,0,0,
ALDH6A1,ACADS,0,0,0,
ECHS1,ACADS,0,0,0,
DBT,ACADS,0,0,0,
ACADS,ACADS,-1,0,0,
ECHDC1,ACADS,0,0,0,
PCCA,ACADS,0,0,0,
ACSS2,ACADS,0,0,0,
ACSS3,ACADS,0,0,0,
ACAA2,ACADSB,0,0,0,
ACADSB,ACADSB,-1,0,0,
ACAT1,ACADSB,0,0,0,
DBT,ACADSB,0,0,0,
ECHS1,ACADSB,0,0,0,
GCDH,ACADSB,0,0,0,
ECHS1,ACADVL,0,0,0,
ACADVL,ACADVL,-1,0,0,
EHHADH,ACAT1,0,0,0,
ALDH6A1,ACAT1,0,0,0,
ACAT1,ACAT1,-1,0,0,
HMGCS1,ACAT1,0,0,0,
ACADM,ACAT1,0,0,0,
ACADS,ACAT1,0,0,0,
OXCT1,ACAT1,0,0,0,
ACOT12,ACAT1,0,0,0,
CS,ACAT1,0,0,0,
ACSS2,ACAT1,0,0,0,
HMGCL,ACAT1,0,0,0,
AACS,ACAT1,0,0,0,
GBA,ACER1,0,0,0,
ACER1,ACER1,-1,0,0,
SGPP2,ACER1,0,0,0,
DEGS2,ACER1,0,0,0,
UGT8,ACER1,0,0,0,
UGCG,ACER1,0,0,0,
ENPP7,ACER1,0,0,0,
PLPP1,ACER1,0,0,0,
CERK,ACER1,0,0,0,
ACER3,ACER3,-1,0,0,
KDSR,ACER3,0,0,0,
SGPP2,ACER3,0,0,0,
DEGS2,ACER3,0,0,0,
PLPP1,ACER3,0,0,0,
SPHK2,ACER3,0,0,0,
ACHE,ACHE,-1,0,0,
CHKA,ACHE,0,0,0,
SAP18,ACIN1,0,0,0,
ACIN1,ACIN1,-1,0,0,
CXCL12,ACKR3,1,0,0,
ACKR3,ACKR3,-1,0,0,
CCL25,ACKR4,1,0,0,
CCL21,ACKR4,1,0,0,
CCL19,ACKR4,1,0,0,
CCL13,ACKR4,1,0,0,
CCL8,ACKR4,1,0,0,
CCL1,ACKR4,1,0,0,
ACKR4,ACKR4,-1,0,0,
DLAT,ACLY,0,0,0,
MDH1,ACLY,0,0,0,
ACLY,ACLY,-1,0,0,
ACMSD,ACMSD,-1,0,0,
ALDH8A1,ACMSD,0,0,0,
CS,ACO1,0,0,0,
ACLY,ACO1,0,0,0,
ACO1,ACO1,-1,0,0,
ACSS2,ACOT12,0,0,0,
ACOT12,ACOT12,-1,0,0,
ACOT2,ACOT2,-1,0,0,
C00575,ACOT2,1,0,0,
TECR,ACOT2,0,0,0,
ACOT8,ACOT8,-1,0,0,
BAAT,ACOT8,0,0,0,
PPARA-RXRA,ACOX1,1,0,0,
PPARD-RXRA,ACOX1,1,0,0,
ECHS1,ACOX1,0,0,0,
GCDH,ACOX1,0,0,0,
PPARA,ACOX1,1,0,0,
ACAA2,ACOX1,0,0,0,
CPT2,ACOX1,0,0,0,
ACAT1,ACOX1,0,0,0,
ACOX1,ACOX1,-1,0,0,
AMACR,ACOX2,0,0,0,
ACOX2,ACOX2,-1,0,0,
ACP1,ACP1,-1,0,0,
FOS,ACP5,1,0,0,
CREB1,ACP5,1,0,0,
NFATC1,ACP5,1,0,0,
ACP5,ACP5,-1,0,0,
MMUT,ACSF3,0,0,0,
ACACA,ACSF3,0,0,0,
ACSF3,ACSF3,-1,0,0,
ACSL1,ACSL1,-1,0,0,
CPT1C,ACSL1,0,0,0,
PPARA-RXRA,ACSL1,1,0,0,
PPARG-RXRA,ACSL1,1,0,0,
ACSM1,ACSM1,-1,0,0,
ACADS,ACSM1,0,0,0,
ALDH6A1,ACSS2,0,0,0,
PCCA,ACSS2,0,0,0,
DBT,ACSS2,0,0,0,
ECHDC1,ACSS2,0,0,0,
ACOX1,ACSS2,0,0,0,
ACSS3,ACSS2,0,0,0,
ACSS2,ACSS2,-1,0,0,
ACOT12,ACSS2,0,0,0,
ALDH6A1,ACSS3,0,0,0,
PCCA,ACSS3,0,0,0,
DBT,ACSS3,0,0,0,
ECHDC1,ACSS3,0,0,0,
ACOX1,ACSS3,0,0,0,
ACSS3,ACSS3,-1,0,0,
ACTA2,ACTA2,-1,0,0,
MYH9-MYL9,ACTA2,0,0,0,
MYL9-MYH9,ACTA2,0,0,0,
ACTB,ACTB,-1,0,0,
THRA,ACTB,1,0,0,
PXN,ACTB,0,0,0,
VASP,ACTB,1,0,0,
RHOA,ACTB,1,0,0,
EZR,ACTB,0,0,0,
DIAPH1,ACTB,0,0,0,
ACTR3,ACTB,0,0,0,
WASF2-BAIAP2,ACTB,1,0,0,
MSN,ACTB,0,0,0,
ZYX,ACTB,0,0,0,
CASP3,ACTB,-1,0,0,
WASL,ACTB,1,0,0,
CASP7,ACTB,-1,0,0,
CASP6,ACTB,-1,0,0,
PARVB,ACTB,0,0,0,
WHAMM,ACTB,0,0,0,
WAS,ACTB,1,0,0,
CTNNA1,ACTB,0,0,0,
AFDN,ACTB,1,0,0,
IQGAP1,ACTB,1,0,0,
RAC1,ACTB,1,0,0,
PFN3,ACTB,1,0,0,
VCL,ACTB,0,0,0,
CTTN,ACTB,0,0,0,
MYH9,ACTB,0,0,0,
CDC42,ACTB,1,0,0,
MYL12B,ACTB,1,0,0,
EVL,ACTB,1,0,0,
PIP5K1C,ACTB,0,0,0,
TPM1,ACTC1,0,0,0,
TNNI3,ACTC1,0,0,0,
TNNT2,ACTC1,0,0,0,
ACTC1,ACTC1,-1,0,0,
ACTN4,ACTN4,-1,0,0,
CTNNA1,ACTN4,0,0,0,
VCL,ACTN4,0,0,0,
PIKFYVE,ACTN4,0,0,0,
ACTB,ACTN4,0,0,0,
ZYX,ACTN4,0,0,0,
MAGI1,ACTN4,0,0,0,
ACTR3-ACTB,ACTR3,0,0,0,
CTTN,ACTR3,0,0,0,
ACTR3,ACTR3,-1,0,0,
WHAMM,ACTR3,0,0,0,
ACTR3-ACTB,ACTR3-ACTB,-1,0,0,
ACVR1,ACVR1,-1,0,0,
BAMBI,ACVR1,-1,0,0,
BMP7,ACVR1-ACVR2B,1,0,0,
BMP6,ACVR1-ACVR2B,1,0,0,
BMP5,ACVR1-ACVR2B,1,0,0,
BMP8A,ACVR1-ACVR2B,1,0,0,
ACVR1-ACVR2B,ACVR1-ACVR2B,-1,0,0,
MSTN,ACVR1B-ACVR2B,1,0,0,
ACVR1B-ACVR2B,ACVR1B-ACVR2B,-1,0,0,
INHBA,ACVR1C,1,0,0,
NODAL,ACVR1C,1,0,0,
ACVR1C,ACVR1C,-1,0,0,
INHBA,ACVR2A,1,0,0,
NODAL,ACVR2A,1,0,0,
ACVR2A,ACVR2A,-1,0,0,
ACVR2A-ACVR1,ACVR2A-ACVR1,-1,0,0,
BMP8A,ACVR2A-ACVR1,1,0,0,
BMP5,ACVR2A-ACVR1,1,0,0,
BMP6,ACVR2A-ACVR1,1,0,0,
BMP7,ACVR2A-ACVR1,1,0,0,
GDF6,ACVR2A-BMPR1B,1,0,0,
GDF5,ACVR2A-BMPR1B,1,0,0,
GDF7,ACVR2A-BMPR1B,1,0,0,
BMP4,ACVR2A-BMPR1B,1,0,0,
BMP2,ACVR2A-BMPR1B,1,0,0,
ACVR2A-BMPR1B,ACVR2A-BMPR1B,-1,0,0,
ACSS2,ACYP1,0,0,0,
ACOT12,ACYP1,0,0,0,
ACYP1,ACYP1,-1,0,0,
ALDH2,ACYP1,0,0,0,
NT5C1B-RDH14,ADA,0,0,0,
PNP,ADA,0,0,0,
ADA,ADA,-1,0,0,
ADK,ADA,0,0,0,
DCK,ADA,0,0,0,
ADK,ADA,1,0,0,
ADAM17,ADAM17,-1,0,0,
CALML6,ADCY1,1,0,0,
ADCY1,ADCY1,-1,0,0,
ITPA,ADCY1,0,0,0,
NTPCR,ADCY1,0,0,0,
PKLR,ADCY1,0,0,0,
CAMK4,ADCY1,-1,0,0,
GNAI1,ADCY1,-1,0,0,
PDE10A,ADCY1,0,0,0,
NME6,ADCY1,0,0,0,
PRKACA,ADCY1,1,0,0,
PDE7B,ADCY1,0,0,0,
GNAS,ADCY1,1,0,0,
GNB5,ADCY1,-1,0,0,
GNAL,ADCY1,1,0,0,
PRKCD,ADCY1,1,0,0,
ENTPD8,ADCY1,0,0,0,
ENTPD2,ADCY1,0,0,0,
AKT3,ADCY1,1,0,0,
ADCY10,ADCY10,-1,0,0,
C00076,ADCY10,1,0,0,
C00288,ADCY10,1,0,0,
ADCY2,ADCY2,-1,0,0,
GNAS,ADCY2,1,0,0,
ADCY3,ADCY3,-1,0,0,
CAMK2A,ADCY3,-1,0,0,
GNAS,ADCY3,1,0,0,
GNAL,ADCY3,1,0,0,
RGS2,ADCY3,-1,0,0,
ADCY5,ADCY5,-1,0,0,
PTGS1,ADCY5,-1,0,0,
GNAI1,ADCY5,-1,0,0,
GNAS,ADCY5,1,0,0,
GNB5,ADCY5,-1,0,0,
GNAL,ADCY5,1,0,0,
C00076,ADCY5,-1,0,0,
ADCY6,ADCY6,-1,0,0,
GNAS,ADCY6,1,0,0,
ADCYAP1,ADCYAP1,-1,0,0,
POMC,ADCYAP1R1,1,0,0,
VIP,ADCYAP1R1,1,0,0,
ADCYAP1R1,ADCYAP1R1,-1,0,0,
C01312,ADCYAP1R1,1,0,0,
ADCYAP1,ADCYAP1R1,1,0,0,
GIP,ADCYAP1R1,1,0,0,
C00212,ADCYAP1R1,1,0,0,
GCG,ADCYAP1R1,1,0,0,
C00584,ADCYAP1R1,1,0,0,
C00547,ADCYAP1R1,1,0,0,
C00788,ADCYAP1R1,1,0,0,
NPPA,ADCYAP1R1,1,0,0,
C00780,ADCYAP1R1,1,0,0,
C03758,ADCYAP1R1,1,0,0,
C20792,ADCYAP1R1,1,0,0,
CGA,ADCYAP1R1,1,0,0,
TP53,ADGRB1,1,0,0,
ADGRB1,ADGRB1,-1,0,0,
CYP26A1,ADH1A,0,0,0,
ADH1A,ADH1A,-1,0,0,
UGT2B11,ADH1A,0,0,0,
ALDH2,ADH1A,0,0,0,
GSTO2,ADH1A,0,0,0,
MAOA,ADH1A,0,0,0,
ALDH3A1,ADH1A,0,0,0,
CYP2E1,ADH1A,0,0,0,
RETSAT,ADH1A,0,0,0,
BCO1,ADH1A,0,0,0,
TAT,ADI1,0,0,0,
ADI1,ADI1,-1,0,0,
IL4I1,ADI1,0,0,0,
PPARG-RXRA,ADIPOQ,1,0,0,
ADIPOQ,ADIPOQ,-1,0,0,
ADIPOR1,ADIPOR1,-1,0,0,
ADIPOQ,ADIPOR1,1,0,0,
AMPD1,ADK,0,0,0,
NT5C1B-RDH14,ADK,0,0,0,
APRT,ADK,0,0,0,
ADK,ADK,-1,0,0,
ENTPD8,ADK,0,0,0,
PDE10A,ADK,0,0,0,
ADSL,ADK,0,0,0,
ENPP1,ADK,0,0,0,
PDE7B,ADK,0,0,0,
AK3,ADK,0,0,0,
AK6,ADK,0,0,0,
ADM,ADM,-1,0,0,
ADO,ADO,-1,0,0,
ADORA1,ADORA1,-1,0,0,
C00212,ADORA1,1,0,0,
KNG1,ADORA1,1,0,0,
C00212,ADORA2A,1,0,0,
ADORA2A,ADORA2A,-1,0,0,
GALM,ADPGK,0,0,0,
ADPGK,ADPGK,-1,0,0,
ADPRM,ADPRM,-1,0,0,
GPD2,ADPRM,0,0,0,
GPAT4,ADPRM,0,0,0,
GPD1L,ADPRM,0,0,0,
ADRA1A,ADRA1A,-1,0,0,
C00547,ADRA1D,1,0,0,
ADRA1D,ADRA1D,-1,0,0,
C00788,ADRA1D,1,0,0,
ADRB1,ADRB1,-1,0,0,
C07056,ADRB1,1,0,0,
C00788,ADRB1,1,0,0,
C00547,ADRB1,1,0,0,
ADRB2,ADRB2,-1,0,0,
C07056,ADRB2,1,0,0,
C00788,ADRB2,1,0,0,
C00547,ADRB2,1,0,0,
AK3,ADSL,0,0,0,
AK6,ADSL,0,0,0,
ENPP1,ADSL,0,0,0,
ENTPD8,ADSL,0,0,0,
ADSS1,ADSL,0,0,0,
ASL,ADSL,0,0,0,
PDE7B,ADSL,0,0,0,
ADSL,ADSL,-1,0,0,
PAICS,ADSL,0,0,0,
PDE10A,ADSL,0,0,0,
ASS1,ADSS1,0,0,0,
GMPR,ADSS1,0,0,0,
ADSS1,ADSS1,-1,0,0,
AMPD1,ADSS1,0,0,0,
SORBS1,AFDN,0,0,0,
SSX2IP,AFDN,0,0,0,
RRAS2,AFDN,1,0,0,
ACTB,AFDN,0,0,0,
LMO7,AFDN,0,0,0,
F11R,AFDN,0,0,0,
RAP1A,AFDN,0,0,0,
CTNNA1,AFDN,0,0,0,
MRAS,AFDN,1,0,0,
AFDN,AFDN,-1,0,0,
HRAS,AFDN,1,0,0,
AFDN,AFDN,1,0,0,
IDO2,AFMID,0,0,0,
DDC,AFMID,0,0,0,
AFMID,AFMID,-1,0,0,
KYNU,AFMID,0,0,0,
AFP,AFP,-1,0,0,
YAP1,AFP,1,0,0,
AGAP2,AGAP2,-1,0,0,
GRM1,AGAP2,0,0,0,
CEL,AGK,0,0,0,
MOGAT1,AGK,0,0,0,
AGK,AGK,-1,0,0,
AGPAT1,AGK,0,0,0,
PGM1,AGL,0,0,0,
UGP2,AGL,0,0,0,
GBE1,AGL,0,0,0,
PGM2L1,AGL,0,0,0,
MGAM,AGL,0,0,0,
AGL,AGL,-1,0,0,
ENPP1,AGL,0,0,0,
AMY1A,AGL,0,0,0,
AOC1,AGMAT,0,0,0,
AGMAT,AGMAT,-1,0,0,
ODC1,AGMAT,0,0,0,
SAT2,AGMAT,0,0,0,
SRM,AGMAT,0,0,0,
AZIN2,AGMAT,0,0,0,
PLPP4,AGPAT1,0,0,0,
AGPAT1,AGPAT1,-1,0,0,
PLD4,AGPAT1,0,0,0,
DGKK,AGPAT1,0,0,0,
AGRN,AGRN,-1,0,0,
PRKAG2,AGRP,0,0,0,
AGRP,AGRP,-1,0,0,
AGT,AGT,-1,0,0,
AGTR1,AGTR1,-1,0,0,
C20970,AGTR1,1,0,0,
AGT,AGTR1,1,0,0,
C15848,AGTR1,1,0,0,
C02135,AGTR1,1,0,0,
AGTR2,AGTR2,-1,0,0,
C20970,AGTR2,1,0,0,
C15848,AGTR2,1,0,0,
C02135,AGTR2,1,0,0,
CBSL,AGXT,0,0,0,
SDS,AGXT,0,0,0,
HOGA1,AGXT,0,0,0,
SHMT1,AGXT,0,0,0,
HAO2,AGXT,0,0,0,
AGXT,AGXT,-1,0,0,
CTH,AGXT2,0,0,0,
AGXT2,AGXT2,-1,0,0,
MTR,AHCYL1,0,0,0,
AHCYL1,AHCYL1,-1,0,0,
BHMT2,AHCYL1,0,0,0,
BHMT,AHCYL1,0,0,0,
TP53,AIFM2,1,0,0,
AIFM2,AIFM2,-1,0,0,
IFI16,AIM2,-1,0,0,
TP53BP1,AIM2,-1,0,0,
PYDC5,AIM2,-1,0,0,
AIM2,AIM2,-1,0,0,
AK3,AK3,-1,0,0,
AMPD1,AK6,0,0,0,
PKLR,AK6,0,0,0,
ENTPD8,AK6,0,0,0,
PDE7B,AK6,0,0,0,
AK6,AK6,-1,0,0,
NME6,AK6,0,0,0,
RRM2B,AK6,0,0,0,
AK7,AK7,-1,0,0,
TPK1,AK7,0,0,0,
ALDH2,AKR1A1,0,0,0,
ALDH3A1,AKR1A1,0,0,0,
AKR1A1,AKR1A1,-1,0,0,
MGLL,AKR1A1,0,0,0,
GUSB,AKR1A1,0,0,0,
GK,AKR1A1,0,0,0,
DCXR,AKR1B1,0,0,0,
GALM,AKR1B1,0,0,0,
AKR1C3,AKR1B1,0,0,0,
DHDH,AKR1B1,0,0,0,
MGLL,AKR1B1,0,0,0,
AKR1B1,AKR1B1,-1,0,0,
PTS,AKR1B1,0,0,0,
SPR,AKR1B1,0,0,0,
GK,AKR1B1,0,0,0,
CYP2A13,AKR1C1,0,0,0,
AKR1C1,AKR1C1,-1,0,0,
AKR1C2,AKR1C1,0,0,0,
HSD3B1,AKR1C1,0,0,0,
CYP21A2,AKR1C1,0,0,0,
EPHX1,AKR1C1,0,0,0,
107987478,AKR1C1,0,0,0,
CYP17A1,AKR1C1,0,0,0,
CYP3A4,AKR1C1,0,0,0,
CYP2A6,AKR1C1,0,0,0,
CYP2E1,AKR1C1,0,0,0,
SRD5A1,AKR1C1,0,0,0,
AKR1C1,AKR1C2,0,0,0,
AKR1C2,AKR1C2,-1,0,0,
SRD5A1,AKR1C2,0,0,0,
UGT2B11,AKR1C3,0,0,0,
CYP19A1,AKR1C3,0,0,0,
AKR1C3,AKR1C3,-1,0,0,
HSD3B1,AKR1C3,0,0,0,
SULT2B1,AKR1C3,0,0,0,
STS,AKR1C3,0,0,0,
CYP17A1,AKR1C3,0,0,0,
PTS,AKR1C3,0,0,0,
AKR1D1,AKR1C3,0,0,0,
CYP11B1,AKR1C3,0,0,0,
SRD5A1,AKR1C3,0,0,0,
HSD11B1,AKR1C4,0,0,0,
AKR1C4,AKR1C4,-1,0,0,
AKR1D1,AKR1C4,0,0,0,
CYP8B1,AKR1C4,0,0,0,
SRD5A1,AKR1C4,0,0,0,
CYP19A1,AKR1D1,0,0,0,
AKR1C1,AKR1D1,0,0,0,
HSD3B7,AKR1D1,0,0,0,
HSD3B1,AKR1D1,0,0,0,
CYP21A2,AKR1D1,0,0,0,
CYP17A1,AKR1D1,0,0,0,
AKR1D1,AKR1D1,-1,0,0,
CYP11B1,AKR1D1,0,0,0,
CYP11B2,AKR1D1,0,0,0,
CYP8B1,AKR1D1,0,0,0,
SRD5A1,AKR1D1,0,0,0,
AKT3,AKT1S1,-1,0,0,
AKT1S1,AKT1S1,-1,0,0,
PRKACA,AKT1S1,1,0,0,
PIK3R6,AKT3,1,0,0,
PRKCZ,AKT3,-1,0,0,
AKT3,AKT3,-1,0,0,
ILK,AKT3,0,0,0,
PIK3CA,AKT3,1,0,0,
HSP90AA1-CDC37,AKT3,1,0,0,
PPP2R3B,AKT3,-1,0,0,
C05981,AKT3,1,0,0,
PHLPP2,AKT3,-1,0,0,
MAPK14,AKT3,-1,0,0,
CRTC2,AKT3,1,0,0,
PDPK1,AKT3,1,0,0,
MTCP1,AKT3,1,0,0,
THEM4,AKT3,-1,0,0,
ALAS1,ALAD,0,0,0,
HMBS,ALAD,0,0,0,
ALAD,ALAD,-1,0,0,
SHMT1,ALAS1,0,0,0,
SARDH,ALAS1,0,0,0,
GATM,ALAS1,0,0,0,
AGXT,ALAS1,0,0,0,
PIPOX,ALAS1,0,0,0,
GNMT,ALAS1,0,0,0,
GCAT,ALAS1,0,0,0,
ALAS1,ALAS1,-1,0,0,
ALCAM,ALCAM,-1,0,0,
OAT,ALDH18A1,0,0,0,
ALDH18A1,ALDH18A1,-1,0,0,
SDR16C5,ALDH1A1,0,0,0,
DHRS4,ALDH1A1,0,0,0,
DHRS9,ALDH1A1,0,0,0,
RDH12,ALDH1A1,0,0,0,
ADH1A,ALDH1A1,0,0,0,
ALDH1A1,ALDH1A1,-1,0,0,
BCO1,ALDH1A1,0,0,0,
FTCD,ALDH1L1,0,0,0,
MTHFD2,ALDH1L1,0,0,0,
DHFR,ALDH1L1,0,0,0,
AMT,ALDH1L1,0,0,0,
ALDH1L1,ALDH1L1,-1,0,0,
SHMT1,ALDH1L1,0,0,0,
ABAT,ALDH2,0,0,0,
CARNS1,ALDH2,0,0,0,
ACSF3,ALDH2,0,0,0,
BBOX1,ALDH2,0,0,0,
ACOT12,ALDH2,0,0,0,
MAOA,ALDH2,0,0,0,
ACSS2,ALDH2,0,0,0,
EHHADH,ALDH2,0,0,0,
AGXT2,ALDH2,0,0,0,
GAD1,ALDH2,0,0,0,
GADL1,ALDH2,0,0,0,
ASMT,ALDH2,0,0,0,
AKR1B1,ALDH2,0,0,0,
AOC1,ALDH2,0,0,0,
AOC2,ALDH2,0,0,0,
CNDP2,ALDH2,0,0,0,
CNDP1,ALDH2,0,0,0,
ALDH2,ALDH2,-1,0,0,
ADH1A,ALDH2,0,0,0,
MAOA,ALDH3A1,0,0,0,
ACSS2,ALDH3A1,0,0,0,
GSTO2,ALDH3A1,0,0,0,
CYP2E1,ALDH3A1,0,0,0,
ALDH3A1,ALDH3A1,-1,0,0,
COMT,ALDH3A1,0,0,0,
ADH1A,ALDH3A1,0,0,0,
CNDP2,ALDH3A1,0,0,0,
PRODH2,ALDH4A1,0,0,0,
ALDH18A1,ALDH4A1,0,0,0,
ALDH4A1,ALDH4A1,-1,0,0,
PYCR2,ALDH4A1,0,0,0,
OAT,ALDH4A1,0,0,0,
ALDH5A1,ALDH5A1,-1,0,0,
ABAT,ALDH5A1,0,0,0,
PCCA,ALDH6A1,0,0,0,
ALDH2,ALDH6A1,0,0,0,
EHHADH,ALDH6A1,0,0,0,
ALDH6A1,ALDH6A1,-1,0,0,
AGXT2,ALDH6A1,0,0,0,
ABAT,ALDH6A1,0,0,0,
AOX1,ALDH6A1,0,0,0,
ACOX1,ALDH6A1,0,0,0,
ACAA2,ALDH6A1,0,0,0,
MLYCD,ALDH6A1,0,0,0,
AASS,ALDH7A1,0,0,0,
ALDH7A1,ALDH7A1,-1,0,0,
CHDH,ALDH7A1,0,0,0,
PHYKPL,ALDH7A1,0,0,0,
ALDH8A1,ALDH8A1,-1,0,0,
ALDH9A1,ALDH9A1,-1,0,0,
BBOX1,ALDH9A1,0,0,0,
ALDOA,ALDOA,-1,0,0,
PFKL,ALDOA,0,0,0,
TKT,ALDOA,0,0,0,
TKFC,ALDOA,0,0,0,
DERA,ALDOA,0,0,0,
TPI1,ALDOA,0,0,0,
ARNT-CREBBP,ALDOA,1,0,0,
KHK,ALDOA,0,0,0,
ALG2,ALG1,0,0,0,
ALG1,ALG1,-1,0,0,
ALG10B,ALG10B,-1,0,0,
ALG11,ALG11,-1,0,0,
ALG3,ALG11,0,0,0,
ALG12,ALG12,-1,0,0,
DPAGT1,ALG13-ALG14,0,0,0,
ALG1,ALG13-ALG14,0,0,0,
ALG13-ALG14,ALG13-ALG14,-1,0,0,
ALG11,ALG2,0,0,0,
ALG2,ALG2,-1,0,0,
ALG3,ALG3,-1,0,0,
ALG6,ALG5,0,0,0,
ALG5,ALG5,-1,0,0,
DOLPP1,ALG5,0,0,0,
ALG6,ALG6,-1,0,0,
ALG12,ALG9,0,0,0,
ALG9,ALG9,-1,0,0,
ALG6,ALG9,0,0,0,
CYP4A11,ALOX12,0,0,0,
CYP2E1,ALOX12,0,0,0,
CYP2U1,ALOX12,0,0,0,
CYP2C19,ALOX12,0,0,0,
ALOX15B,ALOX12,0,0,0,
CYP4F8,ALOX12,0,0,0,
ALOX12,ALOX12,-1,0,0,
CYP4F3,ALOX12,0,0,0,
ALOX12B,ALOX12,0,0,0,
CYP2B6,ALOX12,0,0,0,
ALOX12B,ALOX12B,-1,0,0,
ALOX15B,ALOX12B,0,0,0,
CYP4F8,ALOX12B,0,0,0,
CYP2C19,ALOX12B,0,0,0,
CYP2B6,ALOX12B,0,0,0,
CYP4A11,ALOX12B,0,0,0,
CYP4A11,ALOX15,0,0,0,
CYP2E1,ALOX15,0,0,0,
CYP1A2,ALOX15,0,0,0,
CYP2U1,ALOX15,0,0,0,
GPX6,ALOX15,0,0,0,
CYP2C19,ALOX15,0,0,0,
CYP2J2,ALOX15,0,0,0,
ALOX15B,ALOX15,0,0,0,
CYP3A4,ALOX15,0,0,0,
ALOX15,ALOX15,-1,0,0,
CYP4F8,ALOX15,0,0,0,
ALOX12,ALOX15,0,0,0,
CYP4F3,ALOX15,0,0,0,
ALOX12B,ALOX15,0,0,0,
CYP2C8,ALOX15,0,0,0,
CYP2B6,ALOX15,0,0,0,
ALOX12,ALOX15,1,0,0,
ALOX15B,ALOX15B,-1,0,0,
CYP4F8,ALOX15B,0,0,0,
CYP2C19,ALOX15B,0,0,0,
CYP2B6,ALOX15B,0,0,0,
CYP4A11,ALOX15B,0,0,0,
ALOX12B,ALOX5,0,0,0,
CYP2E1,ALOX5,0,0,0,
ALOX5,ALOX5,-1,0,0,
ALOX15B,ALOX5,0,0,0,
CYP2U1,ALOX5,0,0,0,
PLA2G4B,ALOX5,0,0,0,
CYP2B6,ALOX5,0,0,0,
GPX6,ALOX5,0,0,0,
CYP4F3,ALOX5,0,0,0,
CYP2C19,ALOX5,0,0,0,
ALOX12,ALOX5,0,0,0,
CYP4F8,ALOX5,0,0,0,
ALOX15,ALOX5,0,0,0,
CYP4A11,ALOX5,0,0,0,
GCH1,ALPI,0,0,0,
ALPI,ALPI,-1,0,0,
NXF1,ALYREF,0,0,0,
ALYREF,ALYREF,-1,0,0,
SAP18,ALYREF,0,0,0,
SLC27A5,AMACR,0,0,0,
AMACR,AMACR,-1,0,0,
ULK1,AMBRA1,1,0,0,
AMBRA1,AMBRA1,-1,0,0,
MAT2B,AMD1,0,0,0,
DNMT1,AMD1,0,0,0,
SMS,AMD1,0,0,0,
AMD1,AMD1,-1,0,0,
FTCD,AMDHD1,0,0,0,
AMDHD1,AMDHD1,-1,0,0,
NAGK,AMDHD2,0,0,0,
AMDHD2,AMDHD2,-1,0,0,
NFKB1,AMH,1,0,0,
SOX9,AMH,1,0,0,
AMH,AMH,-1,0,0,
GDF7,AMHR2,1,0,0,
AMHR2,AMHR2,-1,0,0,
MPP5,AMOT,0,0,0,
PRKCI,AMOT,0,0,0,
AMOT,AMOT,-1,0,0,
PATJ,AMOT,0,0,0,
MPDZ,AMOT,0,0,0,
NF2,AMOT,-1,0,0,
PDE7B,AMPD1,0,0,0,
AMPD1,AMPD1,-1,0,0,
PDE10A,AMPD1,0,0,0,
ADSL,AMPD1,0,0,0,
AK3,AMPD1,0,0,0,
NUDT16,AMPD1,0,0,0,
GMPR,AMPD1,0,0,0,
ENPP1,AMPD1,0,0,0,
ATIC,AMT,0,0,0,
DHFR,AMT,0,0,0,
SHMT1,AMT,0,0,0,
TYMS,AMT,0,0,0,
GART,AMT,0,0,0,
GLDC,AMT,0,0,0,
FTCD,AMT,0,0,0,
MTHFD2,AMT,0,0,0,
MTHFD1L,AMT,0,0,0,
AMT,AMT,-1,0,0,
AMY1A,AMY1A,-1,0,0,
MGAM,AMY1A,0,0,0,
MAD2L2,ANAPC10,-1,0,0,
FZR1,ANAPC10,0,0,0,
ANAPC10,ANAPC10,-1,0,0,
BUB1B-MAD2L2,ANAPC10,-1,0,0,
CCNE1-CDK2,ANAPC10,-1,0,0,
ANAPC10-CDC20,ANAPC10-CDC20,-1,0,0,
PPP3CA,ANAPC10-CDC20,1,0,0,
ANGPT1,ANGPT1,-1,0,0,
ARNT-CREBBP,ANGPT1,1,0,0,
ANGPTL4,ANGPTL4,-1,0,0,
PPARA-RXRA,ANGPTL4,1,0,0,
PPARD-RXRA,ANGPTL4,1,0,0,
PPARG-RXRA,ANGPTL4,1,0,0,
C00076,ANO2,1,0,0,
ANO2,ANO2,-1,0,0,
GCLC,ANPEP,0,0,0,
ANPEP,ANPEP,-1,0,0,
GSS,ANPEP,0,0,0,
GGCT,ANPEP,0,0,0,
GGT6,ANPEP,0,0,0,
HDC,AOC1,0,0,0,
ALDH2,AOC1,0,0,0,
AOC1,AOC1,-1,0,0,
ODC1,AOC1,0,0,0,
DDC,AOC1,0,0,0,
IL4I1,AOC1,0,0,0,
ALDH3A1,AOC2,0,0,0,
AOC2,AOC2,-1,0,0,
DBH,AOC2,0,0,0,
DDC,AOC2,0,0,0,
COMT,AOC2,0,0,0,
ACSF3,AOX1,0,0,0,
NNMT,AOX1,0,0,0,
ADH1A,AOX1,0,0,0,
RDH12,AOX1,0,0,0,
MAOA,AOX1,0,0,0,
DHRS4,AOX1,0,0,0,
DHRS9,AOX1,0,0,0,
EHHADH,AOX1,0,0,0,
PDXK,AOX1,0,0,0,
ASMT,AOX1,0,0,0,
STAT1-STAT1,AOX1,1,0,0,
PHOSPHO2,AOX1,0,0,0,
BCO1,AOX1,0,0,0,
SDR16C5,AOX1,0,0,0,
AOX1,AOX1,-1,0,0,
AGXT2,AOX1,0,0,0,
CLTA,AP2M1,0,0,0,
AP2M1,AP2M1,-1,0,0,
APAF1,APAF1,-1,0,0,
CYCS,APAF1,0,0,0,
TP53,APAF1,1,0,0,
RAP1A,APBB1IP,1,0,0,
APBB1IP,APBB1IP,-1,0,0,
AXIN1,APC2,0,0,0,
APC2,APC2,-1,0,0,
TBL1X,APC2,0,0,0,
APC2-AXIN1,APC2-AXIN1,-1,0,0,
APH1A-PSEN1,APH1A-PSEN1,-1,0,0,
APIP,APIP,-1,0,0,
APLN,APLN,-1,0,0,
APLNR,APLNR,-1,0,0,
APLN,APLNR,1,0,0,
APOA1,APOA1,-1,0,0,
PPARA-RXRA,APOA1,1,0,0,
APOA2,APOA2,-1,0,0,
PPARA-RXRA,APOA2,1,0,0,
APOA5,APOA5,-1,0,0,
PPARA-RXRA,APOA5,1,0,0,
APOC3,APOC3,-1,0,0,
PPARA-RXRA,APOC3,1,0,0,
ADIPOR1,APPL1,1,0,0,
APPL1,APPL1,-1,0,0,
GMPS,APRT,0,0,0,
GMPR,APRT,0,0,0,
AMPD1,APRT,0,0,0,
GUK1,APRT,0,0,0,
CANT1,APRT,0,0,0,
PNP,APRT,0,0,0,
PDE10A,APRT,0,0,0,
GDA,APRT,0,0,0,
ENTPD8,APRT,0,0,0,
ITPA,APRT,0,0,0,
APRT,APRT,-1,0,0,
PDE7B,APRT,0,0,0,
ADSL,APRT,0,0,0,
AK3,APRT,0,0,0,
AK6,APRT,0,0,0,
AQP1,AQP1,-1,0,0,
AQP2,AQP2,-1,0,0,
CREB3,AQP2,1,0,0,
PRKACA,AQP2,1,0,0,
AQP5,AQP5,-1,0,0,
C00076,AQP5,0,0,0,
AR,AR,-1,0,0,
ARAF,ARAF,-1,0,0,
RAP1A,ARAF,1,0,0,
HRAS,ARAF,1,0,0,
PRKCA,ARAF,1,0,0,
RRAS2,ARAF,1,0,0,
KRAS,ARAF,1,0,0,
RAP1A,ARAP3,1,0,0,
ARAP3,ARAP3,-1,0,0,
AREG,AREG,-1,0,0,
YAP1,AREG,1,0,0,
ARF1,ARF1,-1,0,0,
CYTH4,ARF1,1,0,0,
C05981,ARF1,1,0,0,
RALBP1,ARF6,1,0,0,
ARF6,ARF6,-1,0,0,
ASAP1,ARF6,1,0,0,
SYK,ARF6,1,0,0,
RAC1,ARF6,1,0,0,
ARG1,ARG1,-1,0,0,
ABHD14A-ACY1,ARG1,0,0,0,
AMOT,ARHGAP17,-1,0,0,
ARHGAP17,ARHGAP17,-1,0,0,
THY1,ARHGAP35,-1,0,0,
SRC,ARHGAP35,0,0,0,
ARHGAP35,ARHGAP35,-1,0,0,
NGFR,ARHGDIA,0,0,0,
PRKACA,ARHGDIA,1,0,0,
ARHGDIA,ARHGDIA,-1,0,0,
PLXNB2,ARHGEF12,0,0,0,
GNA13,ARHGEF12,1,0,0,
ARHGEF7,ARHGEF12,-1,0,0,
NEO1,ARHGEF12,0,0,0,
ARHGEF12,ARHGEF12,-1,0,0,
CGN,ARHGEF18,0,0,0,
STK11,ARHGEF18,1,0,0,
ARHGEF18,ARHGEF18,-1,0,0,
EPB41L4B,ARHGEF18,1,0,0,
ARHGEF2,ARHGEF2,-1,0,0,
CGN,ARHGEF2,-1,0,0,
CGNL1,ARHGEF2,-1,0,0,
ARHGEF6,ARHGEF6,-1,0,0,
RRAS2,ARHGEF6,1,0,0,
ARHGEF7,ARHGEF7,-1,0,0,
PAK4,ARHGEF7,0,0,0,
ARNT-CREBBP,ARNT-CREBBP,-1,0,0,
ARNTL,ARNTL,-1,0,0,
NR1D1,ARNTL,-1,0,0,
ARNTL-NPAS2,ARNTL-NPAS2,-1,0,0,
CRY1-PER2,ARNTL-NPAS2,-1,0,0,
WAS,ARPC5,1,0,0,
WASF2,ARPC5,1,0,0,
WASL,ARPC5,1,0,0,
WASF1-BRK1,ARPC5,1,0,0,
ACTB,ARPC5,0,0,0,
ARPC5,ARPC5,-1,0,0,
KIF3A,ARRB1,0,0,0,
SMO,ARRB1,0,0,0,
MAP2K4,ARRB1,0,0,0,
ARRB1,ARRB1,-1,0,0,
ARRB1-KIF3A,ARRB1-KIF3A,-1,0,0,
ARRB1-PPP2R3B,ARRB1-PPP2R3B,-1,0,0,
DRD2,ARRB1-PPP2R3B,1,0,0,
GALC,ARSA,0,0,0,
ARSA,ARSA,-1,0,0,
NEU3,ARSA,0,0,0,
UGT8,ARSA,0,0,0,
GLA,ARSA,0,0,0,
ARSB,ARSB,-1,0,0,
IDUA,ARSB,0,0,0,
ASAH1,ASAH1,-1,0,0,
SGPP2,ASAH1,0,0,0,
ASAP1,ASAP1,-1,0,0,
ASGR1,ASGR1,-1,0,0,
ASIC2,ASIC2,-1,0,0,
C00080,ASIC2,1,0,0,
ASIP,ASIP,-1,0,0,
ASL,ASL,-1,0,0,
ASS1,ASL,0,0,0,
CYP1A1,ASMT,0,0,0,
IDO2,ASMT,0,0,0,
ASMT,ASMT,-1,0,0,
CAD,ASNS,0,0,0,
ASS1,ASNS,0,0,0,
ASNS,ASNS,-1,0,0,
ADSS1,ASNS,0,0,0,
CAD,ASPA,0,0,0,
ASS1,ASPA,0,0,0,
ASRGL1,ASPA,0,0,0,
FOLH1,ASPA,0,0,0,
RIMKLA,ASPA,0,0,0,
ASNS,ASPA,0,0,0,
ADSS1,ASPA,0,0,0,
ASPA,ASPA,-1,0,0,
ASRGL1,ASRGL1,-1,0,0,
ADSS1,ASRGL1,0,0,0,
ASS1,ASRGL1,0,0,0,
CAD,ASRGL1,0,0,0,
ASS1,ASS1,-1,0,0,
ATF1-CREB3,ATF1-CREB3,-1,0,0,
CAMK1D,ATF1-CREB3,1,0,0,
PRKACA,ATF1-CREB3,1,0,0,
PRKD3,ATF1-CREB3,1,0,0,
ATF2,ATF2,-1,0,0,
MAPK14,ATF2,0,0,0,
ATF4,ATF4,-1,0,0,
MAPKAPK2,ATF4,1,0,0,
MAPKAPK3,ATF4,0,0,0,
RPS6KA6,ATF4,1,0,0,
RPS6KA5,ATF4,1,0,0,
RPS6KA4,ATF4,0,0,0,
CAMK4,ATF4,1,0,0,
MKNK2,ATF4,0,0,0,
PRKACA,ATF4,1,0,0,
EIF2S1,ATF4,1,0,0,
CREBBP,ATF4,0,0,0,
WFS1,ATF6B,-1,0,0,
ATF6B,ATF6B,-1,0,0,
ATG10,ATG10,-1,0,0,
ULK1,ATG101,0,0,0,
ATG101,ATG101,-1,0,0,
ATG13,ATG101,0,0,0,
ATG12,ATG12,-1,0,0,
ATG10,ATG12,1,0,0,
FOXO6,ATG12,1,0,0,
NOD2,ATG12,1,0,0,
ATG16L1,ATG12,0,0,0,
ATG7,ATG12,1,0,0,
ATG5,ATG12,0,0,0,
ATG12-ATG5,ATG12-ATG5,-1,0,0,
ATG13,ATG13,-1,0,0,
PRKACA,ATG13,-1,0,0,
RPTOR-DEPTOR,ATG13,-1,0,0,
ULK1,ATG13,1,0,0,
C9orf72,ATG13,0,0,0,
ATG14,ATG14,-1,0,0,
ATG13,ATG14,1,0,0,
UVRAG,ATG14,-1,0,0,
STX17,ATG14,1,0,0,
ULK1,ATG14,1,0,0,
WIPI2,ATG16L1,1,0,0,
NOD2,ATG16L1,1,0,0,
NOD1,ATG16L1,1,0,0,
ATG16L1,ATG16L1,-1,0,0,
RAB33B,ATG16L1,1,0,0,
RB1CC1,ATG16L1,1,0,0,
ATG2A,ATG2A,-1,0,0,
ULK1,ATG2A,1,0,0,
ATG3,ATG3,-1,0,0,
CFLAR,ATG3,-1,0,0,
ATG12-ATG5,ATG3,1,0,0,
ATG4A,ATG4A,-1,0,0,
FOXO1,ATG5,1,0,0,
ATG5,ATG5,-1,0,0,
ATG16L1,ATG5,0,0,0,
NOD2,ATG5,1,0,0,
ATG12,ATG5,0,0,0,
ATG5-ATG12,ATG5-ATG12,-1,0,0,
ATG16L1,ATG5-ATG12,0,0,0,
ATG7,ATG7,-1,0,0,
ATG13,ATG9B,1,0,0,
SH3GLB1,ATG9B,1,0,0,
SUPT20H,ATG9B,1,0,0,
ATG9B,ATG9B,-1,0,0,
GMPR,ATIC,0,0,0,
MTHFD2,ATIC,0,0,0,
ATIC,ATIC,-1,0,0,
DHFR,ATIC,0,0,0,
APRT,ATIC,0,0,0,
ADSL,ATIC,0,0,0,
ADSS1,ATIC,0,0,0,
AMPD1,ATIC,0,0,0,
ATM,ATM,-1,0,0,
FOXO6,ATM,1,0,0,
ATOX1,ATOX1,-1,0,0,
C00070,ATOX1,0,0,0,
ATP12A,ATP12A,-1,0,0,
KL,ATP1B4,1,0,0,
PIK3CA,ATP1B4,1,0,0,
MAPK1,ATP1B4,1,0,0,
FXYD1,ATP1B4,0,0,0,
ATP1B4,ATP1B4,-1,0,0,
NR3C2,ATP1B4,1,0,0,
PRKG1,ATP1B4,1,0,0,
PRKACA,ATP1B4,1,0,0,
PLN,ATP2A1,0,0,0,
HRC,ATP2A1,0,0,0,
THRB,ATP2A1,1,0,0,
THRA,ATP2A1,1,0,0,
ATP2A1,ATP2A1,-1,0,0,
VDR,ATP2B1,1,0,0,
ESR1,ATP2B1,1,0,0,
ATP2B1,ATP2B1,-1,0,0,
PRKG1,ATP2B1,1,0,0,
PRKACA,ATP2B1,1,0,0,
ATP6AP2,ATP6AP2,-1,0,0,
REN,ATP6AP2,1,0,0,
ATP6V1G3,ATP6V1G3,-1,0,0,
ATR,ATR,-1,0,0,
TELO2,ATR,1,0,0,
ATRIP-ATR,ATRIP-ATR,-1,0,0,
ATXN1L,ATXN1L,-1,0,0,
AUH,AUH,-1,0,0,
HMGCS1,AUH,0,0,0,
HMGCL,AUH,0,0,0,
AURKA,AURKA,-1,0,0,
AVP,AVP,-1,0,0,
AVPR1A,AVPR1A,-1,0,0,
AVP,AVPR1A,1,0,0,
GNA13,AVPR1A,1,0,0,
AVP,AVPR2,1,0,0,
AVPR2,AVPR2,-1,0,0,
ADH1A,AWAT2,0,0,0,
DHRS9,AWAT2,0,0,0,
CYP26A1,AWAT2,0,0,0,
RETSAT,AWAT2,0,0,0,
RPE65,AWAT2,0,0,0,
AWAT2,AWAT2,-1,0,0,
RDH12,AWAT2,0,0,0,
CSNK1A1L,AXIN1,0,0,0,
LEF1-TEAD1,AXIN1,1,0,0,
AXIN1,AXIN1,-1,0,0,
ARG1,AZIN2,0,0,0,
GATM,AZIN2,0,0,0,
NOS1,AZIN2,0,0,0,
AZIN2,AZIN2,-1,0,0,
B3GALNT1,B3GALNT1,-1,0,0,
A3GALT2,B3GALNT1,0,0,0,
B4GALT1,B3GALNT1,0,0,0,
B4GALT4,B3GALNT1,0,0,0,
B4GALT3,B3GALNT1,0,0,0,
B4GALT2,B3GALNT1,0,0,0,
GLA,B3GALNT1,0,0,0,
NAGA,B3GALNT1,0,0,0,
A4GALT,B3GALNT1,0,0,0,
B3GALT5,B3GALNT1,0,0,0,
B4GALT1,B3GALT1,0,0,0,
B4GALT2,B3GALT1,0,0,0,
B4GALT4,B3GALT1,0,0,0,
B4GALT3,B3GALT1,0,0,0,
B3GNT5,B3GALT1,0,0,0,
B3GALT1,B3GALT1,-1,0,0,
B4GALT1,B3GALT2,0,0,0,
B4GALT2,B3GALT2,0,0,0,
B4GALT3,B3GALT2,0,0,0,
B4GALT4,B3GALT2,0,0,0,
B3GNT5,B3GALT2,0,0,0,
B3GALT2,B3GALT2,-1,0,0,
ST3GAL1,B3GALT4,0,0,0,
B3GALT4,B3GALT4,-1,0,0,
HEXA,B3GALT4,0,0,0,
B4GALNT1,B3GALT4,0,0,0,
B4GALT1,B3GALT5,0,0,0,
B4GALT2,B3GALT5,0,0,0,
B4GALT3,B3GALT5,0,0,0,
B4GALT4,B3GALT5,0,0,0,
B3GNT5,B3GALT5,0,0,0,
B3GALT5,B3GALT5,-1,0,0,
B3GAT3,B3GALT6,0,0,0,
B4GALT7,B3GALT6,0,0,0,
B3GALT6,B3GALT6,-1,0,0,
B3GAT3,B3GAT3,-1,0,0,
CSGALNACT2,B3GAT3,0,0,0,
B4GALT4,B3GNT3,0,0,0,
B4GALT2,B3GNT3,0,0,0,
B4GALT3,B3GNT3,0,0,0,
ST3GAL6,B3GNT3,0,0,0,
B3GNT3,B3GNT3,-1,0,0,
FUT9,B3GNT3,0,0,0,
FUT3,B3GNT3,0,0,0,
FUT4,B3GNT3,0,0,0,
B4GALT4,B3GNT5,0,0,0,
B4GALT2,B3GNT5,0,0,0,
B4GALT3,B3GNT5,0,0,0,
B3GNT5,B3GNT5,-1,0,0,
GCNT1,B3GNT6,0,0,0,
GCNT3,B3GNT6,0,0,0,
B3GNT6,B3GNT6,-1,0,0,
ST6GALNAC1,B3GNT6,0,0,0,
SLC33A1,B4GALNT1,0,0,0,
B3GALT4,B4GALNT1,0,0,0,
ST3GAL5,B4GALNT1,0,0,0,
GLB1,B4GALNT1,0,0,0,
B4GALNT1,B4GALNT1,-1,0,0,
ST8SIA1,B4GALNT1,0,0,0,
ST8SIA5,B4GALNT1,0,0,0,
GCNT2,B4GALT1,0,0,0,
FUT1,B4GALT1,0,0,0,
FUT3,B4GALT1,0,0,0,
FUT4,B4GALT1,0,0,0,
FUT9,B4GALT1,0,0,0,
FUT8,B4GALT1,0,0,0,
B3GNT3,B4GALT1,0,0,0,
B3GNT5,B4GALT1,0,0,0,
LCT,B4GALT1,0,0,0,
GLB1,B4GALT1,0,0,0,
B4GALT1,B4GALT1,-1,0,0,
ST3GAL6,B4GALT1,0,0,0,
B4GALT2,B4GALT2,-1,0,0,
FUT3,B4GALT3,0,0,0,
FUT9,B4GALT3,0,0,0,
B4GALT3,B4GALT3,-1,0,0,
FUT3,B4GALT4,0,0,0,
FUT9,B4GALT4,0,0,0,
B4GALT4,B4GALT4,-1,0,0,
GCNT1,B4GALT5,0,0,0,
B4GALT5,B4GALT5,-1,0,0,
GBA,B4GALT6,0,0,0,
UGCG,B4GALT6,0,0,0,
B4GALT6,B4GALT6,-1,0,0,
XYLT1,B4GALT7,0,0,0,
B4GALT7,B4GALT7,-1,0,0,
SCP2,BAAT,0,0,0,
GGT6,BAAT,0,0,0,
GAD1,BAAT,0,0,0,
BAAT,BAAT,-1,0,0,
CSAD,BAAT,0,0,0,
ACOT8,BAAT,0,0,0,
SLC27A5,BAAT,0,0,0,
BAD,BAD,-1,0,0,
PRKACA,BAD,-1,0,0,
MAP2K1,BAD,-1,0,0,
YWHAQ,BAD,-1,0,0,
AKT3,BAD,-1,0,0,
MAPK8,BAD,1,0,0,
RAF1,BAD,-1,0,0,
PRKG1,BAD,1,0,0,
BAG4,BAG4,-1,0,0,
TNFRSF1A,BAG4,0,0,0,
DIAPH3,BAIAP2,1,0,0,
RAC1,BAIAP2,1,0,0,
BAIAP2,BAIAP2,-1,0,0,
BCL2L1,BAK1,-1,0,0,
TP53,BAK1,1,0,0,
BCL2,BAK1,-1,0,0,
BAK1,BAK1,-1,0,0,
BAMBI,BAMBI,-1,0,0,
BAX,BAX,-1,0,0,
BCL2L1,BAX,-1,0,0,
MAPK14,BAX,1,0,0,
BID,BAX,1,0,0,
TP53,BAX,1,0,0,
BCL2L11,BAX,1,0,0,
MAPK8,BAX,1,0,0,
BCL2,BAX,-1,0,0,
SIRT1,BAX,-1,0,0,
BBC3,BBC3,-1,0,0,
YAP1-TP73,BBC3,1,0,0,
TP53,BBC3,1,0,0,
BBOX1,BBOX1,-1,0,0,
PRKCA,BCAR1,0,0,0,
PTK2,BCAR1,0,0,0,
RHOA,BCAR1,0,0,0,
BCAR1,BCAR1,-1,0,0,
BCAT1,BCAT1,-1,0,0,
CTH,BCAT1,0,0,0,
BCKDHA,BCAT1,0,0,0,
DLD,BCKDHA,0,0,0,
BCAT1,BCKDHA,0,0,0,
BCKDHA,BCKDHA,-1,0,0,
BCL10,BCL10,-1,0,0,
CREM,BCL2,-1,0,0,
PMAIP1,BCL2,-1,0,0,
BAD,BCL2,-1,0,0,
BBC3,BCL2,-1,0,0,
AKT3,BCL2,1,0,0,
SIVA1,BCL2,-1,0,0,
CTSC,BCL2,-1,0,0,
PPP2R3B,BCL2,-1,0,0,
MAPK8,BCL2,-1,0,0,
MAPK1,BCL2,0,0,0,
NCOA2-ESR1,BCL2,1,0,0,
NR4A1,BCL2,-1,0,0,
BCL2L11,BCL2,-1,0,0,
NFKB1-RELA,BCL2,1,0,0,
CREB3,BCL2,1,0,0,
ARNT-CREBBP,BCL2,1,0,0,
BCL2,BCL2,-1,0,0,
STAT1-STAT1,BCL2,1,0,0,
GLI1,BCL2,-1,0,0,
DDIT3,BCL2,-1,0,0,
ATF4,BCL2,1,0,0,
BAD,BCL2-BCL2L1,-1,0,0,
BNIP3,BCL2-BCL2L1,-1,0,0,
BCL2-BCL2L1,BCL2-BCL2L1,-1,0,0,
MAPK8,BCL2-BCL2L1,-1,0,0,
NFKB1-RELA,BCL2A1,1,0,0,
NFKB1,BCL2A1,1,0,0,
BCL2A1,BCL2A1,-1,0,0,
NFKB1-RELA,BCL2L1,1,0,0,
BCL2L11,BCL2L1,-1,0,0,
STAT1-STAT1,BCL2L1,1,0,0,
MAPK8,BCL2L1,-1,0,0,
CTSC,BCL2L1,-1,0,0,
SIVA1,BCL2L1,-1,0,0,
PMAIP1,BCL2L1,-1,0,0,
BBC3,BCL2L1,-1,0,0,
DDIT3,BCL2L1,-1,0,0,
BAD,BCL2L1,-1,0,0,
NFKB1,BCL2L1,1,0,0,
BCL2L1,BCL2L1,-1,0,0,
FOS,BCL2L11,1,0,0,
FOXO6,BCL2L11,1,0,0,
FOXO3,BCL2L11,1,0,0,
JUN,BCL2L11,1,0,0,
MCL1,BCL2L11,-1,0,0,
BCL2L11,BCL2L11,-1,0,0,
FOXO6,BCL6,1,0,0,
BCL6,BCL6,-1,0,0,
SDR16C5,BCO1,0,0,0,
BCO1,BCO1,-1,0,0,
BDH2,BDH2,-1,0,0,
HMGCL,BDH2,0,0,0,
KNG1,BDKRB1,1,0,0,
BDKRB1,BDKRB1,-1,0,0,
KLK1,BDKRB2,1,0,0,
KNG1,BDKRB2,1,0,0,
BDKRB2,BDKRB2,-1,0,0,
CREB3,BDNF,1,0,0,
BDNF,BDNF,-1,0,0,
AMBRA1,BECN2,1,0,0,
VMP1,BECN2,1,0,0,
ATG14,BECN2,0,0,0,
ITPR1,BECN2,-1,0,0,
DAPK1,BECN2,1,0,0,
UVRAG,BECN2,1,0,0,
BCL2-BCL2L1,BECN2,-1,0,0,
ULK1,BECN2,1,0,0,
HMGB1,BECN2,1,0,0,
BECN2,BECN2,-1,0,0,
C00076,BEST2,0,0,0,
BEST2,BEST2,-1,0,0,
BET1,BET1,-1,0,0,
BEX3,BEX3,-1,0,0,
NGFR,BEX3,1,0,0,
BHLHE41,BHLHE41,-1,0,0,
ARNTL-NPAS2,BHLHE41,1,0,0,
BHMT,BHMT,-1,0,0,
ALDH7A1,BHMT,0,0,0,
BHMT2,BHMT2,-1,0,0,
CASP10,BID,1,0,0,
CTSD,BID,1,0,0,
CTSC,BID,1,0,0,
BID,BID,-1,0,0,
GZMB,BID,1,0,0,
TP53,BID,1,0,0,
MAPK8,BID,1,0,0,
CASP8,BID,1,0,0,
CASP2-PIDD1,BID,1,0,0,
SEPTIN4,BIRC2,-1,0,0,
NFKB1,BIRC2,1,0,0,
DIABLO,BIRC2,-1,0,0,
CTSC,BIRC2,-1,0,0,
HTRA2,BIRC2,-1,0,0,
TRAF2,BIRC2,1,0,0,
BIRC2,BIRC2,-1,0,0,
ELK1,BIRC2,1,0,0,
LEF1-TEAD1,BIRC2,1,0,0,
NFKB1-RELA,BIRC2,1,0,0,
YAP1,BIRC5,1,0,0,
BIRC5,BIRC5,-1,0,0,
BLM-RMI1,BLM-RMI1,-1,0,0,
PLCG2,BLNK,0,0,0,
VAV3,BLNK,0,0,0,
BTK,BLNK,0,0,0,
BLNK,BLNK,-1,0,0,
SYK,BLNK,0,0,0,
HMOX1,BLVRA,0,0,0,
BLVRA,BLVRA,-1,0,0,
ACP1,BLVRB,0,0,0,
BLVRB,BLVRB,-1,0,0,
BMP15,BMP15,-1,0,0,
BMP2,BMP2,-1,0,0,
THRA,BMP4,1,0,0,
BMP4,BMP4,-1,0,0,
BMP5,BMP5,-1,0,0,
BMP6,BMP6,-1,0,0,
BMP7,BMP7,-1,0,0,
BMP7-GDF7,BMP7-GDF7,-1,0,0,
BMP8A,BMP8A,-1,0,0,
RGMB,BMPR1A,0,0,0,
INHBB,BMPR1A,1,0,0,
SMAD2,BMPR1A,1,0,0,
BMP4,BMPR1A,1,0,0,
BMP2,BMPR1A,1,0,0,
BAMBI,BMPR1A,-1,0,0,
BMPR1A,BMPR1A,-1,0,0,
GDF7,BMPR1A,1,0,0,
BMP7,BMPR1A-ACVR2A,1,0,0,
BMP2,BMPR1A-ACVR2A,1,0,0,
BMP6,BMPR1A-ACVR2A,1,0,0,
BMP5,BMPR1A-ACVR2A,1,0,0,
BMP4,BMPR1A-ACVR2A,1,0,0,
GDF7,BMPR1A-ACVR2A,1,0,0,
GDF6,BMPR1A-ACVR2A,1,0,0,
GDF5,BMPR1A-ACVR2A,1,0,0,
BMPR1A-ACVR2A,BMPR1A-ACVR2A,-1,0,0,
BMP8A,BMPR1A-ACVR2A,1,0,0,
BMP7,BMPR1A-ACVR2B,1,0,0,
BMP2,BMPR1A-ACVR2B,1,0,0,
BMP6,BMPR1A-ACVR2B,1,0,0,
BMP5,BMPR1A-ACVR2B,1,0,0,
BMP4,BMPR1A-ACVR2B,1,0,0,
GDF7,BMPR1A-ACVR2B,1,0,0,
GDF6,BMPR1A-ACVR2B,1,0,0,
GDF5,BMPR1A-ACVR2B,1,0,0,
BMPR1A-ACVR2B,BMPR1A-ACVR2B,-1,0,0,
BMP8A,BMPR1A-ACVR2B,1,0,0,
BMP8A,BMPR1A-BMPR2,1,0,0,
BMP2,BMPR1A-BMPR2,1,0,0,
BMP5,BMPR1A-BMPR2,1,0,0,
BMP6,BMPR1A-BMPR2,1,0,0,
BMP4,BMPR1A-BMPR2,1,0,0,
BMP7,BMPR1A-BMPR2,1,0,0,
BMPR1A-BMPR2,BMPR1A-BMPR2,-1,0,0,
GDF6,BMPR1A-BMPR2,1,0,0,
GDF7,BMPR1A-BMPR2,1,0,0,
GDF5,BMPR1A-BMPR2,1,0,0,
BMPR1B-ACVR2A,BMPR1B-ACVR2A,-1,0,0,
BMP8A,BMPR1B-ACVR2A,1,0,0,
BMP6,BMPR1B-ACVR2A,1,0,0,
BMP7,BMPR1B-ACVR2A,1,0,0,
BMP5,BMPR1B-ACVR2A,1,0,0,
BMPR1B-ACVR2B,BMPR1B-ACVR2B,-1,0,0,
BMP8A,BMPR1B-ACVR2B,1,0,0,
GDF7,BMPR1B-ACVR2B,1,0,0,
GDF5,BMPR1B-ACVR2B,1,0,0,
GDF6,BMPR1B-ACVR2B,1,0,0,
BMP2,BMPR1B-ACVR2B,1,0,0,
BMP6,BMPR1B-ACVR2B,1,0,0,
BMP7,BMPR1B-ACVR2B,1,0,0,
BMP4,BMPR1B-ACVR2B,1,0,0,
BMP5,BMPR1B-ACVR2B,1,0,0,
BMP7-GDF7,BMPR1B-BMPR2,1,0,0,
BMPR1B-BMPR2,BMPR1B-BMPR2,-1,0,0,
TRPC1,BMPR2,1,0,0,
BMPR2,BMPR2,-1,0,0,
BMPR1A,BMPR2,0,0,0,
BMPR2-ACVR1,BMPR2-ACVR1,-1,0,0,
BMP8A,BMPR2-ACVR1,1,0,0,
BMP7,BMPR2-ACVR1,1,0,0,
BMP5,BMPR2-ACVR1,1,0,0,
BMP6,BMPR2-ACVR1,1,0,0,
BMP15,BMPR2-BMPR1B,1,0,0,
GDF5,BMPR2-BMPR1B,1,0,0,
GDF7,BMPR2-BMPR1B,1,0,0,
GDF6,BMPR2-BMPR1B,1,0,0,
BMP2,BMPR2-BMPR1B,1,0,0,
BMP7,BMPR2-BMPR1B,1,0,0,
BMP4,BMPR2-BMPR1B,1,0,0,
BMP6,BMPR2-BMPR1B,1,0,0,
BMP5,BMPR2-BMPR1B,1,0,0,
BMPR2-BMPR1B,BMPR2-BMPR1B,-1,0,0,
BMP8A,BMPR2-BMPR1B,1,0,0,
SEC22B,BNIP1-USE1,1,0,0,
BNIP1-USE1,BNIP1-USE1,-1,0,0,
HIF1A,BNIP3,1,0,0,
FOXO6,BNIP3,1,0,0,
BNIP3,BNIP3,-1,0,0,
SHH,BOC,1,0,0,
BOC,BOC,-1,0,0,
GAPDH,BPGM,0,0,0,
PGK1,BPGM,0,0,0,
BPGM,BPGM,-1,0,0,
PAPSS2,BPNT1,0,0,0,
BPNT1,BPNT1,-1,0,0,
BRAF,BRAF,-1,0,0,
RRAS2,BRAF,1,0,0,
HRAS,BRAF,1,0,0,
RAP1A,BRAF,1,0,0,
BRAP,BRAP,-1,0,0,
RRAS2,BRAP,-1,0,0,
HRAS,BRAP,1,0,0,
BRCA1,BRCA1,-1,0,0,
ATR,BRCA1,0,0,0,
BRCA2,BRCA2,-1,0,0,
FANCD2,BRCA2,1,0,0,
BRCC3,BRCC3,-1,0,0,
BRIP1,BRIP1,-1,0,0,
CCKAR,BST1,1,0,0,
NNMT,BST1,0,0,0,
NADSYN1,BST1,0,0,0,
PNP,BST1,0,0,0,
BST1,BST1,-1,0,0,
NMNAT2,BST1,0,0,0,
ENPP1,BST1,0,0,0,
NUDT12,BST1,0,0,0,
PRKG1,BST1,1,0,0,
NAMPT,BST1,0,0,0,
BTC,BTC,-1,0,0,
BTD,BTD,-1,0,0,
HLCS,BTD,0,0,0,
BTK,BTK,-1,0,0,
BLNK,BTK,0,0,0,
SYK,BTK,1,0,0,
TNFRSF11A,BTK,1,0,0,
LYN,BTK,1,0,0,
PIK3CA,BTK,0,0,0,
TRAF2-TRAF3,BTK,1,0,0,
PTPN6,BTK,-1,0,0,
BTK-BLNK,BTK-BLNK,-1,0,0,
RPS6KA6,BUB1,1,0,0,
BUB1,BUB1,-1,0,0,
BUB1B-MAD2L2,BUB1B-MAD2L2,-1,0,0,
BUB3,BUB3,-1,0,0,
BUB1,BUB3,0,0,0,
BVES,BVES,-1,0,0,
C00002,C00002,-1,0,0,
C00003,C00003,-1,0,0,
PRKAG2,C00003,1,0,0,
C00007,C00007,-1,0,0,
C00008,C00008,-1,0,0,
C00011,C00011,-1,0,0,
C00020,C00020,-1,0,0,
C00025,C00025,-1,0,0,
C00026,C00026,-1,0,0,
C00027,C00027,-1,0,0,
RAB39B,C00035,0,0,0,
C00035,C00035,-1,0,0,
C00037,C00037,-1,0,0,
MT1A,C00038,0,0,0,
C00038,C00038,-1,0,0,
C00042,C00042,-1,0,0,
RAB39B,C00044,0,0,0,
C00044,C00044,-1,0,0,
HRAS,C00044,0,0,0,
C00049,C00049,-1,0,0,
C00062,C00062,-1,0,0,
ADCY1,C00064,1,0,0,
C00064,C00064,-1,0,0,
C00064,C00064,1,0,0,
C00070,C00070,-1,0,0,
C00070,C00070,1,0,0,
C00072,C00072,-1,0,0,
PLCB1,C00076,1,0,0,
HTR7,C00076,1,0,0,
ITPR1,C00076,1,0,0,
RCVRN,C00076,0,0,0,
CACNA1A,C00076,0,0,0,
RYR1,C00076,0,0,0,
PLCG1,C00076,1,0,0,
APPL1,C00076,1,0,0,
S100G,C00076,0,0,0,
C00076,C00076,-1,0,0,
SMO,C00076,1,0,0,
RYK,C00076,1,0,0,
FZD3,C00076,1,0,0,
C00080,C00080,-1,0,0,
C00082,C00082,-1,0,0,
C00083,C00083,-1,0,0,
C00089,C00089,-1,0,0,
C00095,C00095,-1,0,0,
C00099,C00099,-1,0,0,
C00123,C00123,-1,0,0,
C00130,C00130,-1,0,0,
C00942,C00144,1,0,0,
C00144,C00144,-1,0,0,
C00149,C00149,-1,0,0,
C00155,C00155,-1,0,0,
C00158,C00158,-1,0,0,
FABP2,C00162,0,0,0,
FABP1,C00162,0,0,0,
FABP4,C00162,0,0,0,
C00162,C00162,-1,0,0,
PLCB1,C00165,1,0,0,
PLCD3,C00165,1,0,0,
PLCE1,C00165,1,0,0,
PLCG2,C00165,1,0,0,
PLCG1,C00165,1,0,0,
PLPP1,C00165,1,0,0,
C00165,C00165,-1,0,0,
C00186,C00186,-1,0,0,
C00195,C00195,-1,0,0,
C00212,C00212,-1,0,0,
PLAAT3,C00219,1,0,0,
PLA2G6,C00219,1,0,0,
C00219,C00219,-1,0,0,
PLA2G4B,C00219,1,0,0,
C00245,C00245,-1,0,0,
C00288,C00288,-1,0,0,
FGA,C00290,1,0,0,
C00290,C00290,-1,0,0,
F13A1,C00290,1,0,0,
C00305,C00305,-1,0,0,
C00334,C00334,-1,0,0,
C00338,C00338,-1,0,0,
C00350,C00350,-1,0,0,
GYS1,C00369,1,0,0,
C00369,C00369,-1,0,0,
PYGB,C00369,-1,0,0,
C00376,C00376,-1,0,0,
C00388,C00388,-1,0,0,
C00400,C00400,-1,0,0,
C00410,C00410,-1,0,0,
C00416,C00416,-1,0,0,
PLD1,C00416,1,0,0,
C00427,C00427,-1,0,0,
PTGS1,C00427,1,0,0,
C00469,C00469,-1,0,0,
C00473,C00473,-1,0,0,
C00483,C00483,-1,0,0,
C00506,C00506,-1,0,0,
C00533,C00533,-1,0,0,
NOS3,C00533,1,0,0,
NOS1,C00533,1,0,0,
C00547,C00547,-1,0,0,
C00575,C00575,-1,0,0,
GPR161,C00575,1,0,0,
PDE3B,C00575,-1,0,0,
ADCY6,C00575,1,0,0,
ADCY5,C00575,1,0,0,
ADCY2,C00575,1,0,0,
ADCY3,C00575,1,0,0,
ADCY1,C00575,1,0,0,
ADCY10,C00575,1,0,0,
HTR7,C00575,1,0,0,
RAPGEF3,C00575,1,0,0,
HTR7,C00575,1,0,0,
C00584,C00584,-1,0,0,
C00639,C00639,-1,0,0,
C00665,C00665,-1,0,0,
C00681,C00681,-1,0,0,
C00695,C00695,-1,0,0,
C00696,C00696,-1,0,0,
C00698,C00698,-1,0,0,
C00704,C00704,-1,0,0,
CYBB,C00704,1,0,0,
C00735,C00735,-1,0,0,
C00735,C00762,0,0,0,
C00762,C00762,-1,0,0,
C00780,C00780,-1,0,0,
C00788,C00788,-1,0,0,
C00808,C00808,-1,0,0,
C00903,C00903,-1,0,0,
GUCY1A2,C00942,1,0,0,
C00942,C00942,-1,0,0,
GUCY2F,C00942,1,0,0,
GUCY2D,C00942,1,0,0,
NPR1,C00942,1,0,0,
NPR2,C00942,1,0,0,
C00951,C00951,-1,0,0,
C01060,C01060,-1,0,0,
C01089,C01089,-1,0,0,
PIK3C3,C01194,1,0,0,
C01194,C01194,-1,0,0,
PLCB1,C01245,1,0,0,
PLCD3,C01245,1,0,0,
PLCE1,C01245,1,0,0,
PLCG2,C01245,1,0,0,
PLCG1,C01245,1,0,0,
C01245,C01245,-1,0,0,
C01312,C01312,-1,0,0,
C01327,C01327,-1,0,0,
PRKACA,C01330,1,0,0,
C01330,C01330,-1,0,0,
C01516,C01516,-1,0,0,
C01598,C01598,-1,0,0,
C01673,C01673,-1,0,0,
C01780,C01780,-1,0,0,
C01829,C01829,-1,0,0,
C01996,C01996,-1,0,0,
RHO,C02110,0,0,0,
C02110,C02110,-1,0,0,
AGTR1,C02135,1,0,0,
C02135,C02135,-1,0,0,
C02140,C02140,-1,0,0,
C02165,C02165,-1,0,0,
C02166,C02166,-1,0,0,
C02198,C02198,-1,0,0,
TBXAS1,C02198,1,0,0,
C02265,C02265,-1,0,0,
C02465,C02465,-1,0,0,
C02515,C02515,-1,0,0,
C03582,C03582,-1,0,0,
C03758,C03758,-1,0,0,
MTMR3,C04549,-1,0,0,
C04549,C04549,-1,0,0,
MTMR14,C04549,-1,0,0,
C04598,C04598,-1,0,0,
C04637,C04637,-1,0,0,
PIP5K1C,C04637,1,0,0,
C05113,C05113,-1,0,0,
C00082,C05606,0,0,0,
C05606,C05606,-1,0,0,
C05776,C05776,-1,0,0,
C05956,C05956,-1,0,0,
PTGS1,C05956,1,0,0,
C05965,C05965,-1,0,0,
INPPL1,C05981,-1,0,0,
RAF1,C05981,1,0,0,
PIK3CA,C05981,1,0,0,
PIK3R6,C05981,1,0,0,
PTEN,C05981,-1,0,0,
INPP5A,C05981,-1,0,0,
INPP5D,C05981,-1,0,0,
C05981,C05981,-1,0,0,
SPHK2,C06124,1,0,0,
C06124,C06124,-1,0,0,
PLA2G4B,C06254,1,0,0,
C06254,C06254,-1,0,0,
C06314,C06314,-1,0,0,
C06865,C06865,-1,0,0,
C06866,C06866,-1,0,0,
C07056,C07056,-1,0,0,
C07151,C07151,-1,0,0,
C07600,C07600,-1,0,0,
C07909,C07909,-1,0,0,
C09155,C09155,-1,0,0,
C09179,C09179,-1,0,0,
C09844,C09844,-1,0,0,
C11695,C11695,-1,0,0,
C12270,C12270,-1,0,0,
C12271,C12271,-1,0,0,
C12272,C12272,-1,0,0,
C12284,C12284,-1,0,0,
C12284,C12284,1,0,0,
C13050,C13050,-1,0,0,
CD38,C13050,1,0,0,
BST1,C13050,1,0,0,
C13051,C13051,-1,0,0,
BST1,C13051,1,0,0,
C13856,C13856,-1,0,0,
C14748,C14748,-1,0,0,
C14767,C14767,-1,0,0,
C14768,C14768,-1,0,0,
C14771,C14771,-1,0,0,
C14818,C14818,-1,0,0,
C14819,C14819,-1,0,0,
C15493,C15493,-1,0,0,
C15848,C15848,-1,0,0,
C15849,C15849,-1,0,0,
C15850,C15850,-1,0,0,
C15890,C15890,-1,0,0,
C15995,C15995,-1,0,0,
C16511,C16511,-1,0,0,
C16512,C16512,-1,0,0,
C16845,C16845,-1,0,0,
C19317,C19317,-1,0,0,
C1GALT1C1,C1GALT1C1,-1,0,0,
ST6GALNAC1,C1GALT1C1,0,0,0,
B3GNT6,C1GALT1C1,0,0,0,
ST3GAL1,C1GALT1C1,0,0,0,
POC1B-GALNT4,C1GALT1C1,0,0,0,
GCNT1,C1GALT1C1,0,0,0,
C1QA,C1QA,-1,0,0,
SERPING1,C1QA,-1,0,0,
MBL2-MASP2,C2,1,0,0,
C2,C2,-1,0,0,
C1QA,C2,1,0,0,
C20171,C20171,-1,0,0,
C20640,C20640,-1,0,0,
CGAS,C20640,1,0,0,
C20698,C20698,-1,0,0,
C20792,C20792,-1,0,0,
C20793,C20793,-1,0,0,
C20970,C20970,-1,0,0,
C20971,C20971,-1,0,0,
C3,C3,-1,0,0,
CFB,C3,1,0,0,
CFD,C3,1,0,0,
C3AR1,C3AR1,-1,0,0,
C3,C3AR1,1,0,0,
C4A,C4A,-1,0,0,
MBL2-MASP2,C4A,1,0,0,
C1QA,C4A,1,0,0,
C5,C5,-1,0,0,
C5,C5AR1,1,0,0,
C5AR1,C5AR1,-1,0,0,
C8orf44-SGK3,C8orf44-SGK3,-1,0,0,
PDPK1,C8orf44-SGK3,1,0,0,
C9orf72,C9orf72,-1,0,0,
RAB1A,C9orf72,1,0,0,
C9orf72-WDR41,C9orf72-WDR41,-1,0,0,
KCNJ3,CACNA1A,-1,0,0,
GNB5,CACNA1A,-1,0,0,
RYR1,CACNA1A,0,0,0,
PRKCA,CACNA1A,0,0,0,
CACNA1A,CACNA1A,-1,0,0,
PRKCA,CACNA1A,1,0,0,
PPP3CA,CACNA1C,-1,0,0,
HTR2A,CACNA1C,1,0,0,
KCNMB2,CACNA1C,-1,0,0,
PRKACA,CACNA1C,1,0,0,
GRIN1,CACNA1C,1,0,0,
PRKG1,CACNA1C,-1,0,0,
CALML6,CACNA1C,0,0,0,
PPP1CA,CACNA1C,-1,0,0,
CACNA1C,CACNA1C,-1,0,0,
GRIN1,CACNA1I,1,0,0,
CACNA1I,CACNA1I,-1,0,0,
PPP2R3B,CACNG3,-1,0,0,
PRKACA,CACNG3,1,0,0,
OXTR,CACNG3,1,0,0,
PPP1CA,CACNG3,-1,0,0,
CAMK2A,CACNG3,1,0,0,
CACNG3,CACNG3,-1,0,0,
SIAH1,CACYBP,0,0,0,
CACYBP,CACYBP,-1,0,0,
ADSS1,CAD,0,0,0,
ASS1,CAD,0,0,0,
CAD,CAD,-1,0,0,
PPAT,CAD,0,0,0,
CADM1,CADM1,-1,0,0,
CADM3,CADM3,-1,0,0,
ESR1,CALB1,1,0,0,
CALB1,CALB1,-1,0,0,
C00076,CALB1,0,0,0,
VDR,CALB1,1,0,0,
CALCA,CALCA,-1,0,0,
CREB1,CALCR,1,0,0,
NFATC1,CALCR,1,0,0,
FOS,CALCR,1,0,0,
CALCR,CALCR,-1,0,0,
CALCA,CALCRL,1,0,0,
ADM,CALCRL,1,0,0,
CALCRL,CALCRL,-1,0,0,
C06865,CALCRL,1,0,0,
CALD1,CALD1,-1,0,0,
MAPK1,CALD1,1,0,0,
CHRM3,CALHM1,1,0,0,
SCN2A,CALHM1,1,0,0,
CALHM1,CALHM1,-1,0,0,
PLCB1,CALML6,0,0,0,
PHKA1,CALML6,0,0,0,
ITPR1,CALML6,0,0,0,
CALML6,CALML6,-1,0,0,
CAMK1D,CALML6,0,0,0,
PLCG1,CALML6,1,0,0,
CACNA1I,CALML6,0,0,0,
CACNA1C,CALML6,0,0,0,
RYR1,CALML6,0,0,0,
GRIN1,CALML6,0,0,0,
PPP3CA,CALML6,0,0,0,
C00076,CALML6,1,0,0,
PPP1CA,CALML6,-1,0,0,
DRD1,CALY,0,0,0,
CALY,CALY,-1,0,0,
CALML6,CAMK1D,1,0,0,
CAMK1D,CAMK1D,-1,0,0,
C00076,CAMK2A,1,0,0,
PPP1CA,CAMK2A,-1,0,0,
PLCB1,CAMK2A,0,0,0,
CALML6,CAMK2A,1,0,0,
PLCG1,CAMK2A,0,0,0,
CAMK2A,CAMK2A,-1,0,0,
PLCG2,CAMK4,1,0,0,
C01330,CAMK4,1,0,0,
CALML6,CAMK4,1,0,0,
CAMK4,CAMK4,-1,0,0,
CAMKK2,CAMK4,1,0,0,
ADIPOR1,CAMKK2,0,0,0,
C00076,CAMKK2,1,0,0,
CAMKK2,CAMKK2,-1,0,0,
LEPR,CAMKK2,1,0,0,
CALML6,CAMKK2,1,0,0,
CAMKMT,CAMKMT,-1,0,0,
EHMT2,CAMKMT,0,0,0,
CAMP,CAMP,-1,0,0,
JUN,CAMP,1,0,0,
NFKB1,CAMP,1,0,0,
PDE10A,CANT1,0,0,0,
NME6,CANT1,0,0,0,
ATIC,CANT1,0,0,0,
GMPS,CANT1,0,0,0,
GMPR,CANT1,0,0,0,
ADSS1,CANT1,0,0,0,
AMPD1,CANT1,0,0,0,
ENTPD8,CANT1,0,0,0,
HDDC3,CANT1,0,0,0,
ITPA,CANT1,0,0,0,
CANT1,CANT1,-1,0,0,
BAK1,CAPN1,1,0,0,
CAPN1,CAPN1,-1,0,0,
C00076,CAPN1,1,0,0,
PTK2,CAPN2,0,0,0,
CAPN2,CAPN2,-1,0,0,
PRKCQ,CARD10,1,0,0,
PRKCB,CARD10,1,0,0,
CARD10,CARD10,-1,0,0,
PRKCQ,CARD11,1,0,0,
PRKCB,CARD11,1,0,0,
CARD11,CARD11,-1,0,0,
CARD16,CARD16,-1,0,0,
CARD6,CARD6,-1,0,0,
CARD8,CARD8,-1,0,0,
NLRP3,CARD8,0,0,0,
CARD9,CARD9,-1,0,0,
CARNMT1,CARNMT1,-1,0,0,
GAD1,CARNS1,0,0,0,
GADL1,CARNS1,0,0,0,
CARNMT1,CARNS1,0,0,0,
CARNS1,CARNS1,-1,0,0,
ABAT,CARNS1,0,0,0,
HAL,CARNS1,0,0,0,
ALDH3A1,CARNS1,0,0,0,
UPB1,CARNS1,0,0,0,
ALDH2,CARNS1,0,0,0,
CNDP1,CARNS1,0,0,0,
RBM8A,CASC3,0,0,0,
CASC3,CASC3,-1,0,0,
PYCARD,CASP1,0,0,0,
CARD16,CASP1,-1,0,0,
CASP8,CASP1,1,0,0,
CASP1,CASP1,-1,0,0,
CASP12,CASP1,-1,0,0,
CASP10,CASP10,-1,0,0,
FADD,CASP10,1,0,0,
CFLAR,CASP10,-1,0,0,
FADD-TRADD,CASP10,1,0,0,
CASP12,CASP12,-1,0,0,
CAPN1,CASP12,1,0,0,
CASP2-PIDD1,CASP2-PIDD1,-1,0,0,
CASP2-PIDD1,CASP2-PIDD1,1,0,0,
GZMB,CASP3,1,0,0,
PRKCA,CASP3,-1,0,0,
TRADD,CASP3,1,0,0,
BIRC2,CASP3,-1,0,0,
CASP8,CASP3,1,0,0,
CASP9,CASP3,1,0,0,
CASP3,CASP3,-1,0,0,
CASP10,CASP3,1,0,0,
CASP12,CASP3,1,0,0,
CASP4,CASP4,-1,0,0,
CASP5,CASP5,-1,0,0,
CASP8,CASP6,1,0,0,
CASP9,CASP6,1,0,0,
CASP6,CASP6,-1,0,0,
GZMB,CASP7,1,0,0,
BIRC2,CASP7,-1,0,0,
CASP7,CASP7,-1,0,0,
CASP9,CASP7,1,0,0,
CASP8,CASP7,1,0,0,
CASP12,CASP7,1,0,0,
CASP10,CASP7,1,0,0,
GZMB,CASP8,1,0,0,
FADD-TRADD,CASP8,1,0,0,
TNFRSF10B,CASP8,0,0,0,
CFLAR,CASP8,-1,0,0,
CASP8,CASP8,-1,0,0,
FADD,CASP8,1,0,0,
FADD,CASP8-CASP10,1,0,0,
CASP8-CASP10,CASP8-CASP10,-1,0,0,
AKT3,CASP9,-1,0,0,
APAF1,CASP9,1,0,0,
CYCS,CASP9,1,0,0,
BIRC2,CASP9,-1,0,0,
CASP9,CASP9,-1,0,0,
CASQ1,CASQ1,-1,0,0,
TRDN-ASPH,CASQ2,0,0,0,
CASQ2,CASQ2,-1,0,0,
C00062,CASTOR1,-1,0,0,
CASTOR1,CASTOR1,-1,0,0,
CASTOR1,CASTOR2,0,0,0,
CASTOR2,CASTOR2,-1,0,0,
FOXA2,CAT,1,0,0,
FOXO6,CAT,1,0,0,
FOXO3,CAT,1,0,0,
FOXO1,CAT,1,0,0,
KYNU,CAT,0,0,0,
HAO2,CAT,0,0,0,
HAAO,CAT,0,0,0,
CAT,CAT,-1,0,0,
SRC,CAV1,0,0,0,
CAV1,CAV1,-1,0,0,
ITGB1,CAV1,0,0,0,
SH2B2,CBL,1,0,0,
RAPGEF1,CBL,0,0,0,
EGFR-EGFR,CBL,1,0,0,
INSR,CBL,1,0,0,
CBL,CBL,-1,0,0,
CBLB,CBLB,-1,0,0,
CBLIF,CBLIF,-1,0,0,
C05776,CBLIF,0,0,0,
C05776,CBLIF-CUBN,0,0,0,
CBLIF-CUBN,CBLIF-CUBN,-1,0,0,
DHFR,CBR1,0,0,0,
CYP2E1,CBR1,0,0,0,
CBR1,CBR1,-1,0,0,
PTS,CBR1,0,0,0,
107987478,CBR1,0,0,0,
PTGES3,CBR1,0,0,0,
CYP2A6,CBR1,0,0,0,
AKR1C3,CBR1,0,0,0,
CYP3A4,CBR1,0,0,0,
CYP2A13,CBR1,0,0,0,
CBR4,CBR4,-1,0,0,
OXSM,CBR4,0,0,0,
CBR4-HSD17B8,CBR4-HSD17B8,-1,0,0,
OXSM,CBR4-HSD17B8,0,0,0,
FASN,CBR4-HSD17B8,0,0,0,
MTR,CBSL,0,0,0,
BHMT2,CBSL,0,0,0,
AGXT,CBSL,0,0,0,
AHCYL1,CBSL,0,0,0,
CBSL,CBSL,-1,0,0,
BHMT,CBSL,0,0,0,
CCK,CCK,-1,0,0,
CCKAR,CCKAR,-1,0,0,
CCK,CCKAR,1,0,0,
CCKBR,CCKBR,-1,0,0,
GAST,CCKBR,1,0,0,
CCL1,CCL1,-1,0,0,
CCL11,CCL11,-1,0,0,
RELB-NFKB2,CCL13,1,0,0,
CCL13,CCL13,-1,0,0,
CCL14,CCL14,-1,0,0,
CCL15,CCL15,-1,0,0,
CCL16,CCL16,-1,0,0,
CCL17,CCL17,-1,0,0,
RELB-NFKB2,CCL19,1,0,0,
CCL19,CCL19,-1,0,0,
NFKB1,CCL2,1,0,0,
JUN,CCL2,1,0,0,
CCL2,CCL2,-1,0,0,
CCL20,CCL20,-1,0,0,
CCL21,CCL21,-1,0,0,
RELB-NFKB2,CCL21,1,0,0,
CCL22,CCL22,-1,0,0,
CCL24,CCL24,-1,0,0,
CCL25,CCL25,-1,0,0,
CCL26,CCL26,-1,0,0,
CCL27,CCL27,-1,0,0,
CCL28,CCL28,-1,0,0,
IRF5,CCL3L3,1,0,0,
FOS,CCL3L3,1,0,0,
NFKB1,CCL3L3,1,0,0,
CCL3L3,CCL3L3,-1,0,0,
NFKB1,CCL4L1,1,0,0,
FOS,CCL4L1,1,0,0,
CCL4L1,CCL4L1,-1,0,0,
NFKB1-RELA,CCL4L1,1,0,0,
IRF5,CCL5,1,0,0,
FOS,CCL5,1,0,0,
NFKB1,CCL5,1,0,0,
JUN,CCL5,1,0,0,
CCL5,CCL5,-1,0,0,
CCL7,CCL7,-1,0,0,
CCL8,CCL8,-1,0,0,
CCN2,CCN2,-1,0,0,
SMAD4-YAP1,CCN2,1,0,0,
YAP1-TEAD1,CCN2,1,0,0,
ELAVL1,CCNA2,1,0,0,
CCNA2,CCNA2,-1,0,0,
CCNB1,CCNB1,-1,0,0,
ANAPC10-CDC20,CCNB1,-1,0,0,
CCNB1-CDK1,CCNB1-CDK1,-1,0,0,
CCNB2,CCNB2,-1,0,0,
ANAPC10-CDC20,CCNB2,-1,0,0,
FOXO6,CCNB3,1,0,0,
SFN,CCNB3,-1,0,0,
CCNB3,CCNB3,-1,0,0,
GADD45G,CCNB3,-1,0,0,
NFKB1,CCND1,1,0,0,
CDK4-SYMPK,CCND1,1,0,0,
FOXO6,CCND1,1,0,0,
ELK1,CCND1,1,0,0,
ELAVL1,CCND1,1,0,0,
CTNNB1,CCND1,1,0,0,
FOS,CCND1,1,0,0,
STAT1,CCND1,1,0,0,
GSK3B,CCND1,-1,0,0,
MAPK7,CCND1,1,0,0,
MAPK1,CCND1,1,0,0,
CCND1,CCND1,-1,0,0,
LEF1-TEAD1,CCND1,1,0,0,
THRB,CCND1,1,0,0,
GLI1,CCND1,-1,0,0,
LEF1,CCND1,1,0,0,
JUN,CCND1,1,0,0,
STAT1-STAT1,CCND1,1,0,0,
STAT1,CCND2,1,0,0,
CCND2,CCND2,-1,0,0,
TFDP1-E2F1,CCNE1,1,0,0,
CCNE1,CCNE1,-1,0,0,
CCNE1-CDK2,CCNE1-CDK2,-1,0,0,
CCNG1,CCNG1,-1,0,0,
TP53,CCNG1,1,0,0,
FOXO6,CCNG2,1,0,0,
CCNG2,CCNG2,-1,0,0,
CCR1,CCR1,-1,0,0,
CCL13,CCR1,1,0,0,
CCL16,CCR1,1,0,0,
CCL14,CCR1,1,0,0,
CCL15,CCR1,1,0,0,
CCL3L3,CCR1,1,0,0,
CCL8,CCR1,1,0,0,
CCL7,CCR1,1,0,0,
CCL5,CCR1,1,0,0,
CCR10,CCR10,-1,0,0,
CCL28,CCR10,0,0,0,
CCL27,CCR10,1,0,0,
CCR2,CCR2,-1,0,0,
CCL27,CCR2,1,0,0,
CCL13,CCR2,1,0,0,
CCL8,CCR2,1,0,0,
CCL7,CCR2,1,0,0,
CCL2,CCR2,1,0,0,
CCR3,CCR3,-1,0,0,
CCL24,CCR3,1,0,0,
CCL28,CCR3,1,0,0,
CCL26,CCR3,1,0,0,
CCL27,CCR3,1,0,0,
CCL13,CCR3,1,0,0,
CCL11,CCR3,1,0,0,
CCL15,CCR3,1,0,0,
CCL7,CCR3,1,0,0,
CCL5,CCR3,1,0,0,
CCL22,CCR4,1,0,0,
CCL17,CCR4,1,0,0,
CCR4,CCR4,-1,0,0,
CCL5,CCR4,1,0,0,
CCR5,CCR5,-1,0,0,
GRK7-ARRB1,CCR5,0,0,0,
CCL3L3,CCR5,1,0,0,
CCL4L1,CCR5,1,0,0,
CCL8,CCR5,1,0,0,
CCL5,CCR5,1,0,0,
CCL20,CCR6,1,0,0,
CCR6,CCR6,-1,0,0,
CCL21,CCR7,1,0,0,
CCR7,CCR7,-1,0,0,
CCL19,CCR7,1,0,0,
CCR8,CCR8,-1,0,0,
CCL1,CCR8,1,0,0,
CCL25,CCR9,0,0,0,
CCR9,CCR9,-1,0,0,
CD14,CD14,-1,0,0,
C00338,CD14,1,0,0,
CD19,CD19,-1,0,0,
SYK,CD19,1,0,0,
LYN,CD19,0,0,0,
CD19-PIK3AP1,CD19-PIK3AP1,-1,0,0,
CD1A,CD1A,-1,0,0,
JUN,CD1A,1,0,0,
CD2,CD2,-1,0,0,
CD58,CD2,0,0,0,
CD22,CD22,-1,0,0,
PTPN6,CD22,0,0,0,
PTPRC,CD22,0,0,0,
PVR,CD226,1,0,0,
NECTIN2,CD226,1,0,0,
ITGB2-ITGAL,CD226,1,0,0,
CD226,CD226,-1,0,0,
CD48,CD244,1,0,0,
CD244,CD244,-1,0,0,
FYN,CD244,1,0,0,
ZAP70,CD247,0,0,0,
PTPN6,CD247,-1,0,0,
CD247,CD247,-1,0,0,
FYN,CD247,1,0,0,
CD27,CD27,-1,0,0,
CD70,CD27,1,0,0,
CD274,CD274,-1,0,0,
CD80,CD274,1,0,0,
CD28,CD28,-1,0,0,
CD86,CD28,1,0,0,
CD80,CD28,1,0,0,
102723996,CD28,1,0,0,
CD34,CD34,-1,0,0,
PPARG-RXRA,CD36,1,0,0,
CD36,CD36,-1,0,0,
COMP,CD36,1,0,0,
PRKAG2,CD36,1,0,0,
CD38,CD38,-1,0,0,
PRKCA,CD38,1,0,0,
CD3E,CD3E,-1,0,0,
CD4,CD4,-1,0,0,
IL16,CD4,1,0,0,
HLA-DMA,CD4,1,0,0,
IRF3,CD40,1,0,0,
CD40LG,CD40,1,0,0,
CD40,CD40,-1,0,0,
CD40,CD40LG,0,0,0,
ICOS,CD40LG,1,0,0,
CD40LG,CD40LG,-1,0,0,
LAMC3,CD44,1,0,0,
CD44,CD44,-1,0,0,
COL1A1,CD44,1,0,0,
FN1,CD44,1,0,0,
CD47,CD47,-1,0,0,
COMP,CD47,1,0,0,
CD48,CD48,-1,0,0,
CD58,CD58,-1,0,0,
CD6,CD6,-1,0,0,
ALCAM,CD6,0,0,0,
CD70,CD70,-1,0,0,
CD72,CD72,-1,0,0,
PTPN6,CD72,0,0,0,
CTSB,CD74,1,0,0,
CD74,CD74,-1,0,0,
LGMN,CD74,1,0,0,
HLA-DMA,CD74,1,0,0,
CD79A,CD79A,-1,0,0,
LYN,CD79A,0,0,0,
CD79B,CD79B,-1,0,0,
LYN,CD79B,0,0,0,
IRF3,CD80,1,0,0,
CD274,CD80,1,0,0,
CD28,CD80,1,0,0,
CD80,CD80,-1,0,0,
CD82,CD82,-1,0,0,
TP53,CD82,1,0,0,
IRF3,CD86,1,0,0,
CD86,CD86,-1,0,0,
HLA-A,CD8A,1,0,0,
CD8A,CD8A,-1,0,0,
CD99,CD99,-1,0,0,
NT5C1B-RDH14,CDA,0,0,0,
UCKL1,CDA,0,0,0,
CDA,CDA,-1,0,0,
CES1,CDA,0,0,0,
TK1,CDA,0,0,0,
UPP2,CDA,0,0,0,
DCK,CDA,0,0,0,
CDC14B,CDC14B,-1,0,0,
CDC20,CDC20,-1,0,0,
FBXO43,CDC20,-1,0,0,
FBXO5,CDC20,-1,0,0,
CDC20-ANAPC10,CDC20-ANAPC10,-1,0,0,
PLK1,CDC25A,1,0,0,
CHEK1,CDC25A,-1,0,0,
CDC25A,CDC25A,-1,0,0,
PLK1,CDC25B,1,0,0,
CHEK1,CDC25B,-1,0,0,
CDC25B,CDC25B,-1,0,0,
YWHAQ,CDC25B,0,0,0,
MAPK14,CDC25B,0,0,0,
PPP1CA,CDC25C,1,0,0,
PRKACA,CDC25C,-1,0,0,
PLK1,CDC25C,1,0,0,
CAMK2A,CDC25C,-1,0,0,
SPDYE2B-CDK1,CDC25C,1,0,0,
CDK2,CDC25C,1,0,0,
CDC25C,CDC25C,-1,0,0,
CDK1-CCNB2,CDC25C,1,0,0,
YWHAQ,CDC25C,0,0,0,
MAPK14,CDC25C,1,0,0,
SRGAP2,CDC42,-1,0,0,
SRC-FARP2,CDC42,1,0,0,
FGD1,CDC42,1,0,0,
SRC,CDC42,0,0,0,
RALBP1,CDC42,1,0,0,
VAV3,CDC42,1,0,0,
NGEF,CDC42,-1,0,0,
NGFR,CDC42,1,0,0,
RAP1A,CDC42,1,0,0,
KDR,CDC42,1,0,0,
CDC42,CDC42,-1,0,0,
ARHGAP17,CDC42,-1,0,0,
TUBA1B,CDC42,1,0,0,
FYN,CDC42,1,0,0,
FARP2,CDC42,1,0,0,
CDC45,CDC45,-1,0,0,
CDC6,CDC6,-1,0,0,
CDK2-CCNA2,CDC6,-1,0,0,
CTNND1,CDH1,1,0,0,
CTNNB1,CDH1,1,0,0,
CDH1,CDH1,-1,0,0,
CDH15,CDH15,-1,0,0,
CDH2,CDH2,-1,0,0,
CDH3,CDH3,-1,0,0,
CDH4,CDH4,-1,0,0,
CDH5,CDH5,-1,0,0,
PIK3C3,CDIPT,0,0,0,
PLCD3,CDIPT,0,0,0,
PTEN,CDIPT,0,0,0,
IMPA1,CDIPT,0,0,0,
MIOX,CDIPT,0,0,0,
INPP5F,CDIPT,0,0,0,
CDIPT,CDIPT,-1,0,0,
SPDYE2B,CDK1,1,0,0,
PKMYT1,CDK1,-1,0,0,
WEE2,CDK1,-1,0,0,
CDC25B,CDK1,1,0,0,
CDC25A,CDK1,1,0,0,
CDC25C,CDK1,1,0,0,
CDK1,CDK1,-1,0,0,
CCNB1,CDK1,0,0,0,
CDK7-CCNH,CDK1,1,0,0,
CDK1-CCNA2,CDK1-CCNA2,-1,0,0,
GADD45G,CDK1-CCNB1,-1,0,0,
SFN,CDK1-CCNB1,-1,0,0,
CDK1-CCNB1,CDK1-CCNB1,-1,0,0,
CDK1-CCNB2,CDK1-CCNB2,-1,0,0,
FZR1-ANAPC10,CDK1-CCNB3,-1,0,0,
CDK1-CCNB3,CDK1-CCNB3,-1,0,0,
SPDYE2B,CDK2,1,0,0,
CDC25A,CDK2,1,0,0,
CDK2,CDK2,-1,0,0,
CDK7-CCNH,CDK2,1,0,0,
CDK2-CCNA2,CDK2-CCNA2,-1,0,0,
CDKN1A,CDK2-CCNA2,-1,0,0,
CDKN1B,CDK2-CCNA2,-1,0,0,
CDKN1B,CDK2-CCND1,-1,0,0,
CDKN1A,CDK2-CCND1,-1,0,0,
CDK2-CCND1,CDK2-CCND1,-1,0,0,
SKP1-SKP2,CDK2-CCNE1,-1,0,0,
CDKN1A,CDK2-CCNE1,-1,0,0,
CDK2-CCNE1,CDK2-CCNE1,-1,0,0,
CDK4-SYMPK,CDK4,0,0,0,
FOS,CDK4,1,0,0,
NFKB1,CDK4,1,0,0,
NFATC1,CDK4,1,0,0,
CDC25A,CDK4,1,0,0,
CDK4,CDK4,-1,0,0,
CDKN1A,CDK4-CCND1,-1,0,0,
CDKN1B,CDK4-CCND1,0,0,0,
CDK4-CCND1,CDK4-CCND1,-1,0,0,
CDKN2C,CDK4-CCND1,-1,0,0,
CDKN2D,CDK4-CCND1,-1,0,0,
CDKN2A,CDK4-CCND1,-1,0,0,
CDKN2B,CDK4-CCND1,-1,0,0,
PCNA,CDK4-CCND1,-1,0,0,
CDK4-SYMPK,CDK4-SYMPK,-1,0,0,
FYN,CDK5,1,0,0,
CDK5,CDK5,-1,0,0,
CDK7-CCNH,CDK7-CCNH,-1,0,0,
SKP1-SKP2,CDKN1A,-1,0,0,
FOXO6,CDKN1A,1,0,0,
CDKN1A,CDKN1A,-1,0,0,
STAT1-STAT1,CDKN1A,1,0,0,
ARNT-CREBBP,CDKN1A,1,0,0,
TP53,CDKN1A,1,0,0,
SMAD4-SMAD2,CDKN1A,1,0,0,
MAPK1,CDKN1A,1,0,0,
AKT3,CDKN1A,-1,0,0,
SKP1-SKP2,CDKN1B,-1,0,0,
FOXO3,CDKN1B,1,0,0,
FOXO6,CDKN1B,1,0,0,
CDK2-CCNE1,CDKN1B,-1,0,0,
CDKN1B,CDKN1B,-1,0,0,
AKT3,CDKN1B,-1,0,0,
CDKN2A,CDKN2A,-1,0,0,
FOXO6,CDKN2B,1,0,0,
CDKN2B,CDKN2B,-1,0,0,
ZBTB17,CDKN2B,1,0,0,
SMAD4-SMAD2,CDKN2B,1,0,0,
MYC,CDKN2B,-1,0,0,
SP1-CREBBP,CDKN2B,1,0,0,
CDKN2C,CDKN2C,-1,0,0,
FOXO6,CDKN2D,1,0,0,
CDKN2D,CDKN2D,-1,0,0,
CDO1,CDO1,-1,0,0,
GOT1L1,CDO1,0,0,0,
CTH,CDO1,0,0,0,
CDS1,CDS1,-1,0,0,
CDIPT,CDS1,0,0,0,
PLD4,CDS1,0,0,0,
DGKK,CDS1,0,0,0,
AGPAT1,CDS1,0,0,0,
PLPP4,CDS1,0,0,0,
MAPK14,CEBPB,1,0,0,
CEBPB,CEBPB,-1,0,0,
PLPP4,CEL,0,0,0,
CEL,CEL,-1,0,0,
DHCR7,CEL,0,0,0,
MOGAT1,CEL,0,0,0,
MOGAT3,CEL,0,0,0,
FANCM,CENPS-CORT,0,0,0,
CENPS-CORT,CENPS-CORT,-1,0,0,
PLAAT3,CEPT1,0,0,0,
PAFAH1B1,CEPT1,0,0,0,
PTDSS2,CEPT1,0,0,0,
PTDSS1,CEPT1,0,0,0,
PCYT2,CEPT1,0,0,0,
UGT8,CEPT1,0,0,0,
CEPT1,CEPT1,-1,0,0,
PLD4,CEPT1,0,0,0,
DGKK,CEPT1,0,0,0,
TMEM189,CEPT1,0,0,0,
PLA2G4B,CEPT1,0,0,0,
PLPP1,CEPT1,0,0,0,
PLPP4,CEPT1,0,0,0,
LPCAT3,CEPT1,0,0,0,
LPCAT2,CEPT1,0,0,0,
CER1,CER1,-1,0,0,
CERK,CERK,-1,0,0,
DEGS2,CERK,0,0,0,
SGMS2,CERK,0,0,0,
ENPP7,CERK,0,0,0,
CERS1,CERK,0,0,0,
SGPP2,CERS1,0,0,0,
DEGS2,CERS1,0,0,0,
ENPP7,CERS1,0,0,0,
CERS1,CERS1,-1,0,0,
CERK,CERS6,0,0,0,
SGPP2,CERS6,0,0,0,
GBA,CERS6,0,0,0,
SGMS2,CERS6,0,0,0,
DEGS2,CERS6,0,0,0,
PLPP1,CERS6,0,0,0,
UGCG,CERS6,0,0,0,
KDSR,CERS6,0,0,0,
ENPP7,CERS6,0,0,0,
SPHK2,CERS6,0,0,0,
CERS6,CERS6,-1,0,0,
CES1,CES1,-1,0,0,
CYP3A4,CES1,0,0,0,
NAT2,CES1,0,0,0,
CFB,CFB,-1,0,0,
CFD,CFD,-1,0,0,
CFL1,CFL1,-1,0,0,
LIMK1,CFL1,-1,0,0,
SSH1,CFL1,0,0,0,
ACTB,CFL1,0,0,0,
ITCH,CFLAR,-1,0,0,
NFKB1,CFLAR,1,0,0,
CFLAR,CFLAR,-1,0,0,
CFTR,CFTR,-1,0,0,
C00575,CFTR,1,0,0,
PRKAG2,CFTR,-1,0,0,
PRKACA,CFTR,1,0,0,
CGA,CGA,-1,0,0,
CGAS,CGAS,-1,0,0,
TJP1,CGN,0,0,0,
CGN,CGN,-1,0,0,
CGNL1,CGNL1,-1,0,0,
TJP1,CGNL1,0,0,0,
CH25H,CH25H,-1,0,0,
CYP46A1,CH25H,0,0,0,
ANPEP,CHAC2,0,0,0,
CHAC2,CHAC2,-1,0,0,
LAP3,CHAC2,0,0,0,
OPLAH,CHAC2,0,0,0,
GGT6,CHAC2,0,0,0,
GGCT,CHAC2,0,0,0,
CHAD,CHAD,-1,0,0,
CHKA,CHAT,0,0,0,
CHAT,CHAT,-1,0,0,
CHD8,CHD8,-1,0,0,
CHDH,CHDH,-1,0,0,
ATR,CHEK1,1,0,0,
ATM,CHEK1,1,0,0,
CHEK1,CHEK1,-1,0,0,
ATM,CHEK2,1,0,0,
CHEK2,CHEK2,-1,0,0,
CHEK2,CHEK2,1,0,0,
CHIT1,CHIT1,-1,0,0,
CHKA,CHKA,-1,0,0,
PCYT2,CHKA,0,0,0,
PCYT1A,CHKA,0,0,0,
CHMP1A,CHMP1A,-1,0,0,
CHMP2B,CHMP2B,-1,0,0,
CHMP1A,CHMP2B,0,0,0,
CHMP4B,CHMP4B,-1,0,0,
CHMP7,CHMP4B,0,0,0,
CHMP5,CHMP5,-1,0,0,
CHMP7,CHMP7,-1,0,0,
CHRD,CHRD,-1,0,0,
KNG1,CHRM1,1,0,0,
EDN1,CHRM1,1,0,0,
C20793,CHRM1,1,0,0,
NPY,CHRM1,1,0,0,
C03758,CHRM1,1,0,0,
C00212,CHRM1,1,0,0,
GHRL,CHRM1,1,0,0,
SST,CHRM1,1,0,0,
C01089,CHRM1,1,0,0,
OXT,CHRM1,1,0,0,
CHRM1,CHRM1,-1,0,0,
C00584,CHRM1,1,0,0,
C00334,CHRM1,1,0,0,
C00788,CHRM1,1,0,0,
C00780,CHRM1,1,0,0,
C00042,CHRM1,1,0,0,
C01996,CHRM1,1,0,0,
C00186,CHRM1,1,0,0,
C00547,CHRM1,1,0,0,
CHRM2,CHRM2,-1,0,0,
C01996,CHRM2,1,0,0,
CHRM3,CHRM3,-1,0,0,
C01996,CHRM3,1,0,0,
CHRM4,CHRM4,-1,0,0,
C01996,CHRM4,1,0,0,
CHRM5,CHRM5,-1,0,0,
C01996,CHRM5,1,0,0,
C01996,CHRNA1,1,0,0,
CHRNA1,CHRNA1,-1,0,0,
SLURP2,CHRNA1,1,0,0,
C01996,CHRNA3,1,0,0,
CHRNA3,CHRNA3,-1,0,0,
C01996,CHRNA7,1,0,0,
CHRNA7,CHRNA7,-1,0,0,
CHSY1,CHSY1,-1,0,0,
TRAF2,CHUK,1,0,0,
MAP3K7,CHUK,1,0,0,
MAP3K8,CHUK,0,0,0,
MAP3K1,CHUK,0,0,0,
IKBKG,CHUK,0,0,0,
AKT3,CHUK,1,0,0,
MAP3K14,CHUK,0,0,0,
PRKCQ,CHUK,1,0,0,
PDPK1,CHUK,1,0,0,
RIPK1,CHUK,1,0,0,
CHUK,CHUK,-1,0,0,
CASP8-CASP10,CHUK-IKBKB,1,0,0,
CHUK-IKBKB,CHUK-IKBKB,-1,0,0,
CIITA,CIITA,-1,0,0,
STAT1,CISH,1,0,0,
CISH,CISH,-1,0,0,
STAT1-STAT1,CISH,1,0,0,
GAMT,CKB,0,0,0,
CKB,CKB,-1,0,0,
C00076,CLCA1,1,0,0,
CLCA1,CLCA1,-1,0,0,
CLCF1,CLCF1,-1,0,0,
GATA4,CLDN24,1,0,0,
CLDN24,CLDN24,-1,0,0,
MTOR,CLIP1,1,0,0,
CLIP1,CLIP1,-1,0,0,
CLOCK-ARNTL,CLOCK-ARNTL,-1,0,0,
GSK3A,CLOCK-ARNTL,1,0,0,
CLP1,CLP1,-1,0,0,
CLTA,CLTA,-1,0,0,
CLTA-AP2M1,CLTA-AP2M1,-1,0,0,
NANP,CMAS,0,0,0,
NANS,CMAS,0,0,0,
CMAS,CMAS,-1,0,0,
CMPK1,CMPK1,-1,0,0,
TK1,CMPK1,0,0,0,
ENPP1,CMPK2,0,0,0,
DCTD,CMPK2,0,0,0,
RRM2B,CMPK2,0,0,0,
CMPK2,CMPK2,-1,0,0,
NME6,CMPK2,0,0,0,
ENTPD8,CMPK2,0,0,0,
GADL1,CNDP1,0,0,0,
ALDH2,CNDP1,0,0,0,
ABAT,CNDP1,0,0,0,
UPB1,CNDP1,0,0,0,
HAL,CNDP1,0,0,0,
ALDH3A1,CNDP1,0,0,0,
CNDP1,CNDP1,-1,0,0,
HDC,CNDP1,0,0,0,
CARNS1,CNDP1,0,0,0,
CARNMT1,CNDP1,0,0,0,
GAD1,CNDP1,0,0,0,
GADL1,CNDP2,0,0,0,
ALDH2,CNDP2,0,0,0,
ABAT,CNDP2,0,0,0,
UPB1,CNDP2,0,0,0,
HAL,CNDP2,0,0,0,
CNDP1,CNDP2,0,0,0,
CNDP2,CNDP2,-1,0,0,
CARNS1,CNDP2,0,0,0,
CARNMT1,CNDP2,0,0,0,
GAD1,CNDP2,0,0,0,
C00942,CNGA3,1,0,0,
CNGA3,CNGA3,-1,0,0,
C00575,CNGB1,1,0,0,
CALML6,CNGB1,-1,0,0,
C00942,CNGB1,0,0,0,
CNGB1,CNGB1,-1,0,0,
PABPC4L,CNOT7,1,0,0,
CNOT7,CNOT7,-1,0,0,
C11695,CNR1,1,0,0,
C13856,CNR1,1,0,0,
CNR1,CNR1,-1,0,0,
CNTF,CNTF,-1,0,0,
CNTF,CNTFR-LIFR,1,0,0,
CLCF1,CNTFR-LIFR,1,0,0,
CNTFR-LIFR,CNTFR-LIFR,-1,0,0,
CNTN1,CNTN1,-1,0,0,
CNTN2,CNTN2,-1,0,0,
NFASC,CNTNAP1-CNTN1,0,0,0,
CNTNAP1-CNTN1,CNTNAP1-CNTN1,-1,0,0,
CNTNAP2-CNTN2,CNTNAP2-CNTN2,-1,0,0,
CNTN2,CNTNAP2-CNTN2,0,0,0,
PANK1,COASY,0,0,0,
PPCDC,COASY,0,0,0,
COASY,COASY,-1,0,0,
AASDHPPT,COASY,0,0,0,
COL1A1,COL1A1,-1,0,0,
COLGALT2,COLGALT2,-1,0,0,
COMP,COMP,-1,0,0,
ADH1A,COMT,0,0,0,
DBH,COMT,0,0,0,
CYP1A1,COMT,0,0,0,
COMT,COMT,-1,0,0,
CYP1B1,COMT,0,0,0,
ALDH3A1,COMT,0,0,0,
MAOA,COMT,0,0,0,
TP53,COP1,1,0,0,
COP1,COP1,-1,0,0,
COQ7,COQ3,0,0,0,
COQ3,COQ3,-1,0,0,
COQ6,COQ5,0,0,0,
COQ5,COQ5,-1,0,0,
COQ6,COQ6,-1,0,0,
COQ7,COQ7,-1,0,0,
COQ5,COQ7,0,0,0,
CORT,CORT,-1,0,0,
HMOX1,COX10,0,0,0,
COX15,COX10,0,0,0,
COX10,COX10,-1,0,0,
COX15,COX10,1,0,0,
COX15,COX15,-1,0,0,
CP,CP,-1,0,0,
CPB2,CPB2,-1,0,0,
F2,CPB2,1,0,0,
CPEB2,CPEB2,-1,0,0,
CDK1-CCNB2,CPEB2,1,0,0,
PLK1,CPEB2,1,0,0,
AURKA,CPEB2,1,0,0,
PPOX,CPOX,0,0,0,
CPOX,CPOX,-1,0,0,
GLUL,CPS1,0,0,0,
CAD,CPS1,0,0,0,
CPS1,CPS1,-1,0,0,
GLS2,CPS1,0,0,0,
NUDT21,CPSF6,0,0,0,
CPSF6,CPSF6,-1,0,0,
CPT2,CPT1C,0,0,0,
C00083,CPT1C,-1,0,0,
PPARA,CPT1C,1,0,0,
CREB3-CRTC2,CPT1C,1,0,0,
PPARD-RXRA,CPT1C,1,0,0,
PPARG-RXRA,CPT1C,1,0,0,
STAT3,CPT1C,1,0,0,
PPARGC1A-PPARA,CPT1C,1,0,0,
ACACB,CPT1C,0,0,0,
CPT1C,CPT1C,-1,0,0,
PPARA-RXRA,CPT1C,1,0,0,
PPARGC1A-FOXO1,CPT1C,1,0,0,
ACADL,CPT2,0,0,0,
ACADM,CPT2,0,0,0,
PPARA-RXRA,CPT2,1,0,0,
CPT2,CPT2,-1,0,0,
ACADVL,CPT2,0,0,0,
CRB1,CRB1,-1,0,0,
CRB3,CRB3,-1,0,0,
RPS6KA5,CREB1,1,0,0,
PRKG1,CREB1,1,0,0,
PRKACA,CREB1,1,0,0,
CIITA,CREB1,1,0,0,
CREB1,CREB1,-1,0,0,
CAMK4,CREB1,1,0,0,
RPS6KA5,CREB3,1,0,0,
RPS6KA4,CREB3,1,0,0,
PRKCA,CREB3,1,0,0,
AKT3,CREB3,1,0,0,
PRKG1,CREB3,1,0,0,
PPP1CA,CREB3,-1,0,0,
PRKACA,CREB3,1,0,0,
C00533,CREB3,1,0,0,
MAPK1,CREB3,1,0,0,
C00076,CREB3,1,0,0,
CREB3,CREB3,-1,0,0,
CREM,CREB3,-1,0,0,
CREB3-CRTC2,CREB3-CRTC2,-1,0,0,
CREBBP,CREBBP,-1,0,0,
CAMK4,CREBBP,1,0,0,
CAMK2A,CREBBP,1,0,0,
PRKACA,CREBBP-CREB3,1,0,0,
CREBBP-CREB3,CREBBP-CREB3,-1,0,0,
CREBBP-MAML3,CREBBP-MAML3,-1,0,0,
CREM,CREM,-1,0,0,
CRH,CRH,-1,0,0,
CRHR1,CRHR1,-1,0,0,
CRH,CRHR1,1,0,0,
UCN3,CRHR1,1,0,0,
PTK2B,CRK,0,0,0,
KIDINS220,CRK,0,0,0,
FCGR2A,CRK,0,0,0,
MAP2K4,CRK,0,0,0,
FCGR1A,CRK,0,0,0,
CSF1R,CRK,1,0,0,
MAPK8,CRK,0,0,0,
FCGR3A,CRK,0,0,0,
EGFR-EGFR,CRK,1,0,0,
EGFR,CRK,1,0,0,
CRK,CRK,-1,0,0,
BCAR1,CRK,1,0,0,
FRS2,CRK,0,0,0,
CRK-BCAR1,CRK-BCAR1,-1,0,0,
ITGA11,CRK-BCAR1,1,0,0,
TSLP,CRLF2-IL7R,1,0,0,
CRLF2-IL7R,CRLF2-IL7R,-1,0,0,
LCLAT1,CRLS1,0,0,0,
CDIPT,CRLS1,0,0,0,
CRLS1,CRLS1,-1,0,0,
CDS1,CRLS1,0,0,0,
PGS1,CRLS1,0,0,0,
PRKAG2,CRTC2,-1,0,0,
PPP4R3C,CRTC2,-1,0,0,
CRTC2,CRTC2,-1,0,0,
SIK2,CRTC2,-1,0,0,
PPP3CA,CRTC2,1,0,0,
SIK1B,CRTC2,-1,0,0,
CREB3,CRTC2,0,0,0,
PRKAG2,CRY1,1,0,0,
FBXL3,CRY1,-1,0,0,
ARNTL-NPAS2,CRY1,1,0,0,
CRY1,CRY1,-1,0,0,
CRY1-PER2,CRY1-PER2,-1,0,0,
CRYAB,CRYAB,-1,0,0,
FOXO3,CRYAB,1,0,0,
EIF4EBP2,CRYAB,1,0,0,
CRYL1,CRYL1,-1,0,0,
AKR1A1,CRYL1,0,0,0,
CS,CS,-1,0,0,
DLAT,CS,0,0,0,
ACSS2,CS,0,0,0,
MDH1,CS,0,0,0,
ACO1,CS,0,0,0,
CSAD,CSAD,-1,0,0,
CSF1,CSF1,-1,0,0,
CSF1,CSF1R,1,0,0,
CSF1R,CSF1R,-1,0,0,
GRB2,CSF1R,0,0,0,
IL34,CSF1R,1,0,0,
MAPK1,CSF2,0,0,0,
CSF2,CSF2,-1,0,0,
NFATC1,CSF2,1,0,0,
NFKB1,CSF2,1,0,0,
FOS,CSF2,1,0,0,
IL3,CSF2RB,1,0,0,
CSF2RB,CSF2RB,-1,0,0,
CSF2RB-CSF2RA,CSF2RB-CSF2RA,-1,0,0,
CSF2,CSF2RB-CSF2RA,1,0,0,
CSF3,CSF3,-1,0,0,
CSF3R,CSF3R,-1,0,0,
CSF3,CSF3R,1,0,0,
CSF3,CSF3R-JAK1,1,0,0,
CSF3R-JAK1,CSF3R-JAK1,-1,0,0,
CSGALNACT2,CSGALNACT2,-1,0,0,
CHSY1,CSGALNACT2,0,0,0,
CSH1,CSH1,-1,0,0,
CSN2,CSN2,-1,0,0,
STAT1,CSN2,1,0,0,
CSNK1A1L,CSNK1A1L,-1,0,0,
CSNK1D,CSNK1D,-1,0,0,
DVL1,CSNK2A1,0,0,0,
CSNK2A1,CSNK2A1,-1,0,0,
SYMPK,CSTF1-CSTF2,0,0,0,
CSTF1-CSTF2,CSTF1-CSTF2,-1,0,0,
CTBP1,CTBP1,-1,0,0,
CTF1,CTF1,-1,0,0,
CTH,CTH,-1,0,0,
CDO1,CTH,0,0,0,
MTR,CTH,0,0,0,
TXNRD2,CTH,0,0,0,
MARS1,CTH,0,0,0,
CBSL,CTH,0,0,0,
KYAT3,CTH,0,0,0,
MPST,CTH,0,0,0,
CTLA4,CTLA4,-1,0,0,
CD86,CTLA4,1,0,0,
CD80,CTLA4,1,0,0,
PTPN6,CTLA4,0,0,0,
102723996,CTLA4,1,0,0,
ACTB,CTNNA1,0,0,0,
CTNNA1,CTNNA1,-1,0,0,
FYN,CTNNB1,-1,0,0,
KRIT1,CTNNB1,1,0,0,
RUVBL1,CTNNB1,0,0,0,
EGFR,CTNNB1,-1,0,0,
THRA,CTNNB1,1,0,0,
THRB,CTNNB1,1,0,0,
CDH5,CTNNB1,0,0,0,
LEF1,CTNNB1,0,0,0,
CDH1,CTNNB1,0,0,0,
PTPRB,CTNNB1,1,0,0,
PTPRF,CTNNB1,1,0,0,
CSNK2A1,CTNNB1,1,0,0,
CHD8,CTNNB1,-1,0,0,
CTNNBIP1,CTNNB1,-1,0,0,
PTPRM,CTNNB1,1,0,0,
SIAH1,CTNNB1,0,0,0,
ACP1,CTNNB1,1,0,0,
AXIN1,CTNNB1,0,0,0,
IQGAP1,CTNNB1,-1,0,0,
FBXW11,CTNNB1,0,0,0,
FER,CTNNB1,-1,0,0,
IGF1R,CTNNB1,-1,0,0,
CTNNB1,CTNNB1,-1,0,0,
APC2,CTNNB1,0,0,0,
CTNNA1,CTNNB1,0,0,0,
PSEN1,CTNNB1,1,0,0,
PRKACA,CTNNB1,0,0,0,
GSK3B,CTNNB1,-1,0,0,
CSNK1A1L,CTNNB1,0,0,0,
MET,CTNNB1,-1,0,0,
SRC,CTNNB1,-1,0,0,
TBL1X,CTNNB1,0,0,0,
PECAM1,CTNNB1,0,0,0,
PTPN1,CTNNB1,1,0,0,
RUVBL1,CTNNB1,1,0,0,
CTNNB1-APC2,CTNNB1-APC2,-1,0,0,
GSK3B,CTNNB1-APC2,-1,0,0,
CTNNBIP1,CTNNBIP1,-1,0,0,
FYN,CTNND1,-1,0,0,
EGFR,CTNND1,-1,0,0,
CDH5,CTNND1,0,0,0,
PTPRJ,CTNND1,1,0,0,
PTPRM,CTNND1,1,0,0,
AFDN,CTNND1,1,0,0,
FER,CTNND1,-1,0,0,
CTNND1,CTNND1,-1,0,0,
YES1,CTNND1,-1,0,0,
MET,CTNND1,-1,0,0,
PTPN6,CTNND1,1,0,0,
CTNND2,CTNND2,-1,0,0,
NME6,CTPS1,0,0,0,
ENPP1,CTPS1,0,0,0,
CTPS1,CTPS1,-1,0,0,
CTSB,CTSB,-1,0,0,
CTSC,CTSC,-1,0,0,
C00195,CTSD,1,0,0,
CTSD,CTSD,-1,0,0,
NCOA2-ESR1,CTSD,1,0,0,
CTSG,CTSG,-1,0,0,
FOS,CTSK,1,0,0,
CTSK,CTSK,-1,0,0,
CREB1,CTSK,1,0,0,
NFATC1,CTSK,1,0,0,
TJP1,CTTN,0,0,0,
CTTN,CTTN,-1,0,0,
CTU1,CTU1,-1,0,0,
CTU2,CTU2,-1,0,0,
CTU1,CTU2,1,0,0,
SKP1,CUL1,0,0,0,
CUL1,CUL1,-1,0,0,
CUL1-FBXW11,CUL1-FBXW11,-1,0,0,
CUL3,CUL3,-1,0,0,
CUL3-SPOPL,CUL3-SPOPL,-1,0,0,
CX3CL1,CX3CL1,-1,0,0,
CX3CL1,CX3CR1,1,0,0,
CX3CR1,CX3CR1,-1,0,0,
JUN,CXCL1,1,0,0,
CXCL1,CXCL1,-1,0,0,
NFKB1-RELA,CXCL1,1,0,0,
NFKB1,CXCL1,1,0,0,
IRF3,CXCL10,1,0,0,
CXCL10,CXCL10,-1,0,0,
NFKB1,CXCL10,1,0,0,
STAT1,CXCL10,1,0,0,
IRF3,CXCL11,1,0,0,
CXCL11,CXCL11,-1,0,0,
STAT1,CXCL11,1,0,0,
CXCL12,CXCL12,-1,0,0,
RELB-NFKB2,CXCL12,1,0,0,
CXCL13,CXCL13,-1,0,0,
CXCL16,CXCL16,-1,0,0,
CXCL6,CXCL6,-1,0,0,
JUN,CXCL8,1,0,0,
CXCL8,CXCL8,-1,0,0,
NFKB1-RELA,CXCL8,1,0,0,
FOS,CXCL8,1,0,0,
IRF5,CXCL8,1,0,0,
NFKB1,CXCL8,1,0,0,
CXCL9,CXCL9,-1,0,0,
STAT1,CXCL9,1,0,0,
IRF3,CXCL9,1,0,0,
CXCR1,CXCR1,-1,0,0,
CXCL6,CXCR1,1,0,0,
CXCL8,CXCR1,1,0,0,
CXCL1,CXCR1,1,0,0,
CXCR2,CXCR2,-1,0,0,
PPBP,CXCR2,1,0,0,
CXCL6,CXCR2,1,0,0,
CXCL8,CXCR2,1,0,0,
CXCL1,CXCR2,1,0,0,
PF4,CXCR3,1,0,0,
CXCR3,CXCR3,-1,0,0,
CXCL10,CXCR3,1,0,0,
CXCL11,CXCR3,1,0,0,
CXCL13,CXCR3,1,0,0,
CXCL9,CXCR3,1,0,0,
CXCR4,CXCR4,-1,0,0,
CXCL12,CXCR4,1,0,0,
CXCR5,CXCR5,-1,0,0,
CXCL13,CXCR5,1,0,0,
ARRB1,CXCR6,0,0,0,
GRK7,CXCR6,0,0,0,
CXCR6,CXCR6,-1,0,0,
CXCL16,CXCR6,1,0,0,
CCL26,CXCR6,1,0,0,
CXXC4,CXXC4,-1,0,0,
RAC1,CYBA,1,0,0,
CYBB,CYBA,0,0,0,
CYBA,CYBA,-1,0,0,
C00155,CYBB,1,0,0,
CYBB,CYBB,-1,0,0,
NAMPT,CYBB,1,0,0,
CYBB-CYBA,CYBB-CYBA,-1,0,0,
RAC1,CYBB-CYBA,1,0,0,
VCAM1,CYBB-CYBA,1,0,0,
SIAH1,CYCS,0,0,0,
BID,CYCS,0,0,0,
TP53AIP1,CYCS,0,0,0,
CYCS,CYCS,-1,0,0,
CYFIP1,CYFIP1,-1,0,0,
CYLD,CYLD,-1,0,0,
CYP21A2,CYP11A1,0,0,0,
STS,CYP11A1,0,0,0,
SULT2B1,CYP11A1,0,0,0,
HSD3B1,CYP11A1,0,0,0,
CYP17A1,CYP11A1,0,0,0,
CYP11A1,CYP11A1,-1,0,0,
CYP7B1,CYP11A1,0,0,0,
CYP21A2,CYP11B1,0,0,0,
CYP11B1,CYP11B1,-1,0,0,
HSD3B1,CYP11B1,0,0,0,
AKR1C1,CYP11B1,0,0,0,
CYP17A1,CYP11B1,0,0,0,
CYP11B2,CYP11B2,-1,0,0,
CYP11B1,CYP11B2,0,0,0,
CREB3,CYP11B2,1,0,0,
NR4A2,CYP11B2,1,0,0,
NR4A1,CYP11B2,1,0,0,
CYP3A7-CYP3A51P,CYP17A1,0,0,0,
CYP11A1,CYP17A1,0,0,0,
CYP11B1,CYP17A1,0,0,0,
LHCGR,CYP17A1,1,0,0,
CYP7A1,CYP17A1,0,0,0,
CYP7B1,CYP17A1,0,0,0,
SRD5A1,CYP17A1,0,0,0,
CYP2E1,CYP17A1,0,0,0,
CYP17A1,CYP17A1,-1,0,0,
CYP19A1,CYP17A1,0,0,0,
PRKACA,CYP17A1,1,0,0,
CYP21A2,CYP17A1,0,0,0,
AKR1D1,CYP17A1,0,0,0,
SULT2B1,CYP17A1,0,0,0,
HSD3B1,CYP17A1,0,0,0,
AKR1C1,CYP17A1,0,0,0,
AKR1C3,CYP17A1,0,0,0,
STS,CYP17A1,0,0,0,
AKR1D1,CYP19A1,0,0,0,
AKR1C3,CYP19A1,0,0,0,
CYP11B1,CYP19A1,0,0,0,
CYP3A4,CYP19A1,0,0,0,
CYP3A5,CYP19A1,0,0,0,
SRD5A1,CYP19A1,0,0,0,
CYP1A1,CYP19A1,0,0,0,
UGT2B11,CYP19A1,0,0,0,
SULT1E1,CYP19A1,0,0,0,
HSD17B1,CYP19A1,0,0,0,
PRKACA,CYP19A1,1,0,0,
CYP19A1,CYP19A1,-1,0,0,
CYP1A1,CYP1A1,-1,0,0,
CYP2E1,CYP1A1,0,0,0,
AOX1,CYP1A1,0,0,0,
UGT2B11,CYP1A1,0,0,0,
HSD17B1,CYP1A1,0,0,0,
ALDH1A1,CYP1A1,0,0,0,
CBR1,CYP1A1,0,0,0,
AKR1C1,CYP1A1,0,0,0,
HSD11B1,CYP1A1,0,0,0,
SULT1E1,CYP1A1,0,0,0,
IDO2,CYP1A1,0,0,0,
107987478,CYP1A1,0,0,0,
CYP26A1,CYP1A1,0,0,0,
EPHX1,CYP1A1,0,0,0,
CYP2A6,CYP1A1,0,0,0,
AKR1C3,CYP1A1,0,0,0,
GSTO2,CYP1A1,0,0,0,
CYP3A4,CYP1A1,0,0,0,
CYP3A7-CYP3A51P,CYP1A1,0,0,0,
CYP2A13,CYP1A1,0,0,0,
CYP1A2,CYP1A2,-1,0,0,
CYP2C19,CYP1A2,0,0,0,
CYP2E1,CYP1A2,0,0,0,
NAT2,CYP1A2,0,0,0,
CYP2J2,CYP1A2,0,0,0,
CYP2A6,CYP1A2,0,0,0,
CYP3A4,CYP1A2,0,0,0,
CYP1A1,CYP1B1,0,0,0,
CYP1B1,CYP1B1,-1,0,0,
HSD17B1,CYP1B1,0,0,0,
EPHX1,CYP1B1,0,0,0,
AKR1C3,CYP1B1,0,0,0,
GSTO2,CYP1B1,0,0,0,
CYP21A2,CYP21A2,-1,0,0,
HSD3B1,CYP21A2,0,0,0,
AKR1C1,CYP21A2,0,0,0,
CYP11A1,CYP21A2,0,0,0,
CYP11B2,CYP21A2,0,0,0,
CYP11B1,CYP21A2,0,0,0,
CYP17A1,CYP21A2,0,0,0,
CYP27B1,CYP24A1,0,0,0,
CYP24A1,CYP24A1,-1,0,0,
CYP2R1,CYP24A1,0,0,0,
CYP1A1,CYP26A1,0,0,0,
AOX1,CYP26A1,0,0,0,
ALDH1A1,CYP26A1,0,0,0,
RETSAT,CYP26A1,0,0,0,
CYP2A6,CYP26A1,0,0,0,
CYP3A7-CYP3A51P,CYP26A1,0,0,0,
CYP26A1,CYP26A1,-1,0,0,
CYP46A1,CYP27A1,0,0,0,
CYP27A1,CYP27A1,-1,0,0,
CYP7A1,CYP27A1,0,0,0,
AKR1C4,CYP27A1,0,0,0,
PPARG-RXRA,CYP27A1,1,0,0,
CYP8B1,CYP27A1,0,0,0,
CH25H,CYP27A1,0,0,0,
CYP27B1,CYP27B1,-1,0,0,
LRAT,CYP27C1,0,0,0,
SDR16C5,CYP27C1,0,0,0,
DHRS9,CYP27C1,0,0,0,
ADH1A,CYP27C1,0,0,0,
RDH12,CYP27C1,0,0,0,
AWAT2,CYP27C1,0,0,0,
PNPLA4,CYP27C1,0,0,0,
RETSAT,CYP27C1,0,0,0,
CYP27C1,CYP27C1,-1,0,0,
CYP26A1,CYP27C1,0,0,0,
GSTO2,CYP2A13,0,0,0,
EPHX1,CYP2A13,0,0,0,
HSD11B1,CYP2A13,0,0,0,
AKR1C1,CYP2A13,0,0,0,
CYP2A13,CYP2A13,-1,0,0,
CYP1A2,CYP2A13,0,0,0,
CYP2E1,CYP2A13,0,0,0,
107987478,CYP2A13,0,0,0,
CYP2A6,CYP2A13,0,0,0,
CBR1,CYP2A13,0,0,0,
CYP2C9,CYP2A6,0,0,0,
CYP2E1,CYP2A6,0,0,0,
CYP1A2,CYP2A6,0,0,0,
CYP1A1,CYP2A6,0,0,0,
CYP4A11,CYP2A6,0,0,0,
CYP2A6,CYP2A6,-1,0,0,
CYP2B6,CYP2A6,0,0,0,
AOX1,CYP2A6,0,0,0,
CBR1,CYP2A6,0,0,0,
TYMP,CYP2A6,0,0,0,
ALDH1A1,CYP2A6,0,0,0,
HSD11B1,CYP2A6,0,0,0,
107987478,CYP2A6,0,0,0,
AKR1C1,CYP2A6,0,0,0,
CYP2A13,CYP2A6,0,0,0,
CYP3A7-CYP3A51P,CYP2A6,0,0,0,
CYP26A1,CYP2A6,0,0,0,
CYP2C19,CYP2B6,0,0,0,
CYP4A11,CYP2B6,0,0,0,
CYP2B6,CYP2B6,-1,0,0,
CYP1B1,CYP2B6,0,0,0,
CYP4F8,CYP2B6,0,0,0,
EPHX2,CYP2B6,0,0,0,
CYP3A4,CYP2B6,0,0,0,
CYP3A5,CYP2B6,0,0,0,
CYP2J2,CYP2C19,0,0,0,
MAOA,CYP2C19,0,0,0,
CYP3A4,CYP2C19,0,0,0,
CYP3A5,CYP2C19,0,0,0,
107987478,CYP2C19,0,0,0,
CYP2B6,CYP2C19,0,0,0,
CYP2C19,CYP2C19,-1,0,0,
CYP1A2,CYP2C19,0,0,0,
CYP2E1,CYP2C19,0,0,0,
MAOA,CYP2C19,1,0,0,
CYP2C8,CYP2C8,-1,0,0,
CYP2B6,CYP2C8,0,0,0,
CYP3A4,CYP2C8,0,0,0,
CYP2C9,CYP2C9,-1,0,0,
GSTO2,CYP2C9,0,0,0,
EPHX1,CYP2C9,0,0,0,
CYP3A4,CYP2C9,0,0,0,
CYP2U1,CYP2E1,0,0,0,
CYP2C19,CYP2E1,0,0,0,
NAT2,CYP2E1,0,0,0,
SULT2B1,CYP2E1,0,0,0,
CYP1A2,CYP2E1,0,0,0,
CYP1A1,CYP2E1,0,0,0,
CYP4A11,CYP2E1,0,0,0,
CYP2B6,CYP2E1,0,0,0,
ALOX15B,CYP2E1,0,0,0,
PLA2G4B,CYP2E1,0,0,0,
CYP2E1,CYP2E1,-1,0,0,
ALOX12B,CYP2E1,0,0,0,
GSTO2,CYP2E1,0,0,0,
CYP2J2,CYP2E1,0,0,0,
CYP4F3,CYP2E1,0,0,0,
ALOX15,CYP2E1,0,0,0,
STS,CYP2E1,0,0,0,
CYP3A4,CYP2E1,0,0,0,
HSD3B1,CYP2E1,0,0,0,
AKR1C3,CYP2E1,0,0,0,
CES1,CYP2E1,0,0,0,
CYP2U1,CYP2J2,0,0,0,
CYP1A2,CYP2J2,0,0,0,
CYP4A11,CYP2J2,0,0,0,
CYP2B6,CYP2J2,0,0,0,
CYP2C19,CYP2J2,0,0,0,
ALOX5,CYP2J2,0,0,0,
ALOX15B,CYP2J2,0,0,0,
PLA2G4B,CYP2J2,0,0,0,
CYP2E1,CYP2J2,0,0,0,
ALOX12B,CYP2J2,0,0,0,
PTGS1,CYP2J2,0,0,0,
CYP2J2,CYP2J2,-1,0,0,
CYP4F3,CYP2J2,0,0,0,
ALOX12,CYP2J2,0,0,0,
ALOX15,CYP2J2,0,0,0,
CYP3A4,CYP2J2,0,0,0,
CYP2R1,CYP2R1,-1,0,0,
CYP27B1,CYP2R1,0,0,0,
CYP2U1,CYP2U1,-1,0,0,
CYP4A11,CYP2U1,0,0,0,
CYP2B6,CYP2U1,0,0,0,
CYP2C19,CYP2U1,0,0,0,
ALOX15B,CYP2U1,0,0,0,
ALOX12B,CYP2U1,0,0,0,
CYP39A1,CYP39A1,-1,0,0,
CYP46A1,CYP39A1,0,0,0,
HSD3B7,CYP39A1,0,0,0,
CYP2B6,CYP3A4,0,0,0,
CYP2C9,CYP3A4,0,0,0,
CYP2C19,CYP3A4,0,0,0,
CYP2A6,CYP3A4,0,0,0,
CYP2E1,CYP3A4,0,0,0,
FMO1,CYP3A4,0,0,0,
CYP1A2,CYP3A4,0,0,0,
GSTO2,CYP3A4,0,0,0,
CYP2A13,CYP3A4,0,0,0,
CYP2J2,CYP3A4,0,0,0,
HSD17B1,CYP3A4,0,0,0,
MAOA,CYP3A4,0,0,0,
CYP3A4,CYP3A4,-1,0,0,
CYP3A5,CYP3A4,0,0,0,
UGT2B11,CYP3A4,0,0,0,
107987478,CYP3A4,0,0,0,
EPHX1,CYP3A4,0,0,0,
AKR1C3,CYP3A4,0,0,0,
CYP1A1,CYP3A5,0,0,0,
HSD17B1,CYP3A5,0,0,0,
SULT1E1,CYP3A5,0,0,0,
CYP3A5,CYP3A5,-1,0,0,
UGT2B11,CYP3A5,0,0,0,
AKR1C3,CYP3A5,0,0,0,
CYP3A7-CYP3A51P,CYP3A7-CYP3A51P,-1,0,0,
CYP2A6,CYP3A7-CYP3A51P,0,0,0,
AOX1,CYP3A7-CYP3A51P,0,0,0,
CYP1A1,CYP3A7-CYP3A51P,0,0,0,
CYP26A1,CYP3A7-CYP3A51P,0,0,0,
ALDH1A1,CYP3A7-CYP3A51P,0,0,0,
CYP4A11,CYP3A7-CYP3A51P,0,0,0,
AKR1C3,CYP3A7-CYP3A51P,0,0,0,
SULT2B1,CYP3A7-CYP3A51P,0,0,0,
STS,CYP3A7-CYP3A51P,0,0,0,
CYP46A1,CYP46A1,-1,0,0,
CYP2A6,CYP4A11,0,0,0,
CYP3A7-CYP3A51P,CYP4A11,0,0,0,
AOX1,CYP4A11,0,0,0,
CYP2B6,CYP4A11,0,0,0,
ALOX15,CYP4A11,0,0,0,
CYP4F8,CYP4A11,0,0,0,
CYP2C19,CYP4A11,0,0,0,
PPARA-RXRA,CYP4A11,1,0,0,
ALOX5,CYP4A11,0,0,0,
CYP2U1,CYP4A11,0,0,0,
CYP1A1,CYP4A11,0,0,0,
ALOX15B,CYP4A11,0,0,0,
CYP2E1,CYP4A11,0,0,0,
CYP26A1,CYP4A11,0,0,0,
ALDH2,CYP4A11,0,0,0,
ALOX12B,CYP4A11,0,0,0,
ALDH1A1,CYP4A11,0,0,0,
CYP4A11,CYP4A11,-1,0,0,
PTGS1,CYP4A11,0,0,0,
CYP2B6,CYP4F3,0,0,0,
CYP4F3,CYP4F3,-1,0,0,
CYP2C19,CYP4F3,0,0,0,
LTA4H,CYP4F3,0,0,0,
ALOX15B,CYP4F3,0,0,0,
CYP2U1,CYP4F3,0,0,0,
ALOX12B,CYP4F3,0,0,0,
CYP4A11,CYP4F3,0,0,0,
CYP4F3,CYP4F8,0,0,0,
CYP4F8,CYP4F8,-1,0,0,
CYP2U1,CYP4F8,0,0,0,
CYP4A11,CYP4F8,0,0,0,
DHCR24,CYP51A1,0,0,0,
LSS,CYP51A1,0,0,0,
LBR,CYP51A1,0,0,0,
CYP51A1,CYP51A1,-1,0,0,
CH25H,CYP7A1,0,0,0,
CYP3A7-CYP3A51P,CYP7A1,0,0,0,
AKR1C3,CYP7A1,0,0,0,
CYP7A1,CYP7A1,-1,0,0,
STS,CYP7A1,0,0,0,
CYP27A1,CYP7A1,0,0,0,
NR0B2,CYP7A1,-1,0,0,
CYP2E1,CYP7A1,0,0,0,
SULT2B1,CYP7A1,0,0,0,
PPARA-RXRA,CYP7A1,1,0,0,
CYP46A1,CYP7A1,0,0,0,
CH25H,CYP7B1,0,0,0,
CYP7B1,CYP7B1,-1,0,0,
CYP21A2,CYP7B1,0,0,0,
CYP27A1,CYP7B1,0,0,0,
PPARA-RXRA,CYP8B1,1,0,0,
AKR1C4,CYP8B1,0,0,0,
HSD3B7,CYP8B1,0,0,0,
CYP8B1,CYP8B1,-1,0,0,
CYP27A1,CYP8B1,0,0,0,
CYSLTR1,CYSLTR1,-1,0,0,
C02166,CYSLTR1,1,0,0,
C05981,CYTH4,1,0,0,
CYTH4,CYTH4,-1,0,0,
RHOA,DAAM1,0,0,0,
DAAM1,DAAM1,-1,0,0,
DAB2IP,DAB2IP,-1,0,0,
TNFRSF1B,DAB2IP,1,0,0,
TRAF2,DAB2IP,1,0,0,
ALG10B,DAD1-STT3B,0,0,0,
MOGS,DAD1-STT3B,0,0,0,
DOLPP1,DAD1-STT3B,0,0,0,
DAD1-STT3B,DAD1-STT3B,-1,0,0,
AGRN,DAG1-DAG1,1,0,0,
DAG1-DAG1,DAG1-DAG1,-1,0,0,
HSPG2,DAG1-DAG1,1,0,0,
LAMC3,DAG1-DAG1,1,0,0,
GCAT,DAO,0,0,0,
L3HYPDH,DAO,0,0,0,
PIPOX,DAO,0,0,0,
SARDH,DAO,0,0,0,
AGXT,DAO,0,0,0,
GATM,DAO,0,0,0,
GLDC,DAO,0,0,0,
DAO,DAO,-1,0,0,
GNMT,DAO,0,0,0,
SHMT1,DAO,0,0,0,
ALAS1,DAO,0,0,0,
DAPK1,DAPK1,-1,0,0,
LYN,DAPP1,1,0,0,
DAPP1,DAPP1,-1,0,0,
TGFBR1,DAXX,1,0,0,
DAXX,DAXX,-1,0,0,
FAS,DAXX,1,0,0,
DBF4-CDC7,DBF4-CDC7,-1,0,0,
COMT,DBH,0,0,0,
PNMT,DBH,0,0,0,
MAOA,DBH,0,0,0,
DBH,DBH,-1,0,0,
DBI,DBI,-1,0,0,
PPARA-RXRA,DBI,1,0,0,
IVD,DBT,0,0,0,
ACADSB,DBT,0,0,0,
DLD,DBT,0,0,0,
ACOX1,DBT,0,0,0,
ACADM,DBT,0,0,0,
ACAD8,DBT,0,0,0,
DBT,DBT,-1,0,0,
BCKDHA,DBT,0,0,0,
ALDH6A1,DBT,0,0,0,
SRC,DCC,1,0,0,
PTK2,DCC,1,0,0,
DCC,DCC,-1,0,0,
NTN1,DCC-DCC,1,0,0,
DCC-DCC,DCC-DCC,-1,0,0,
DCC-UNC5D,DCC-UNC5D,-1,0,0,
NTN1,DCC-UNC5D,1,0,0,
DCTPP1,DCK,0,0,0,
PDE10A,DCK,0,0,0,
ENTPD8,DCK,0,0,0,
APRT,DCK,0,0,0,
ENPP1,DCK,0,0,0,
PDE7B,DCK,0,0,0,
ADSL,DCK,0,0,0,
AMPD1,DCK,0,0,0,
AK3,DCK,0,0,0,
AK6,DCK,0,0,0,
DCK,DCK,-1,0,0,
CMPK2,DCK,0,0,0,
DCN,DCN,-1,0,0,
MITF,DCT,1,0,0,
DCT,DCT,-1,0,0,
CMPK2,DCTD,0,0,0,
NT5C1B-RDH14,DCTD,0,0,0,
DCK,DCTD,0,0,0,
DCTD,DCTD,-1,0,0,
DCTPP1,DCTD,0,0,0,
RRM2B,DCTPP1,0,0,0,
DCTD,DCTPP1,0,0,0,
NME6,DCTPP1,0,0,0,
DCTPP1,DCTPP1,-1,0,0,
CMPK2,DCTPP1,0,0,0,
NT5C1B-RDH14,DCTPP1,0,0,0,
DCK,DCTPP1,0,0,0,
SORD,DCXR,0,0,0,
DCXR,DCXR,-1,0,0,
TP53,DDB2,1,0,0,
DDB2,DDB2,-1,0,0,
GOT1L1,DDC,0,0,0,
AANAT,DDC,0,0,0,
COMT,DDC,0,0,0,
IL4I1,DDC,0,0,0,
TH,DDC,0,0,0,
TYR,DDC,0,0,0,
IDO2,DDC,0,0,0,
TDO2,DDC,0,0,0,
MAOA,DDC,0,0,0,
TPO,DDC,0,0,0,
DBH,DDC,0,0,0,
TPH2,DDC,0,0,0,
TAT,DDC,0,0,0,
DDC,DDC,-1,0,0,
XBP1,DDIT3,1,0,0,
ATF6B,DDIT3,1,0,0,
NFE2L2,DDIT3,1,0,0,
MAPK14,DDIT3,0,0,0,
DDIT3,DDIT3,-1,0,0,
ATF4,DDIT3,1,0,0,
HIF1A,DDIT4,1,0,0,
DDIT4,DDIT4,-1,0,0,
NIT2,DDO,0,0,0,
DDO,DDO,-1,0,0,
DDX20,DDX20,-1,0,0,
ALYREF,DDX39B,0,0,0,
DDX39B,DDX39B,-1,0,0,
DDX3X,DDX3X,-1,0,0,
DHX58,DDX58,-1,0,0,
RNF125,DDX58,-1,0,0,
ISG15,DDX58,0,0,0,
DDX58,DDX58,-1,0,0,
TRIM25,DDX58,1,0,0,
ATG5-ATG12,DDX58,0,0,0,
CYLD,DDX58,-1,0,0,
ASAH1,DEGS2,0,0,0,
CERS1,DEGS2,0,0,0,
SGPP2,DEGS2,0,0,0,
DEGS2,DEGS2,-1,0,0,
SGMS2,DEGS2,0,0,0,
CERS6,DEGS2,0,0,0,
DEPTOR,DEPTOR,-1,0,0,
DERA,DERA,-1,0,0,
RBKS,DERA,0,0,0,
PGM2,DERA,0,0,0,
GZMB,DFFA,-1,0,0,
DFFA,DFFA,-1,0,0,
CASP3,DFFA,-1,0,0,
PLPP1,DGAT2,0,0,0,
DGAT2,DGAT2,-1,0,0,
MOGAT3,DGAT2,0,0,0,
CEL,DGKK,0,0,0,
LPL,DGKK,0,0,0,
MOGAT1,DGKK,0,0,0,
MOGAT3,DGKK,0,0,0,
CDS1,DGKK,0,0,0,
CEPT1,DGKK,0,0,0,
AGPAT1,DGKK,0,0,0,
PLCD3,DGKK,0,0,0,
DGKK,DGKK,-1,0,0,
DGLUCY,DGLUCY,-1,0,0,
DGUOK,DGUOK,-1,0,0,
GUK1,DGUOK,0,0,0,
ITPA,DGUOK,0,0,0,
EBP,DHCR24,0,0,0,
SC5D,DHCR24,0,0,0,
DHCR7,DHCR24,0,0,0,
LSS,DHCR24,0,0,0,
CEL,DHCR24,0,0,0,
SOAT1,DHCR24,0,0,0,
DHCR24,DHCR24,-1,0,0,
HSD17B7,DHCR24,0,0,0,
DHCR24,DHCR7,0,0,0,
DHCR7,DHCR7,-1,0,0,
SC5D,DHCR7,0,0,0,
DHDH,DHDH,-1,0,0,
DHFR,DHFR,-1,0,0,
TYMS,DHFR,0,0,0,
AKR1B1,DHFR,0,0,0,
FPGS,DHFR,0,0,0,
SPR,DHFR,0,0,0,
CAD,DHODH,0,0,0,
DHODH,DHODH,-1,0,0,
UMPS,DHODH,0,0,0,
DHRS4,DHRS4,-1,0,0,
CYP26A1,DHRS9,0,0,0,
DHRS9,DHRS9,-1,0,0,
BCO1,DHRS9,0,0,0,
RETSAT,DHRS9,0,0,0,
DHX33,DHX33,-1,0,0,
RNASEL,DHX33,1,0,0,
DHX58,DHX58,-1,0,0,
DIABLO,DIABLO,-1,0,0,
RHOA,DIAPH1,1,0,0,
DIAPH1,DIAPH1,-1,0,0,
CDC42,DIAPH3,1,0,0,
DIAPH3,DIAPH3,-1,0,0,
DKK1,DKK1,-1,0,0,
ACSS2,DLAT,0,0,0,
ACOT12,DLAT,0,0,0,
DLAT,DLAT,-1,0,0,
DLD,DLAT,0,0,0,
ACAT1,DLAT,0,0,0,
PDHA1,DLAT,0,0,0,
ACACA,DLAT,0,0,0,
AMT,DLD,0,0,0,
GCDH,DLD,0,0,0,
DLAT,DLD,0,0,0,
DLST,DLD,0,0,0,
DLD,DLD,-1,0,0,
AGXT,DLD,0,0,0,
AADAT,DLD,0,0,0,
GLDC,DLD,0,0,0,
PDHA1,DLD,0,0,0,
BCKDHA,DLD,0,0,0,
LLGL2,DLG1,0,0,0,
DLG1,DLG1,-1,0,0,
ZAP70,DLG1,0,0,0,
NEDD4L,DLG3,0,0,0,
DLG3,DLG3,-1,0,0,
DLG3-DLG2,DLG3-DLG2,-1,0,0,
TJAP1,DLG3-DLG2,0,0,0,
GRIN3A,DLG4,0,0,0,
DLG4,DLG4,-1,0,0,
DLGAP1,DLGAP1,-1,0,0,
DLG4,DLGAP1,0,0,0,
DLL3,DLL3,-1,0,0,
SUCLG2,DLST,0,0,0,
DLST,DLST,-1,0,0,
BHMT,DMGDH,0,0,0,
DMGDH,DMGDH,-1,0,0,
DMP1,DMP1,-1,0,0,
PGAM5,DNM1L,1,0,0,
RIPK3,DNM1L,1,0,0,
DNM1L,DNM1L,-1,0,0,
PIK3CA,DNM2-AMPH,1,0,0,
DNM2-AMPH,DNM2-AMPH,-1,0,0,
AHCYL1,DNMT1,0,0,0,
DNMT1,DNMT1,-1,0,0,
MAT2B,DNMT1,0,0,0,
CRK-BCAR1,DOCK1,1,0,0,
CRK,DOCK1,1,0,0,
DOCK1,DOCK1,-1,0,0,
DOCK2-ELMO1,DOCK2-ELMO1,-1,0,0,
FGR,DOCK2-ELMO1,1,0,0,
DOCK4,DOCK4,-1,0,0,
DPAGT1,DOLK,0,0,0,
DPM1-DPM3,DOLK,0,0,0,
DOLPP1,DOLK,0,0,0,
DOLK,DOLK,-1,0,0,
ALG5,DOLK,0,0,0,
SRD5A3,DOLK,0,0,0,
DOLPP1,DOLPP1,-1,0,0,
DPM1-DPM3,DPAGT1,0,0,0,
ALG5,DPAGT1,0,0,0,
DPAGT1,DPAGT1,-1,0,0,
DOLPP1,DPAGT1,0,0,0,
DOLPP1,DPM1-DPM3,0,0,0,
ALG1,DPM1-DPM3,0,0,0,
DPM1-DPM3,DPM1-DPM3,-1,0,0,
ALG3,DPM1-DPM3,0,0,0,
ALG5,DPM1-DPM3,0,0,0,
UPP2,DPYD,0,0,0,
UPRT,DPYD,0,0,0,
DPYD,DPYD,-1,0,0,
DPYS,DPYD,0,0,0,
CYP2A6,DPYD,0,0,0,
TYMP,DPYD,0,0,0,
UPB1,DPYS,0,0,0,
DPYD,DPYS,0,0,0,
DPYS,DPYS,-1,0,0,
DPYSL2,DPYSL2,-1,0,0,
DPYSL5,DPYSL2,0,0,0,
GSK3B,DPYSL2,1,0,0,
CDK5,DPYSL2,1,0,0,
DPYSL2-DPYSL5,DPYSL2-DPYSL5,-1,0,0,
FES,DPYSL2-DPYSL5,1,0,0,
DPYSL5,DPYSL5,-1,0,0,
C03758,DRD1,1,0,0,
DRD1,DRD1,-1,0,0,
C03758,DRD2,1,0,0,
DRD2,DRD2,-1,0,0,
C03758,DRD3,1,0,0,
DRD3,DRD3,-1,0,0,
C03758,DRD5,1,0,0,
DRD5,DRD5,-1,0,0,
DSPP,DSPP,-1,0,0,
NOTCH1,DTX2,1,0,0,
DTX2,DTX2,-1,0,0,
DTYMK,DTYMK,-1,0,0,
ENTPD8,DTYMK,0,0,0,
TYMS,DTYMK,0,0,0,
NME6,DTYMK,0,0,0,
DCTD,DTYMK,0,0,0,
DUT,DTYMK,0,0,0,
DUOX2,DUOX2,-1,0,0,
DUOXA2,DUOX2,1,0,0,
DUOXA2,DUOXA2,-1,0,0,
DUSP1,DUSP1,-1,0,0,
C00076,DUSP1,1,0,0,
DUSP10,DUSP10,-1,0,0,
DUSP3,DUSP3,-1,0,0,
SMAD1,DUSP9,1,0,0,
DUSP9,DUSP9,-1,0,0,
DUT,DUT,-1,0,0,
NT5C1B-RDH14,DUT,0,0,0,
NME6,DUT,0,0,0,
DCTD,DUT,0,0,0,
TK1,DUT,0,0,0,
CMPK1,DUT,0,0,0,
DUT,DUT,1,0,0,
FZD10-LRP6,DVL1,1,0,0,
GNAO1,DVL1,1,0,0,
AXIN1,DVL1,0,0,0,
APC2,DVL1,0,0,0,
DAAM1,DVL1,0,0,0,
SENP2,DVL1,-1,0,0,
FZD10,DVL1,1,0,0,
INVS,DVL1,0,0,0,
FRAT1,DVL1,0,0,0,
DVL1,DVL1,-1,0,0,
CXXC4,DVL1,-1,0,0,
NKD1,DVL1,1,0,0,
BAMBI,DVL1,1,0,0,
DYNC1H1-RAB7B,DYNC1H1-RAB7B,-1,0,0,
E2F1,E2F1,-1,0,0,
CDK2-CCNA2,E2F1,-1,0,0,
EBAG9,EBAG9,-1,0,0,
NCOA2-ESR1,EBAG9,1,0,0,
TM7SF2,EBP,0,0,0,
EBP,EBP,-1,0,0,
SC5D,EBP,0,0,0,
HSD17B7,EBP,0,0,0,
DBT,ECHDC1,0,0,0,
ACOX1,ECHDC1,0,0,0,
MCEE,ECHDC1,0,0,0,
ECHDC1,ECHDC1,-1,0,0,
ALDH6A1,ECHDC1,0,0,0,
HADHA,ECHS1,0,0,0,
HIBCH,ECHS1,0,0,0,
MECR,ECHS1,0,0,0,
ECHS1,ECHS1,-1,0,0,
ACADS,ECHS1,0,0,0,
ACAD8,ECHS1,0,0,0,
HADH,ECHS1,0,0,0,
MCCC1,ECHS1,0,0,0,
ACADSB,ECHS1,0,0,0,
EHHADH,ECHS1,0,0,0,
ACADVL,ECHS1,0,0,0,
ECSIT,ECSIT,-1,0,0,
EDA,EDA,-1,0,0,
EDA2R,EDA2R,-1,0,0,
EDA,EDA2R,1,0,0,
EDA,EDAR,1,0,0,
EDAR,EDAR,-1,0,0,
EDAR,EDARADD,0,0,0,
EDARADD,EDARADD,-1,0,0,
ARNT-CREBBP,EDN1,1,0,0,
EDN1,EDN1,-1,0,0,
EDN1,EDNRA,1,0,0,
EDNRA,EDNRA,-1,0,0,
EDN1,EDNRB,1,0,0,
EDNRB,EDNRB,-1,0,0,
EEA1-RAB5A,EEA1-RAB5A,-1,0,0,
EEF1A1,EEF1A1,-1,0,0,
RAN,EEF1A1,0,0,0,
EEF2K,EEF2,-1,0,0,
EEF2,EEF2,-1,0,0,
PRKCA,EEF2K,1,0,0,
EEF2K,EEF2K,-1,0,0,
PRKAG2,EEF2K,1,0,0,
SBDS,EFL1,0,0,0,
EFL1,EFL1,-1,0,0,
EFNA1,EFNA1,-1,0,0,
EFNB1,EFNB1,-1,0,0,
EGF,EGF,-1,0,0,
ARNT-CREBBP,EGF,1,0,0,
PIK3R6,EGFR,1,0,0,
TGFA,EGFR,1,0,0,
EPN2-EPS15,EGFR,0,0,0,
RNF41,EGFR,0,0,0,
INS,EGFR,1,0,0,
EREG,EGFR,1,0,0,
PLCB1,EGFR,1,0,0,
HBEGF,EGFR,1,0,0,
EGF,EGFR,1,0,0,
EGFR,EGFR,-1,0,0,
SH3KBP1-SH3GLB1,EGFR,0,0,0,
SRC,EGFR,1,0,0,
KITLG,EGFR,1,0,0,
PDGFA,EGFR,1,0,0,
BTC,EGFR,1,0,0,
AREG,EGFR,1,0,0,
BTC,EGFR-EGFR,1,0,0,
TGFA,EGFR-EGFR,1,0,0,
AREG,EGFR-EGFR,1,0,0,
EGF,EGFR-EGFR,1,0,0,
HBEGF,EGFR-EGFR,1,0,0,
EGFR-EGFR,EGFR-EGFR,-1,0,0,
EREG,EGFR-EGFR,1,0,0,
C00072,EGLN2,1,0,0,
PRKCA,EGLN2,-1,0,0,
C14818,EGLN2,1,0,0,
C00026,EGLN2,1,0,0,
EGLN2,EGLN2,-1,0,0,
C00533,EGLN2,-1,0,0,
C00007,EGLN2,1,0,0,
C00533,EGLN2,1,0,0,
EGR1,EGR1,-1,0,0,
MAPK1,EGR1,1,0,0,
RBSN,EHD1,0,0,0,
EHD1,EHD1,-1,0,0,
EHD2,EHD2,-1,0,0,
CLTA-AP2M1,EHD2,0,0,0,
EHD3,EHD3,-1,0,0,
ACAT1,EHHADH,0,0,0,
ECHS1,EHHADH,0,0,0,
ACAA2,EHHADH,0,0,0,
OXCT1,EHHADH,0,0,0,
HMGCS1,EHHADH,0,0,0,
PPARA-RXRA,EHHADH,1,0,0,
AGXT2,EHHADH,0,0,0,
EHHADH,EHHADH,-1,0,0,
AACS,EHHADH,0,0,0,
PRKACA,EHMT2,1,0,0,
CAMKMT,EHMT2,0,0,0,
EHMT2,EHMT2,-1,0,0,
EI24,EI24,-1,0,0,
TP53,EI24,1,0,0,
EIF1,EIF1,-1,0,0,
EIF3E,EIF1,0,0,0,
EIF2AK1,EIF2AK1,-1,0,0,
EIF2AK3,EIF2AK3,-1,0,0,
EIF2AK4,EIF2AK4,-1,0,0,
EIF2B1,EIF2B1,-1,0,0,
EIF3E,EIF2S1,0,0,0,
PPP1R15A,EIF2S1,-1,0,0,
EIF2AK4,EIF2S1,1,0,0,
EIF2AK1,EIF2S1,1,0,0,
EIF2AK3,EIF2S1,1,0,0,
EIF2B1,EIF2S1,1,0,0,
EIF2S1,EIF2S1,-1,0,0,
EIF3E,EIF3E,-1,0,0,
PAIP1,EIF4A1,0,0,0,
EIF4B,EIF4A1,1,0,0,
EIF4G1,EIF4A1,0,0,0,
EIF4A1,EIF4A1,-1,0,0,
RBM8A,EIF4A3,0,0,0,
EIF4A3,EIF4A3,-1,0,0,
RPS6KB1,EIF4B,1,0,0,
EIF4B,EIF4B,-1,0,0,
CYFIP1,EIF4E,-1,0,0,
EIF4EBP1,EIF4E,-1,0,0,
EIF4G1,EIF4E,0,0,0,
EIF4E,EIF4E,-1,0,0,
MKNK2,EIF4E,1,0,0,
MTOR,EIF4EBP1,-1,0,0,
RPTOR-MTOR,EIF4EBP1,-1,0,0,
MAPK1,EIF4EBP1,-1,0,0,
EIF4EBP1,EIF4EBP1,-1,0,0,
MTOR,EIF4EBP2,-1,0,0,
EIF4EBP2,EIF4EBP2,-1,0,0,
EIF4G1,EIF4G1,-1,0,0,
EIF5,EIF5,-1,0,0,
EIF3E,EIF5,0,0,0,
EIF6,EIF6,-1,0,0,
PRKAG2,ELAVL1,-1,0,0,
ELAVL1,ELAVL1,-1,0,0,
STAT1,ELF5,1,0,0,
ELF5,ELF5,-1,0,0,
ELK1,ELK1,-1,0,0,
MAPK14,ELK1,0,0,0,
MAPK7,ELK1,1,0,0,
MAPK8,ELK1,1,0,0,
MAPK1,ELK1,1,0,0,
SRF,ELK1,0,0,0,
ELK4,ELK4,-1,0,0,
MAPK14,ELK4,0,0,0,
MAPK1,ELK4,0,0,0,
SRF,ELK4,0,0,0,
ELOVL2,ELOVL2,-1,0,0,
HSD17B12,ELOVL2,0,0,0,
BAIAP2,ENAH,1,0,0,
ENAH,ENAH,-1,0,0,
ABL1,ENAH,1,0,0,
MINPP1,ENO1,0,0,0,
ENO1,ENO1,-1,0,0,
PKLR,ENO1,0,0,0,
ARNT-CREBBP,ENO1,1,0,0,
PCK1,ENO1,0,0,0,
ADI1,ENOPH1,0,0,0,
ENOPH1,ENOPH1,-1,0,0,
APIP,ENOPH1,0,0,0,
UMPS,ENPP1,0,0,0,
GMPS,ENPP1,0,0,0,
GMPR,ENPP1,0,0,0,
NT5C1B-RDH14,ENPP1,0,0,0,
UCKL1,ENPP1,0,0,0,
HPRT1,ENPP1,0,0,0,
PKLR,ENPP1,0,0,0,
NADSYN1,ENPP1,0,0,0,
ENTPD8,ENPP1,0,0,0,
QPRT,ENPP1,0,0,0,
GUCY1A2,ENPP1,0,0,0,
CANT1,ENPP1,0,0,0,
ENPP1,ENPP1,-1,0,0,
RFK,ENPP1,0,0,0,
APRT,ENPP1,0,0,0,
ACP1,ENPP1,0,0,0,
UPRT,ENPP1,0,0,0,
SIRT2,ENPP1,0,0,0,
NME6,ENPP1,0,0,0,
AK3,ENPP1,0,0,0,
AK6,ENPP1,0,0,0,
ADCY1,ENPP1,0,0,0,
CTPS1,ENPP1,0,0,0,
COASY,ENPP1,0,0,0,
CMPK2,ENPP1,0,0,0,
ENPP6,ENPP6,-1,0,0,
PLA2G4B,ENPP6,0,0,0,
TMEM86B,ENPP6,0,0,0,
GDPD1,ENPP6,0,0,0,
SGPP2,ENPP7,0,0,0,
DEGS2,ENPP7,0,0,0,
ENPP7,ENPP7,-1,0,0,
ENTPD2,ENTPD2,-1,0,0,
ENTPD8,ENTPD2,0,0,0,
NME6,ENTPD2,0,0,0,
AK6,ENTPD2,0,0,0,
AK3,ENTPD2,0,0,0,
RRM2B,ENTPD2,0,0,0,
PKLR,ENTPD2,0,0,0,
ENTPD8,ENTPD8,-1,0,0,
CMPK2,ENTPD8,0,0,0,
AMPD1,ENTPD8,0,0,0,
GUK1,ENTPD8,0,0,0,
CTPS1,ENTPD8,0,0,0,
ADSS1,ENTPD8,0,0,0,
ATIC,ENTPD8,0,0,0,
PDE7B,ENTPD8,0,0,0,
GMPR,ENTPD8,0,0,0,
GMPS,ENTPD8,0,0,0,
ADCY1,ENTPD8,0,0,0,
NME6,ENTPD8,0,0,0,
AK6,ENTPD8,0,0,0,
PDE10A,ENTPD8,0,0,0,
CANT1,ENTPD8,0,0,0,
AK3,ENTPD8,0,0,0,
RRM2B,ENTPD8,0,0,0,
HDDC3,ENTPD8,0,0,0,
ITPA,ENTPD8,0,0,0,
TYMS,ENTPD8,0,0,0,
ENPP1,ENTPD8,0,0,0,
GUCY1A2,ENTPD8,0,0,0,
EPB41L4B,EPB41L4B,-1,0,0,
PRKCI,EPB41L4B,-1,0,0,
EPHA2,EPHA2,-1,0,0,
EFNA1,EPHA2,1,0,0,
EFNB1,EPHB1,1,0,0,
EPHB1,EPHB1,-1,0,0,
CYP1A1,EPHX1,0,0,0,
CYP1A2,EPHX1,0,0,0,
CYP1B1,EPHX1,0,0,0,
CYP2E1,EPHX1,0,0,0,
CYP2C9,EPHX1,0,0,0,
CYP2A6,EPHX1,0,0,0,
CYP3A4,EPHX1,0,0,0,
GSTO2,EPHX1,0,0,0,
EPHX1,EPHX1,-1,0,0,
EPHX2,EPHX2,-1,0,0,
EPN2-EPS15,EPN2-EPS15,-1,0,0,
EPO,EPO,-1,0,0,
ARNT-CREBBP,EPO,1,0,0,
EPO,EPOR,1,0,0,
EPOR,EPOR,-1,0,0,
CDK4-SYMPK,ERBB2,-1,0,0,
ERBB2,ERBB2,-1,0,0,
ERBB2-ERBB2,ERBB2-ERBB2,-1,0,0,
NRG2,ERBB3,1,0,0,
NRG1,ERBB3,1,0,0,
ERBB3,ERBB3,-1,0,0,
ERBB3-ERBB2,ERBB3-ERBB2,-1,0,0,
ERBB3-ERBB3,ERBB3-ERBB3,-1,0,0,
NRG2,ERBB3-ERBB3,1,0,0,
NRG1,ERBB3-ERBB3,1,0,0,
EREG,ERBB4,1,0,0,
HBEGF,ERBB4,1,0,0,
BTC,ERBB4,1,0,0,
NRG4,ERBB4,1,0,0,
NRG3,ERBB4,1,0,0,
NRG2,ERBB4,1,0,0,
NRG1,ERBB4,1,0,0,
ERBB4,ERBB4,-1,0,0,
ERBB4-ERBB2,ERBB4-ERBB2,-1,0,0,
EREG,ERBB4-ERBB4,1,0,0,
NRG1,ERBB4-ERBB4,1,0,0,
NRG4,ERBB4-ERBB4,1,0,0,
NRG2,ERBB4-ERBB4,1,0,0,
NRG3,ERBB4-ERBB4,1,0,0,
ERBB4-ERBB4,ERBB4-ERBB4,-1,0,0,
BTC,ERBB4-ERBB4,1,0,0,
HBEGF,ERBB4-ERBB4,1,0,0,
ERBIN,ERBIN,-1,0,0,
EREG,EREG,-1,0,0,
ERN1,ERN1,-1,0,0,
ERO1A,ERO1A,-1,0,0,
ESAM,ESAM,-1,0,0,
PTTG2,ESPL1,-1,0,0,
ESPL1,ESPL1,-1,0,0,
C00951,ESR1,0,0,0,
ESR1,ESR1,-1,0,0,
STAT1,ESR1,1,0,0,
MAPK1,ESR1,1,0,0,
TCF3,ESRRB,-1,0,0,
ESRRB,ESRRB,-1,0,0,
ETF1,ETF1,-1,0,0,
ETHE1,ETHE1,-1,0,0,
SQOR,ETHE1,0,0,0,
ETNPPL,ETNPPL,-1,0,0,
PCYT2,ETNPPL,0,0,0,
PHOSPHO1,ETNPPL,0,0,0,
CHKA,ETNPPL,0,0,0,
MAPK1,ETS1,1,0,0,
ETS1,ETS1,-1,0,0,
EVC2,EVC2,-1,0,0,
APBB1IP,EVL,1,0,0,
EVL,EVL,-1,0,0,
RALA,EXOC2,1,0,0,
EXOC2,EXOC2,-1,0,0,
EXOC7,EXOC7,-1,0,0,
EZR,EZR,-1,0,0,
PRKCA,EZR,1,0,0,
PRKACA,EZR,1,0,0,
TFPI,F10,-1,0,0,
F7,F10,1,0,0,
F9,F10,1,0,0,
F10,F10,-1,0,0,
SERPINC1,F10,-1,0,0,
VWF,F10,1,0,0,
F9,F11,1,0,0,
F12,F11,1,0,0,
F11,F11,-1,0,0,
SERPINC1,F11,-1,0,0,
F11R,F11R,-1,0,0,
F11R-F11R,F11R,0,0,0,
F11R-F11R,F11R-F11R,-1,0,0,
F12,F12,-1,0,0,
SERPINC1,F12,-1,0,0,
F2,F13A1,1,0,0,
F13A1,F13A1,-1,0,0,
F2,F2,-1,0,0,
F5,F2,1,0,0,
SERPINA5,F2,-1,0,0,
SERPINC1,F2,-1,0,0,
SERPIND1,F2,-1,0,0,
NFATC1,F2R,1,0,0,
F2,F2R,1,0,0,
CTSG,F2R,1,0,0,
PROC,F2R,1,0,0,
F2R,F2R,-1,0,0,
F2RL1,F2RL1,-1,0,0,
F2RL2,F2RL2,-1,0,0,
F2,F2RL2,1,0,0,
F3,F3,-1,0,0,
F5,F5,-1,0,0,
PROC,F5,-1,0,0,
PROS1,F5,-1,0,0,
TFPI,F7,-1,0,0,
F3,F7,1,0,0,
F7,F7,-1,0,0,
F8,F8,-1,0,0,
PROC,F8,-1,0,0,
VWF,F8,0,0,0,
F9,F9,-1,0,0,
SERPINC1,F9,-1,0,0,
FANCM,FAAP24,0,0,0,
FAAP24,FAAP24,-1,0,0,
FABP1,FABP1,-1,0,0,
PPARA-RXRA,FABP1,1,0,0,
FABP2,FABP2,-1,0,0,
FABP3,FABP3,-1,0,0,
PPARD-RXRA,FABP3,1,0,0,
PPARG-RXRA,FABP4,1,0,0,
FABP4,FABP4,-1,0,0,
TNFRSF10B,FADD,1,0,0,
TRADD,FADD,1,0,0,
FADD,FADD,-1,0,0,
CASP8,FADD,0,0,0,
MYD88,FADD,1,0,0,
FAS,FADD,1,0,0,
TRADD,FADD-RIPK1,0,0,0,
FADD-RIPK1,FADD-RIPK1,-1,0,0,
TNFRSF1A,FADD-TRADD,1,0,0,
FADD-TRADD,FADD-TRADD,-1,0,0,
FADS2,FADS2,-1,0,0,
PPARA-RXRA,FADS2,1,0,0,
PLA2G4B,FADS2,0,0,0,
FAH,FAH,-1,0,0,
FAH,FAHD1,0,0,0,
FAHD1,FAHD1,-1,0,0,
FANCD2,FAN1,1,0,0,
FAN1,FAN1,-1,0,0,
FANCA,FANCA,-1,0,0,
ATRIP-ATR,FANCA,0,0,0,
FANCE-FANCF,FANCD2,0,0,0,
FANCD2,FANCD2,-1,0,0,
FANCE-FANCF,FANCE-FANCF,-1,0,0,
FANCG,FANCG,-1,0,0,
ATRIP-ATR,FANCG,0,0,0,
FANCE-FANCF,FANCI,0,0,0,
FANCI,FANCI,-1,0,0,
ATRIP-ATR,FANCI,0,0,0,
USP1-WDR48,FANCL,-1,0,0,
FANCL,FANCL,-1,0,0,
FANCM,FANCM,-1,0,0,
BLM-RMI1,FANCM,0,0,0,
ATRIP-ATR,FANCM,0,0,0,
FARP2,FARP2,-1,0,0,
SRC,FARP2,1,0,0,
IFNGR1,FAS,0,0,0,
FOS,FAS,1,0,0,
FASLG,FAS,1,0,0,
FAS,FAS,-1,0,0,
TP53,FAS,1,0,0,
JUN,FAS,1,0,0,
FOS,FASLG,1,0,0,
FOXO6,FASLG,1,0,0,
FOXO4,FASLG,1,0,0,
FOXO3,FASLG,1,0,0,
FASLG,FASLG,-1,0,0,
JUN,FASLG,1,0,0,
FASN,FASN,-1,0,0,
MECR,FASN,0,0,0,
OXSM,FASN,0,0,0,
OLAH,FASN,0,0,0,
CBR4-HSD17B8,FASN,0,0,0,
HTD2,FASN,0,0,0,
SREBF1,FASN,1,0,0,
ACSL1,FASN,0,0,0,
ACSF3,FASN,0,0,0,
ACACA,FASN,0,0,0,
PFKFB1,FBP1,0,0,0,
MPI,FBP1,0,0,0,
C00665,FBP1,-1,0,0,
ALDOA,FBP1,0,0,0,
TKT,FBP1,0,0,0,
HK1,FBP1,0,0,0,
FBP1,FBP1,-1,0,0,
FOXO1,FBP1,1,0,0,
FBXL3,FBXL3,-1,0,0,
FOXO6,FBXO32,1,0,0,
FBXO32,FBXO32,-1,0,0,
PPP2CA,FBXO43,1,0,0,
SKP1-FBXW11,FBXO43,-1,0,0,
CCNB1-CDK1,FBXO43,-1,0,0,
CAMK2A,FBXO43,-1,0,0,
FBXO43,FBXO43,-1,0,0,
PLK1,FBXO43,-1,0,0,
SKP1-FBXW11,FBXO5,-1,0,0,
FBXO5,FBXO5,-1,0,0,
FBXW11,FBXW11,-1,0,0,
CUL1,FBXW11,0,0,0,
IGH,FCER1A,1,0,0,
FCER1A,FCER1A,-1,0,0,
GP6,FCER1G,0,0,0,
FCER1G,FCER1G,-1,0,0,
LYN,FCER1G,1,0,0,
FYN,FCER1G,1,0,0,
SYK,FCER1G,0,0,0,
IGH,FCER1G-MS4A2,1,0,0,
FCER1G-MS4A2,FCER1G-MS4A2,-1,0,0,
IGH,FCGR1A,1,0,0,
HCK,FCGR1A,1,0,0,
FCGR1A,FCGR1A,-1,0,0,
TNFRSF11A,FCGR1A,1,0,0,
IGH,FCGR2A,1,0,0,
HCK,FCGR2A,1,0,0,
SRC,FCGR2A,1,0,0,
FCGR2A,FCGR2A,-1,0,0,
INPP5D,FCGR2B,0,0,0,
FCGR2B,FCGR2B,-1,0,0,
FCER1G,FCGR3A,0,0,0,
IGH,FCGR3A,1,0,0,
HCK,FCGR3A,1,0,0,
CD247,FCGR3A,0,0,0,
FCGR3A,FCGR3A,-1,0,0,
FCSK,FCSK,-1,0,0,
FPGT,FCSK,0,0,0,
FDFT1,FDFT1,-1,0,0,
IDI1,FDPS,0,0,0,
MVD,FDPS,0,0,0,
FDPS,FDPS,-1,0,0,
MVD,FDPS,1,0,0,
PPOX,FECH,0,0,0,
CP,FECH,0,0,0,
COX10,FECH,0,0,0,
HCCS,FECH,0,0,0,
FECH,FECH,-1,0,0,
YES1,FER,1,0,0,
FER,FER,-1,0,0,
FERMT3,FERMT3,-1,0,0,
FES,FES,-1,0,0,
FFAR1,FFAR1,-1,0,0,
C00162,FFAR1,1,0,0,
ITGA2B,FGA,0,0,0,
F2,FGA,1,0,0,
FGA,FGA,-1,0,0,
GNG12,FGD1,1,0,0,
FGD1,FGD1,-1,0,0,
YAP1,FGF1,1,0,0,
FGF1,FGF1,-1,0,0,
FGF2,FGF2,-1,0,0,
FGF2,FGFR1,1,0,0,
FGFR1,FGFR1,-1,0,0,
GNAI1,FGR,1,0,0,
FGR,FGR,-1,0,0,
FH,FH,-1,0,0,
MDH1,FH,0,0,0,
FHL1,FHL1,-1,0,0,
FHL2,FHL2,-1,0,0,
INPP4A,FIG4,0,0,0,
FIG4,FIG4,-1,0,0,
MTM1,FIG4,0,0,0,
FIP1L1-CPSF3,FIP1L1-CPSF3,-1,0,0,
RFK,FLAD1,0,0,0,
ACP1,FLAD1,0,0,0,
FLAD1,FLAD1,-1,0,0,
FNIP2,FLCN,0,0,0,
FLCN,FLCN,-1,0,0,
FLCN-FNIP2,FLCN-FNIP2,-1,0,0,
MAP2K4,FLNA,0,0,0,
FLNA,FLNA,-1,0,0,
FLOT1,FLOT1,-1,0,0,
SORBS1,FLOT1,0,0,0,
ARNT-CREBBP,FLT1,1,0,0,
FLT1,FLT1,-1,0,0,
CYP2C9,FMO1,0,0,0,
FMO1,FMO1,-1,0,0,
FMOD,FMOD,-1,0,0,
CYFIP1,FMR1,0,0,0,
FMR1,FMR1,-1,0,0,
FN1,FN1,-1,0,0,
FNIP2,FNIP2,-1,0,0,
RCE1,FNTA,0,0,0,
FDPS,FNTA,0,0,0,
ZMPSTE24,FNTA,0,0,0,
FNTA,FNTA,-1,0,0,
NAT8L,FOLH1,0,0,0,
FOLH1,FOLH1,-1,0,0,
RIMKLA,FOLH1,0,0,0,
MAPK14,FOS,1,0,0,
IRF9,FOS,-1,0,0,
FOS,FOS,-1,0,0,
ESR1,FOS,0,0,0,
CREB3,FOS,1,0,0,
CREB1,FOS,1,0,0,
SRF-ELK4,FOS,1,0,0,
PRKCA,FOS,1,0,0,
PPARG,FOS,1,0,0,
HRAS,FOS,0,0,0,
MAPK8,FOS,0,0,0,
MAPK1,FOS,1,0,0,
MAPK7,FOS,1,0,0,
FOSL1,FOSL1,-1,0,0,
LEF1,FOSL1,1,0,0,
FOXA2,FOXA2,-1,0,0,
RPS6KB1,FOXA2,-1,0,0,
PRKAG2,FOXO1,1,0,0,
CAMK2A,FOXO1,1,0,0,
PRKACA,FOXO1,-1,0,0,
FOXO1,FOXO1,-1,0,0,
SIRT1,FOXO1,1,0,0,
AKT3,FOXO1,-1,0,0,
PRMT1,FOXO1,1,0,0,
YWHAQ,FOXO3,-1,0,0,
FOXO3,FOXO3,-1,0,0,
SIRT1,FOXO3,1,0,0,
AKT3,FOXO3,-1,0,0,
FOXO4,FOXO4,-1,0,0,
AKT3,FOXO4,-1,0,0,
MAPK1,FOXO6,-1,0,0,
MAPK8,FOXO6,1,0,0,
PRKAG2,FOXO6,1,0,0,
NLK,FOXO6,-1,0,0,
MAPK14,FOXO6,1,0,0,
STK4,FOXO6,1,0,0,
CDK2,FOXO6,-1,0,0,
C8orf44-SGK3,FOXO6,-1,0,0,
CHUK,FOXO6,-1,0,0,
STK11,FOXO6,1,0,0,
SETD7,FOXO6,-1,0,0,
USP7,FOXO6,-1,0,0,
FOXO6,FOXO6,-1,0,0,
TPTEP2-CSNK1E,FOXO6,1,0,0,
AKT3,FOXO6,-1,0,0,
PRMT1,FOXO6,1,0,0,
STAT3,FOXO6,1,0,0,
DHFR,FPGS,0,0,0,
FPGS,FPGS,-1,0,0,
FCSK,FPGT,0,0,0,
FPGT,FPGT,-1,0,0,
FPR1,FPR1,-1,0,0,
C06314,FPR1,1,0,0,
FRAT1,FRAT1,-1,0,0,
GSK3B,FRAT1,0,0,0,
FRS2,FRS2,-1,0,0,
NTRK1,FRS2,1,0,0,
FSHR,FSHR,-1,0,0,
CGA,FSHR,1,0,0,
FST,FST,-1,0,0,
MTHFD1,FTCD,0,0,0,
MTHFD2,FTCD,0,0,0,
AMT,FTCD,0,0,0,
MTHFD1L,FTCD,0,0,0,
ATIC,FTCD,0,0,0,
SHMT1,FTCD,0,0,0,
DHFR,FTCD,0,0,0,
ALDH1L1,FTCD,0,0,0,
ST20-MTHFS,FTCD,0,0,0,
GART,FTCD,0,0,0,
MTFMT,FTCD,0,0,0,
FTCD,FTCD,-1,0,0,
ATIC,FTCD,1,0,0,
B4GALT4,FUT1,0,0,0,
B4GALT2,FUT1,0,0,0,
B4GALT3,FUT1,0,0,0,
B4GALT1,FUT1,0,0,0,
B3GALT5,FUT1,0,0,0,
B3GALT2,FUT1,0,0,0,
B3GALT1,FUT1,0,0,0,
ST3GAL1,FUT1,0,0,0,
ST3GAL4,FUT1,0,0,0,
ST3GAL3,FUT1,0,0,0,
ST3GAL6,FUT1,0,0,0,
ABO,FUT1,0,0,0,
GCNT2,FUT1,0,0,0,
FUT3,FUT1,0,0,0,
FUT1,FUT1,-1,0,0,
FUT4,FUT1,0,0,0,
FUT9,FUT1,0,0,0,
B3GNT3,FUT1,0,0,0,
B3GNT3,FUT1,1,0,0,
B4GALT4,FUT3,0,0,0,
B4GALT2,FUT3,0,0,0,
B4GALT3,FUT3,0,0,0,
B3GALT5,FUT3,0,0,0,
B3GALT2,FUT3,0,0,0,
B3GALT1,FUT3,0,0,0,
ST3GAL4,FUT3,0,0,0,
ST3GAL3,FUT3,0,0,0,
ST8SIA1,FUT3,0,0,0,
ABO,FUT3,0,0,0,
FUT1,FUT3,0,0,0,
FUT4,FUT3,0,0,0,
FUT3,FUT3,-1,0,0,
FUT9,FUT3,0,0,0,
B4GALT4,FUT4,0,0,0,
B4GALT2,FUT4,0,0,0,
B4GALT3,FUT4,0,0,0,
FUT4,FUT4,-1,0,0,
FUT3,FUT4,0,0,0,
FUT9,FUT4,0,0,0,
FUT8,FUT8,-1,0,0,
B4GALT4,FUT9,0,0,0,
B4GALT2,FUT9,0,0,0,
B4GALT3,FUT9,0,0,0,
ST3GAL6,FUT9,0,0,0,
ABO,FUT9,0,0,0,
FUT1,FUT9,0,0,0,
FUT4,FUT9,0,0,0,
FUT3,FUT9,0,0,0,
FUT9,FUT9,-1,0,0,
FXYD1,FXYD1,-1,0,0,
PRKACA,FXYD1,1,0,0,
NR3C2,FXYD4,1,0,0,
FXYD4,FXYD4,-1,0,0,
C01330,FYN,1,0,0,
GP6,FYN,0,0,0,
CAV1,FYN,1,0,0,
YES1,FYN,1,0,0,
TRAF2,FYN,0,0,0,
PTPRC,FYN,1,0,0,
SH2D1A,FYN,1,0,0,
CBLB,FYN,-1,0,0,
EFNA1,FYN,1,0,0,
CD3E,FYN,0,0,0,
PTK2,FYN,1,0,0,
LYN,FYN,-1,0,0,
FCER1A,FYN,1,0,0,
SMO,FYN,1,0,0,
FYN,FYN,-1,0,0,
CD247,FYN,0,0,0,
FZD10,FZD10,-1,0,0,
WNT16,FZD10,1,0,0,
WNT11,FZD10,1,0,0,
BAMBI,FZD10,1,0,0,
RNF43,FZD10,-1,0,0,
SFRP1,FZD10,-1,0,0,
LRP6,FZD10,0,0,0,
ZNRF3,FZD10,-1,0,0,
WNT5A,FZD10,1,0,0,
WNT16,FZD10-LRP6,1,0,0,
FZD10-LRP6,FZD10-LRP6,-1,0,0,
FZD3,FZD3,-1,0,0,
WNT4,FZD3,1,0,0,
WNT5A,FZD3,1,0,0,
FZR1,FZR1,-1,0,0,
MAD2L2,FZR1,-1,0,0,
CDC14B,FZR1-ANAPC10,1,0,0,
FZR1-ANAPC10,FZR1-ANAPC10,-1,0,0,
CDC20-ANAPC10,FZR1-ANAPC10,1,0,0,
G10505,G10505,-1,0,0,
CD44,G10505,0,0,0,
HMMR,G10505,0,0,0,
PPARGC1A-PPARA,G6PC,1,0,0,
GALM,G6PC,0,0,0,
GPI,G6PC,0,0,0,
PRKAG2,G6PC,-1,0,0,
G6PC,G6PC,-1,0,0,
PGM1,G6PC,0,0,0,
PPARGC1A-FOXO1,G6PC,1,0,0,
GLB1,G6PC,0,0,0,
HNF4A,G6PC,1,0,0,
LCT,G6PC,0,0,0,
CREB3-CRTC2,G6PC,1,0,0,
FOXO1,G6PC,1,0,0,
FOXO3,G6PC,1,0,0,
FOXO6,G6PC,1,0,0,
GPI,G6PD,0,0,0,
G6PD,G6PD,-1,0,0,
PGLS,G6PD,0,0,0,
GLA,GAA,0,0,0,
GBA3,GAA,0,0,0,
GAA,GAA,-1,0,0,
AMY1A,GAA,0,0,0,
MGAM,GAA,0,0,0,
GRB2,GAB1,0,0,0,
GAB1,GAB1,-1,0,0,
SHC2,GAB1,0,0,0,
EGFR,GAB1,1,0,0,
HCK,GAB2,1,0,0,
GAB2,GAB2,-1,0,0,
SYK,GAB2,1,0,0,
TRAF2,GAB2,0,0,0,
FYN,GAB2,1,0,0,
ATG4A,GABARAP,1,0,0,
C00350,GABARAP,0,0,0,
TP53INP2,GABARAP,1,0,0,
PRKCQ,GABARAP,1,0,0,
GABARAP,GABARAP,-1,0,0,
PRKACA,GABARAP,-1,0,0,
ATG12,GABARAP,1,0,0,
ATG5,GABARAP,1,0,0,
ATG3,GABARAP,1,0,0,
ATG7,GABARAP,1,0,0,
FOXO6,GABARAP,1,0,0,
ATG12-ATG5,GABARAP,1,0,0,
ATG16L1,GABARAP,1,0,0,
GABBR1,GABBR1,-1,0,0,
C00334,GABBR1,1,0,0,
TRAK2,GABRA1,0,0,0,
GABRA1,GABRA1,-1,0,0,
C00334,GABRA1,1,0,0,
GABARAP,GABRA1,0,0,0,
GABRR3,GABRR3,-1,0,0,
C00334,GABRR3,1,0,0,
GLUD1,GAD1,0,0,0,
CDO1,GAD1,0,0,0,
CARNS1,GAD1,0,0,0,
ALDH4A1,GAD1,0,0,0,
GLS2,GAD1,0,0,0,
GAD1,GAD1,-1,0,0,
ADO,GAD1,0,0,0,
GLUL,GAD1,0,0,0,
ALDH3A1,GAD1,0,0,0,
ABAT,GAD1,0,0,0,
NFKB1,GADD45G,1,0,0,
GADD45G,GADD45G,-1,0,0,
FOXO6,GADD45G,1,0,0,
NFKB1-RELA,GADD45G,1,0,0,
TP53,GADD45G,1,0,0,
UPB1,GADL1,0,0,0,
ABAT,GADL1,0,0,0,
CARNS1,GADL1,0,0,0,
CDO1,GADL1,0,0,0,
ALDH2,GADL1,0,0,0,
GADL1,GADL1,-1,0,0,
ADO,GADL1,0,0,0,
ALDH3A1,GADL1,0,0,0,
GAL,GAL,-1,0,0,
GLA,GAL3ST1,0,0,0,
UGT8,GAL3ST1,0,0,0,
GAL3ST1,GAL3ST1,-1,0,0,
SGPP2,GALC,0,0,0,
CERK,GALC,0,0,0,
GBA,GALC,0,0,0,
PLPP1,GALC,0,0,0,
DEGS2,GALC,0,0,0,
NEU3,GALC,0,0,0,
SGMS2,GALC,0,0,0,
UGCG,GALC,0,0,0,
ENPP7,GALC,0,0,0,
CERS1,GALC,0,0,0,
CERS6,GALC,0,0,0,
GLA,GALC,0,0,0,
ACER1,GALC,0,0,0,
GALC,GALC,-1,0,0,
GAL3ST1,GALC,0,0,0,
UGP2,GALE,0,0,0,
UGDH,GALE,0,0,0,
B4GALT1,GALE,0,0,0,
GALE,GALE,-1,0,0,
GALK1,GALK1,-1,0,0,
GALM,GALK1,0,0,0,
GALT,GALK1,0,0,0,
GCK,GALM,0,0,0,
HK1,GALM,0,0,0,
GALM,GALM,-1,0,0,
GALNS,GALNS,-1,0,0,
GALR1,GALR1,-1,0,0,
GAL,GALR1,1,0,0,
GALT,GALT,-1,0,0,
UGP2,GALT,0,0,0,
FOXO3,GALT,1,0,0,
B4GALT1,GALT,0,0,0,
GALE,GALT,0,0,0,
GAMT,GAMT,-1,0,0,
GANAB,GANAB,-1,0,0,
ARNT-CREBBP,GAPDH,1,0,0,
ALDOA,GAPDH,0,0,0,
GAPDH,GAPDH,-1,0,0,
TPI1,GAPDH,0,0,0,
ATIC,GART,0,0,0,
GART,GART,-1,0,0,
DHFR,GART,0,0,0,
ALDH1L1,GART,0,0,0,
MTHFD1,GART,0,0,0,
MTHFD2,GART,0,0,0,
MTHFD1L,GART,0,0,0,
MTFMT,GART,0,0,0,
FTCD,GART,0,0,0,
SHMT1,GART,0,0,0,
PFAS,GART,0,0,0,
ST20-MTHFS,GART,0,0,0,
PPAT,GART,0,0,0,
AMT,GART,0,0,0,
IHH,GAS1,1,0,0,
GAS1,GAS1,-1,0,0,
PTCH1,GAS1,0,0,0,
GAST,GAST,-1,0,0,
RHOA,GATA4,1,0,0,
THRB,GATA4,1,0,0,
GATA4,GATA4,-1,0,0,
CGN,GATA4,1,0,0,
GATA4-SRF,GATA4-SRF,-1,0,0,
NFATC1,GATA4-SRF,0,0,0,
GATC,GATC,-1,0,0,
GAMT,GATM,0,0,0,
CNDP1,GATM,0,0,0,
CNDP2,GATM,0,0,0,
CARNS1,GATM,0,0,0,
ARG1,GATM,0,0,0,
AGXT,GATM,0,0,0,
GATM,GATM,-1,0,0,
ALDH2,GATM,0,0,0,
SHMT1,GATM,0,0,0,
SGMS2,GBA,0,0,0,
ENPP7,GBA,0,0,0,
DEGS2,GBA,0,0,0,
CERK,GBA,0,0,0,
CERS1,GBA,0,0,0,
GBA,GBA,-1,0,0,
PLPP1,GBA,0,0,0,
GLB1,GBA,0,0,0,
UGT8,GBA,0,0,0,
SGPP2,GBA,0,0,0,
GBA3,GBA3,-1,0,0,
GYG1,GBE1,0,0,0,
MGAM,GBE1,0,0,0,
GBE1,GBE1,-1,0,0,
AMY1A,GBE1,0,0,0,
B3GALNT1,GBGT1,0,0,0,
B3GALT5,GBGT1,0,0,0,
GBGT1,GBGT1,-1,0,0,
HEXA,GBGT1,0,0,0,
GCAT,GCAT,-1,0,0,
PIPOX,GCAT,0,0,0,
SARDH,GCAT,0,0,0,
AGXT,GCAT,0,0,0,
GATM,GCAT,0,0,0,
SHMT1,GCAT,0,0,0,
GNMT,GCAT,0,0,0,
GCDH,GCDH,-1,0,0,
ECHS1,GCDH,0,0,0,
ACADS,GCDH,0,0,0,
ACADM,GCDH,0,0,0,
GCG,GCG,-1,0,0,
GCGR,GCGR,-1,0,0,
GCG,GCGR,1,0,0,
GCH1,GCH1,-1,0,0,
STAT1,GCK,1,0,0,
GALM,GCK,0,0,0,
GPI,GCK,0,0,0,
PGM1,GCK,0,0,0,
GCK,GCK,-1,0,0,
SREBF1,GCK,1,0,0,
OPLAH,GCLC,0,0,0,
LAP3,GCLC,0,0,0,
GSS,GCLC,0,0,0,
GGT6,GCLC,0,0,0,
GGCT,GCLC,0,0,0,
AGXT2,GCLC,0,0,0,
BCAT1,GCLC,0,0,0,
GCLC,GCLC,-1,0,0,
C1GALT1C1,GCNT1,0,0,0,
GCNT1,GCNT1,-1,0,0,
ST3GAL1,GCNT1,0,0,0,
B3GNT3,GCNT2,0,0,0,
GCNT2,GCNT2,-1,0,0,
B4GALT4,GCNT2,0,0,0,
B4GALT3,GCNT2,0,0,0,
ST3GAL6,GCNT2,0,0,0,
FUT3,GCNT2,0,0,0,
FUT4,GCNT2,0,0,0,
FUT9,GCNT2,0,0,0,
GCNT3,GCNT3,-1,0,0,
HPRT1,GDA,0,0,0,
XDH,GDA,0,0,0,
PNP,GDA,0,0,0,
GDA,GDA,-1,0,0,
GDF5,GDF5,-1,0,0,
GDF6,GDF6,-1,0,0,
GDF7,GDF7,-1,0,0,
MICOS10-NBL1,GDF7,-1,0,0,
GREM1,GDF7,-1,0,0,
CHRD,GDF7,-1,0,0,
NOG,GDF7,-1,0,0,
GDPD1,GDPD1,-1,0,0,
DDX20,GEMIN2,0,0,0,
GEMIN2,GEMIN2,-1,0,0,
DDX20,GEMIN4,0,0,0,
GEMIN4,GEMIN4,-1,0,0,
DDX20,GEMIN5,0,0,0,
GEMIN5,GEMIN5,-1,0,0,
DDX20,GEMIN6,0,0,0,
GEMIN6,GEMIN6,-1,0,0,
DDX20,GEMIN7,0,0,0,
GEMIN7,GEMIN7,-1,0,0,
DDX20,GEMIN8,0,0,0,
GEMIN8,GEMIN8,-1,0,0,
STAT1-STAT1,GFAP,1,0,0,
GFAP,GFAP,-1,0,0,
CAD,GFPT1,0,0,0,
GNPNAT1,GFPT1,0,0,0,
PPAT,GFPT1,0,0,0,
HK1,GFPT1,0,0,0,
GFPT1,GFPT1,-1,0,0,
AMDHD2,GFPT1,0,0,0,
GMDS,GFUS,0,0,0,
FPGT,GFUS,0,0,0,
GFUS,GFUS,-1,0,0,
LAP3,GGCT,0,0,0,
OPLAH,GGCT,0,0,0,
GSS,GGCT,0,0,0,
GGCT,GGCT,-1,0,0,
GCLC,GGCT,0,0,0,
NQO1,GGCX,0,0,0,
VKORC1L1,GGCX,0,0,0,
GGCX,GGCX,-1,0,0,
DHFR,GGH,0,0,0,
GGH,GGH,-1,0,0,
FPGS,GGH,0,0,0,
NUS1,GGPS1,0,0,0,
FDPS,GGPS1,0,0,0,
FNTA,GGPS1,0,0,0,
GGPS1,GGPS1,-1,0,0,
LTC4S,GGT1,0,0,0,
GGT1,GGT1,-1,0,0,
ANPEP,GGT6,0,0,0,
CHAC2,GGT6,0,0,0,
GSTO2,GGT6,0,0,0,
OPLAH,GGT6,0,0,0,
GGT6,GGT6,-1,0,0,
GGCT,GGT6,0,0,0,
GAD1,GGT6,0,0,0,
CSAD,GGT6,0,0,0,
CSH1,GHR,1,0,0,
GHR,GHR,-1,0,0,
GHRH,GHRH,-1,0,0,
GHRHR,GHRHR,-1,0,0,
GHRH,GHRHR,1,0,0,
GHRL,GHRL,-1,0,0,
GHRL,GHSR,1,0,0,
GHSR,GHSR,-1,0,0,
GIP,GIP,-1,0,0,
GIP,GIPR,1,0,0,
GIPR,GIPR,-1,0,0,
GIT1,GIT1,-1,0,0,
ARHGEF7,GIT1,1,0,0,
MAPK7,GJA1,-1,0,0,
MAPK1,GJA1,-1,0,0,
PRKG1,GJA1,0,0,0,
CSNK1D,GJA1,1,0,0,
GJA1,GJA1,-1,0,0,
CDK1,GJA1,-1,0,0,
PRKACA,GJA1,0,0,0,
SRC,GJA1,0,0,0,
PRKCA,GJA1,0,0,0,
MGLL,GK,0,0,0,
PPARG-RXRA,GK,1,0,0,
GK,GK,-1,0,0,
GPAT4,GK,0,0,0,
GLA,GLA,-1,0,0,
GALM,GLA,0,0,0,
GAL3ST1,GLA,0,0,0,
AKR1B1,GLA,0,0,0,
HEXA,GLA,0,0,0,
HK1,GLB1,0,0,0,
GALNS,GLB1,0,0,0,
AKR1B1,GLB1,0,0,0,
GLA,GLB1,0,0,0,
GALM,GLB1,0,0,0,
GNS,GLB1,0,0,0,
GLB1,GLB1,-1,0,0,
GCK,GLB1,0,0,0,
AGXT,GLDC,0,0,0,
GATM,GLDC,0,0,0,
ALAS1,GLDC,0,0,0,
GLDC,GLDC,-1,0,0,
GNMT,GLDC,0,0,0,
SHMT1,GLDC,0,0,0,
SARDH,GLDC,0,0,0,
GCAT,GLDC,0,0,0,
PIPOX,GLDC,0,0,0,
GLG1,GLG1,-1,0,0,
SELE,GLG1,0,0,0,
SPOPL-CUL3,GLI1,0,0,0,
PRKACA,GLI1,1,0,0,
GLI1,GLI1,-1,0,0,
GLI3,GLI1,1,0,0,
ARRB1-KIF3A,GLI1,1,0,0,
CUL1-FBXW11,GLI1,0,0,0,
YAP1-TEAD1,GLI2,1,0,0,
GLI2,GLI2,-1,0,0,
PRKACA,GLI3,-1,0,0,
GLI3,GLI3,-1,0,0,
GLO1,GLO1,-1,0,0,
GCG,GLP1R,1,0,0,
GLP1R,GLP1R,-1,0,0,
C00037,GLRA1,1,0,0,
GLRA1,GLRA1,-1,0,0,
C00245,GLRA1,1,0,0,
C00099,GLRA1,1,0,0,
GLS2,GLS2,-1,0,0,
GLUD1,GLS2,0,0,0,
PPAT,GLS2,0,0,0,
CAD,GLS2,0,0,0,
GFPT1,GLS2,0,0,0,
DGLUCY,GLS2,0,0,0,
CPS1,GLS2,0,0,0,
ALDH4A1,GLS2,0,0,0,
ALDH4A1,GLUD1,0,0,0,
GLUD1,GLUD1,-1,0,0,
CPS1,GLUD1,0,0,0,
GPT,GLUD1,0,0,0,
GLS2,GLUD1,0,0,0,
NAGS,GLUD1,0,0,0,
GLUL,GLUD1,0,0,0,
GOT1L1,GLUD1,0,0,0,
GLS2,GLUL,0,0,0,
GLUL,GLUL,-1,0,0,
GLUD1,GLUL,0,0,0,
PPAT,GLUL,0,0,0,
CAD,GLUL,0,0,0,
GFPT1,GLUL,0,0,0,
CPS1,GLUL,0,0,0,
ALDH4A1,GLUL,0,0,0,
CPS1,GLUL,1,0,0,
GLYCTK,GLYCTK,-1,0,0,
GRHPR,GLYCTK,0,0,0,
ALDH2,GLYCTK,0,0,0,
GMDS,GMDS,-1,0,0,
GMPPB,GMDS,0,0,0,
GFUS,GMDS,0,0,0,
GMDS,GMPPB,0,0,0,
GMPPB,GMPPB,-1,0,0,
PMM1,GMPPB,0,0,0,
NUDT16,GMPR,0,0,0,
GMPS,GMPR,0,0,0,
GMPR,GMPR,-1,0,0,
IMPDH1,GMPS,0,0,0,
ITPA,GMPS,0,0,0,
NT5C1B-RDH14,GMPS,0,0,0,
GMPS,GMPS,-1,0,0,
CYSLTR1,GNA11,1,0,0,
CHRM1,GNA11,1,0,0,
CHRM5,GNA11,1,0,0,
CHRM3,GNA11,1,0,0,
RGS2,GNA11,-1,0,0,
ADRA1D,GNA11,1,0,0,
GNRHR,GNA11,1,0,0,
AGTR1,GNA11,1,0,0,
FFAR1,GNA11,1,0,0,
CCKAR,GNA11,1,0,0,
GRM1,GNA11,1,0,0,
HTR2A,GNA11,1,0,0,
ADCYAP1R1,GNA11,1,0,0,
AVPR1A,GNA11,1,0,0,
EDNRA,GNA11,1,0,0,
GNA11,GNA11,-1,0,0,
LPAR6,GNA12,1,0,0,
GNA12,GNA12,-1,0,0,
F2R,GNA13,1,0,0,
ADRA1D,GNA13,1,0,0,
IGF1R,GNA13,1,0,0,
AGTR1,GNA13,1,0,0,
CXCR4,GNA13,1,0,0,
CRHR1,GNA13,1,0,0,
S1PR3,GNA13,1,0,0,
S1PR4,GNA13,1,0,0,
S1PR5,GNA13,1,0,0,
S1PR2,GNA13,1,0,0,
GRM1,GNA13,1,0,0,
ITGA2B,GNA13,1,0,0,
LPAR1,GNA13,1,0,0,
LPAR6,GNA13,1,0,0,
EDNRA,GNA13,1,0,0,
TBXA2R,GNA13,1,0,0,
GNA13,GNA13,-1,0,0,
DRD2,GNAI1,1,0,0,
NPY1R,GNAI1,1,0,0,
CNR1,GNAI1,1,0,0,
OXTR,GNAI1,1,0,0,
ADRB1,GNAI1,1,0,0,
ADRB2,GNAI1,1,0,0,
RGS3,GNAI1,-1,0,0,
CHRM1,GNAI1,1,0,0,
GABBR1,GNAI1,1,0,0,
CXCR4,GNAI1,0,0,0,
CXCR6,GNAI1,1,0,0,
OPRM1,GNAI1,1,0,0,
S1PR4,GNAI1,1,0,0,
S1PR5,GNAI1,1,0,0,
S1PR1,GNAI1,1,0,0,
S1PR2,GNAI1,1,0,0,
S1PR3,GNAI1,1,0,0,
GNAI1,GNAI1,-1,0,0,
GRM2,GNAI1,1,0,0,
GRM4,GNAI1,1,0,0,
GRM7,GNAI1,1,0,0,
SSTR2,GNAI1,1,0,0,
BDKRB2,GNAI1,1,0,0,
LPAR1,GNAI1,1,0,0,
P2RY12,GNAI1,1,0,0,
PTGER3,GNAI1,1,0,0,
EDNRB,GNAI1,1,0,0,
OPRD1,GNAI1,1,0,0,
ADORA1,GNAI1,1,0,0,
CHRM1,GNAL,1,0,0,
DRD1,GNAL,1,0,0,
DRD5,GNAL,1,0,0,
102723532,GNAL,1,0,0,
GNAL,GNAL,-1,0,0,
FZD10,GNAO1,1,0,0,
GNAO1,GNAO1,-1,0,0,
GCGR,GNAQ,1,0,0,
CHRM3,GNAQ,1,0,0,
TSHR,GNAQ,1,0,0,
DRD1,GNAQ,1,0,0,
DRD5,GNAQ,1,0,0,
ADRA1D,GNAQ,1,0,0,
F2RL1,GNAQ,1,0,0,
F2R,GNAQ,1,0,0,
P2RY2,GNAQ,1,0,0,
P2RY1,GNAQ,1,0,0,
CCKAR,GNAQ,1,0,0,
AGTR1,GNAQ,1,0,0,
S1PR2,GNAQ,1,0,0,
S1PR3,GNAQ,1,0,0,
HTR2A,GNAQ,1,0,0,
CCKBR,GNAQ,1,0,0,
HRH1,GNAQ,1,0,0,
GNAQ,GNAQ,-1,0,0,
GRM1,GNAQ,1,0,0,
EDNRA,GNAQ,1,0,0,
ADORA2A,GNAQ,1,0,0,
BDKRB1,GNAQ,1,0,0,
BDKRB2,GNAQ,1,0,0,
TBXA2R,GNAQ,1,0,0,
OXTR,GNAQ,1,0,0,
GCGR,GNAS,1,0,0,
TSHR,GNAS,1,0,0,
DRD1,GNAS,1,0,0,
GPER1,GNAS,1,0,0,
MC2R,GNAS,1,0,0,
AVPR2,GNAS,1,0,0,
ADRB2,GNAS,1,0,0,
ADRB1,GNAS,1,0,0,
PTGIR,GNAS,1,0,0,
SCTR,GNAS,1,0,0,
PTH1R,GNAS,1,0,0,
GLP1R,GNAS,1,0,0,
GPR119,GNAS,1,0,0,
LPAR6,GNAS,1,0,0,
HRH2,GNAS,1,0,0,
GNAS,GNAS,-1,0,0,
ADCYAP1R1,GNAS,1,0,0,
GRM1,GNAS,1,0,0,
LHCGR,GNAS,1,0,0,
CALCRL,GNAS,1,0,0,
GNRHR,GNAS,1,0,0,
PTGER2,GNAS,1,0,0,
ADORA2A,GNAS,1,0,0,
FSHR,GNAS,1,0,0,
HTR4,GNAS,1,0,0,
OXTR,GNAS,1,0,0,
MC1R,GNAS,1,0,0,
GNAT1,GNAT1,-1,0,0,
RGS9,GNAT1,-1,0,0,
RHO,GNAT1,1,0,0,
GNAT3,GNAT3,-1,0,0,
TAS1R2-TAS1R3,GNAT3,1,0,0,
TAS1R1-TAS1R3,GNB3,1,0,0,
TAS1R3-TAS1R2,GNB3,1,0,0,
GNB3,GNB3,-1,0,0,
CHRM2,GNB5,1,0,0,
CHRM4,GNB5,1,0,0,
DRD2,GNB5,1,0,0,
DRD3,GNB5,1,0,0,
CNR1,GNB5,1,0,0,
HTR5A,GNB5,1,0,0,
RASD1,GNB5,1,0,0,
HTR1A,GNB5,1,0,0,
GNAI1,GNB5,0,0,0,
GNAS,GNB5,0,0,0,
GNB5,GNB5,-1,0,0,
ADCYAP1R1,GNB5,1,0,0,
GRM2,GNB5,1,0,0,
GRM4,GNB5,1,0,0,
GRM7,GNB5,1,0,0,
GABBR1,GNB5,1,0,0,
MTNR1A,GNB5,1,0,0,
MTNR1B,GNB5,1,0,0,
HTR7,GNB5,1,0,0,
GNB5-LPAR6,GNB5-LPAR6,-1,0,0,
NPL,GNE,0,0,0,
RENBP,GNE,0,0,0,
GNE,GNE,-1,0,0,
UAP1,GNE,0,0,0,
NANS,GNE,0,0,0,
GNG12,GNG12,-1,0,0,
CHRM1,GNG12,1,0,0,
SHMT1,GNMT,0,0,0,
AGXT,GNMT,0,0,0,
GATM,GNMT,0,0,0,
GNMT,GNMT,-1,0,0,
DMGDH,GNMT,0,0,0,
GNPAT,GNPAT,-1,0,0,
GNPDA1,GNPDA1,-1,0,0,
AMDHD2,GNPDA1,0,0,0,
GNPNAT1,GNPDA1,0,0,0,
HK1,GNPDA1,0,0,0,
GNPNAT1,GNPNAT1,-1,0,0,
NAGK,GNPNAT1,0,0,0,
GNRH1,GNRH1,-1,0,0,
GNRH1,GNRHR,1,0,0,
GNRHR,GNRHR,-1,0,0,
GNS,GNS,-1,0,0,
GUSB,GNS,0,0,0,
ALDH4A1,GOT1L1,0,0,0,
DDC,GOT1L1,0,0,0,
GOT1L1,GOT1L1,-1,0,0,
HPD,GOT1L1,0,0,0,
CDO1,GOT1L1,0,0,0,
DDO,GOT1L1,0,0,0,
CAD,GOT1L1,0,0,0,
NAT8L,GOT1L1,0,0,0,
TPO,GOT1L1,0,0,0,
PAH,GOT1L1,0,0,0,
NIT2,GOT1L1,0,0,0,
ASNS,GOT1L1,0,0,0,
ASPA,GOT1L1,0,0,0,
ADSS1,GOT1L1,0,0,0,
ASS1,GOT1L1,0,0,0,
KYAT3,GOT1L1,0,0,0,
ASRGL1,GOT1L1,0,0,0,
CTH,GOT1L1,0,0,0,
GP1BA-GP1BB,GP1BA-GP1BB,-1,0,0,
VWF,GP1BA-GP1BB,1,0,0,
COL1A1,GP6,1,0,0,
GP6,GP6,-1,0,0,
GP9-GP1BB,GP9-GP1BB,-1,0,0,
VWF,GP9-GP1BB,1,0,0,
AGK,GPAT4,0,0,0,
AGPAT1,GPAT4,0,0,0,
GPAT4,GPAT4,-1,0,0,
FZD10,GPC4,0,0,0,
GPC4,GPC4,-1,0,0,
PHOSPHO1,GPCPD1,0,0,0,
LYPLA1,GPCPD1,0,0,0,
ACHE,GPCPD1,0,0,0,
CHKA,GPCPD1,0,0,0,
GPCPD1,GPCPD1,-1,0,0,
PNPLA6,GPCPD1,0,0,0,
CHAT,GPCPD1,0,0,0,
GPD1L,GPD1L,-1,0,0,
GNPAT,GPD1L,0,0,0,
GPAT4,GPD1L,0,0,0,
GPAT4,GPD2,0,0,0,
GPD2,GPD2,-1,0,0,
GNPAT,GPD2,0,0,0,
C00951,GPER1,1,0,0,
GPER1,GPER1,-1,0,0,
MOCS2,GPHN,0,0,0,
GABRA1,GPHN,0,0,0,
GPHN,GPHN,-1,0,0,
GFPT1,GPI,0,0,0,
GPI,GPI,-1,0,0,
PGM1,GPI,0,0,0,
G6PC,GPI,0,0,0,
PFKL,GPI,0,0,0,
GCK,GPI,0,0,0,
TKT,GPI,0,0,0,
HK1,GPI,0,0,0,
GNPDA1,GPI,0,0,0,
ADPGK,GPI,0,0,0,
FBP1,GPI,0,0,0,
GPLD1,GPLD1,-1,0,0,
PIGL,GPLD1,0,0,0,
GPR119,GPR119,-1,0,0,
GIP,GPR119,1,0,0,
GPR156,GPR156,-1,0,0,
C00334,GPR156,1,0,0,
GPR161,GPR161,-1,0,0,
ARRB1,GPR161,0,0,0,
C00076,GPRC6A,1,0,0,
GPRC6A,GPRC6A,-1,0,0,
GPT,GPT,-1,0,0,
GSS,GPX4,0,0,0,
GGT6,GPX4,0,0,0,
CHAC2,GPX4,0,0,0,
GSTO2,GPX4,0,0,0,
GPX4,GPX4,-1,0,0,
GSS,GPX6,0,0,0,
GGT6,GPX6,0,0,0,
CYP2C8,GPX6,0,0,0,
CHAC2,GPX6,0,0,0,
GSTO2,GPX6,0,0,0,
GPX6,GPX6,-1,0,0,
LAT,GRAP2,0,0,0,
GRAP2,GRAP2,-1,0,0,
MTOR,GRB10,1,0,0,
GRB10,GRB10,-1,0,0,
SH2B2,GRB2,0,0,0,
SH2B3,GRB2,0,0,0,
ERBB4-ERBB4,GRB2,1,0,0,
GRB2,GRB2,-1,0,0,
ERBB4-ERBB2,GRB2,1,0,0,
BLNK,GRB2,0,0,0,
SOS1,GRB2,0,0,0,
LAT,GRB2,1,0,0,
IL6ST,GRB2,1,0,0,
ERBB3-ERBB2,GRB2,1,0,0,
CD28,GRB2,1,0,0,
HCST,GRB2,1,0,0,
CSF1R,GRB2,1,0,0,
LCP2,GRB2,1,0,0,
IGF1R,GRB2,1,0,0,
SHC2,GRB2,1,0,0,
NTRK1,GRB2,0,0,0,
NTRK2,GRB2,0,0,0,
NTRK3,GRB2,0,0,0,
PTK2,GRB2,1,0,0,
EGFR-EGFR,GRB2,1,0,0,
ERBB2-ERBB2,GRB2,1,0,0,
EGFR,GRB2,1,0,0,
IRS1,GRB2,1,0,0,
GREM1,GREM1,-1,0,0,
HOGA1,GRHPR,0,0,0,
GLO1,GRHPR,0,0,0,
GRHPR,GRHPR,-1,0,0,
HAO2,GRHPR,0,0,0,
GLYCTK,GRHPR,0,0,0,
HYI,GRHPR,0,0,0,
AGXT,GRHPR,0,0,0,
CAMK2A,GRIA1,1,0,0,
PPP1CA,GRIA1,-1,0,0,
PRKACA,GRIA1,1,0,0,
GRIA1,GRIA1,-1,0,0,
C00025,GRIA1,1,0,0,
GRIK1,GRIK1,-1,0,0,
C00025,GRIK1,1,0,0,
GRIN1,GRIN1,-1,0,0,
GRIA1,GRIN1,0,0,0,
PRKCA,GRIN1,0,0,0,
C00025,GRIN1,1,0,0,
PPP1CA,GRIN2A,-1,0,0,
PRKACA,GRIN2A,1,0,0,
GRIN2A,GRIN2A,-1,0,0,
GSK3A,GRIN2A,-1,0,0,
GRIN3A,GRIN3A,-1,0,0,
PRKACA,GRIN3A,1,0,0,
C16511,GRIN3A,1,0,0,
GRM1,GRIN3A,1,0,0,
C00049,GRIN3A,1,0,0,
C00506,GRIN3A,1,0,0,
C12270,GRIN3A,1,0,0,
C00025,GRIN3A,1,0,0,
GRK2,GRK2,-1,0,0,
GRM2,GRK2,1,0,0,
RCVRN,GRK7,-1,0,0,
GRK7,GRK7,-1,0,0,
GRK7-ARRB1,GRK7-ARRB1,-1,0,0,
C00025,GRM1,1,0,0,
HOMER3,GRM1,0,0,0,
PPP3CA,GRM1,1,0,0,
C00144,GRM1,1,0,0,
C00130,GRM1,1,0,0,
CAMK2A,GRM1,1,0,0,
GRM1,GRM1,-1,0,0,
C00025,GRM2,1,0,0,
GRM2,GRM2,-1,0,0,
C00025,GRM3,1,0,0,
GRM3,GRM3,-1,0,0,
C00025,GRM4,1,0,0,
GRM4,GRM4,-1,0,0,
C00025,GRM5,1,0,0,
GRM5,GRM5,-1,0,0,
C00025,GRM7,1,0,0,
GRM7,GRM7,-1,0,0,
GRP,GRP,-1,0,0,
GRP,GRPR,1,0,0,
C15995,GRPR,1,0,0,
GRPR,GRPR,-1,0,0,
GSDMD,GSDMD,-1,0,0,
CASP1,GSDMD,1,0,0,
CASP4,GSDMD,1,0,0,
CASP5,GSDMD,1,0,0,
AKT3,GSK3A,-1,0,0,
GSK3A,GSK3A,-1,0,0,
DVL1,GSK3B,-1,0,0,
PRKACA,GSK3B,0,0,0,
AXIN1,GSK3B,0,0,0,
AKT3,GSK3B,-1,0,0,
GSK3B,GSK3B,-1,0,0,
TPTEP2-CSNK1E-DVL1,GSK3B,-1,0,0,
PRKCZ-PARD6A,GSK3B,-1,0,0,
GSN,GSN,-1,0,0,
C00076,GSN,1,0,0,
PIKFYVE,GSN,-1,0,0,
C04637,GSN,0,0,0,
GSPT2,GSPT2,-1,0,0,
UPF1-UPF2,GSPT2,0,0,0,
CHAC2,GSR,0,0,0,
GSR,GSR,-1,0,0,
GGT6,GSR,0,0,0,
CHAC2,GSS,0,0,0,
LAP3,GSS,0,0,0,
GSS,GSS,-1,0,0,
GSR,GSS,0,0,0,
GGT6,GSS,0,0,0,
GCLC,GSS,0,0,0,
CYP1A1,GSTO2,0,0,0,
CYP1A2,GSTO2,0,0,0,
CYP2E1,GSTO2,0,0,0,
CYP1B1,GSTO2,0,0,0,
GSS,GSTO2,0,0,0,
GSR,GSTO2,0,0,0,
CYP2C9,GSTO2,0,0,0,
GSTO2,GSTO2,-1,0,0,
GGT6,GSTO2,0,0,0,
CHAC2,GSTO2,0,0,0,
CYP2A6,GSTO2,0,0,0,
CYP3A4,GSTO2,0,0,0,
EPHX1,GSTO2,0,0,0,
GSTZ1,GSTZ1,-1,0,0,
FAH,GSTZ1,0,0,0,
GTF2I,GTF2I,-1,0,0,
PRKG1,GTF2I,1,0,0,
GTSE1,GTSE1,-1,0,0,
TP53,GTSE1,1,0,0,
GUCA1A,GUCA1A,-1,0,0,
C00076,GUCA1A,0,0,0,
C00305,GUCA1A,0,0,0,
C00533,GUCY1A2,1,0,0,
NOS1,GUCY1A2,0,0,0,
GUCY1A2,GUCY1A2,-1,0,0,
NCALD,GUCY2D,1,0,0,
GUCY2D,GUCY2D,-1,0,0,
GUCA1A,GUCY2F,-1,0,0,
GUCY2F,GUCY2F,-1,0,0,
GMPS,GUK1,0,0,0,
GMPR,GUK1,0,0,0,
RRM2B,GUK1,0,0,0,
HDDC3,GUK1,0,0,0,
GUK1,GUK1,-1,0,0,
ENTPD8,GUK1,0,0,0,
PKLR,GUK1,0,0,0,
ITPA,GUK1,0,0,0,
PDE10A,GUK1,0,0,0,
CES1,GUSB,0,0,0,
HYAL4,GUSB,0,0,0,
UGT2B11,GUSB,0,0,0,
GUSB,GUSB,-1,0,0,
ENPP1,GYG1,0,0,0,
UGP2,GYG1,0,0,0,
GYG1,GYG1,-1,0,0,
GSK3B,GYS1,-1,0,0,
PRKAG2,GYS1,-1,0,0,
GYS1,GYS1,-1,0,0,
PRKACA,GYS1,-1,0,0,
PPP1CA,GYS1,1,0,0,
GZMB,GZMB,-1,0,0,
PGD,H6PD,0,0,0,
GPI,H6PD,0,0,0,
G6PD,H6PD,0,0,0,
PGLS,H6PD,0,0,0,
H6PD,H6PD,-1,0,0,
ACMSD,HAAO,0,0,0,
HAAO,HAAO,-1,0,0,
HACD2,HACD2,-1,0,0,
HSD17B12,HACD2,0,0,0,
ECHS1,HADH,0,0,0,
ACAA2,HADH,0,0,0,
HADH,HADH,-1,0,0,
ECHS1,HADHA,0,0,0,
ACAA2,HADHA,0,0,0,
HADHA,HADHA,-1,0,0,
ACAT1,HADHA,0,0,0,
LDHD,HAGH,0,0,0,
HAGH,HAGH,-1,0,0,
GLO1,HAGH,0,0,0,
HAL,HAL,-1,0,0,
UROC1,HAL,0,0,0,
HAMP,HAMP,-1,0,0,
SMAD4-SMAD1,HAMP,1,0,0,
HOGA1,HAO2,0,0,0,
HAO2,HAO2,-1,0,0,
CAT,HAO2,0,0,0,
HAP1,HAP1,-1,0,0,
GABRA1,HAP1,0,0,0,
HBEGF,HBEGF,-1,0,0,
MMP2,HBEGF,1,0,0,
HBS1L,HBS1L,-1,0,0,
COX10,HCCS,0,0,0,
HCCS,HCCS,-1,0,0,
PTPRC,HCK,1,0,0,
HCK,HCK,-1,0,0,
C00575,HCN4,1,0,0,
HCN4,HCN4,-1,0,0,
HCRT,HCRT,-1,0,0,
HCRT,HCRTR1,1,0,0,
HCRTR1,HCRTR1,-1,0,0,
HCST,HCST,-1,0,0,
HDAC1,HDAC1,-1,0,0,
HDAC1-CIR1,HDAC1-CIR1,-1,0,0,
HDAC1-CTBP1,HDAC1-CTBP1,-1,0,0,
HAL,HDC,0,0,0,
HDC,HDC,-1,0,0,
CARNS1,HDC,0,0,0,
CNDP2,HDC,0,0,0,
PRUNE1,HDDC3,0,0,0,
HDDC3,HDDC3,-1,0,0,
SLC40A1,HEPH,0,0,0,
HEPH,HEPH,-1,0,0,
HES1,HES1,-1,0,0,
RBPJL,HES1,1,0,0,
GNS,HEXA,0,0,0,
B3GALT5,HEXA,0,0,0,
NAGA,HEXA,0,0,0,
A4GALT,HEXA,0,0,0,
HEXA,HEXA,-1,0,0,
GLB1,HEXA,0,0,0,
CHIT1,HEXA,0,0,0,
HEY1,HEY1,-1,0,0,
RBPJL,HEY1,1,0,0,
HGD,HGD,-1,0,0,
GSTZ1,HGD,0,0,0,
HGS,HGS,-1,0,0,
SGSH,HGSNAT,0,0,0,
HGSNAT,HGSNAT,-1,0,0,
HHIP,HHIP,-1,0,0,
GLI1,HHIP,1,0,0,
GLI3,HHIP,1,0,0,
ALDH6A1,HIBADH,0,0,0,
AOX1,HIBADH,0,0,0,
HIBADH,HIBADH,-1,0,0,
ABAT,HIBADH,0,0,0,
AGXT2,HIBADH,0,0,0,
ALDH2,HIBADH,0,0,0,
HIBADH,HIBCH,0,0,0,
EHHADH,HIBCH,0,0,0,
ECHS1,HIBCH,0,0,0,
HIBCH,HIBCH,-1,0,0,
THRB,HIF1A,1,0,0,
EGLN2,HIF1A,1,0,0,
HIF1A,HIF1A,-1,0,0,
STAT3,HIF1A,1,0,0,
NFKB1,HIF1A,1,0,0,
VHL-RBX1,HIF1A,-1,0,0,
PIK3CA,HIF1A,1,0,0,
NEO1,HJV,0,0,0,
HJV,HJV,-1,0,0,
HJV-NEO1,HJV-NEO1,-1,0,0,
BMPR1A,HJV-NEO1,0,0,0,
GFPT1,HK1,0,0,0,
KHK,HK1,0,0,0,
MPI,HK1,0,0,0,
GALM,HK1,0,0,0,
GPI,HK1,0,0,0,
SORD,HK1,0,0,0,
SI,HK1,0,0,0,
GAA,HK1,0,0,0,
PGM1,HK1,0,0,0,
GNPDA1,HK1,0,0,0,
HK1,HK1,-1,0,0,
ARNT-CREBBP,HK1,1,0,0,
AMDHD2,HK1,0,0,0,
GNPNAT1,HK1,0,0,0,
TAPBP,HLA-A,0,0,0,
HLA-A,HLA-A,-1,0,0,
CD8A,HLA-A,0,0,0,
HLA-B,HLA-B,-1,0,0,
HLA-C,HLA-C,-1,0,0,
CD4,HLA-DMA,0,0,0,
HLA-DMA,HLA-DMA,-1,0,0,
HLA-E,HLA-E,-1,0,0,
HLA-G,HLA-G,-1,0,0,
HLCS,HLCS,-1,0,0,
HMBS,HMBS,-1,0,0,
UROS,HMBS,0,0,0,
HMGB1,HMGB1,-1,0,0,
BDH2,HMGCL,0,0,0,
HMGCS1,HMGCL,0,0,0,
OXCT1,HMGCL,0,0,0,
ACAT1,HMGCL,0,0,0,
AACS,HMGCL,0,0,0,
HMGCL,HMGCL,-1,0,0,
PRKAG2,HMGCR,-1,0,0,
HMGCS1,HMGCR,0,0,0,
HMGCR,HMGCR,-1,0,0,
AACS,HMGCS1,0,0,0,
HMGCL,HMGCS1,0,0,0,
HMGCS1,HMGCS1,-1,0,0,
ACAT1,HMGCS1,0,0,0,
OXCT1,HMGCS1,0,0,0,
PPARA-RXRA,HMGCS1,1,0,0,
HMMR,HMMR,-1,0,0,
HMOX1,HMOX1,-1,0,0,
CP,HMOX1,0,0,0,
HCCS,HMOX1,0,0,0,
FECH,HMOX1,0,0,0,
ARNT-CREBBP,HMOX1,1,0,0,
HNF4A,HNF4A,-1,0,0,
AOC1,HNMT,0,0,0,
HNMT,HNMT,-1,0,0,
HDC,HNMT,0,0,0,
MAOA,HNMT,0,0,0,
HOGA1,HOGA1,-1,0,0,
GOT1L1,HOGA1,0,0,0,
HOMER3,HOMER3,-1,0,0,
SHANK2,HOMER3,0,0,0,
GRM1,HOMER3,0,0,0,
HPD,HPD,-1,0,0,
HGD,HPD,0,0,0,
GOT1L1,HPD,0,0,0,
MIF,HPD,0,0,0,
PTGIS,HPGDS,0,0,0,
AKR1C3,HPGDS,0,0,0,
PTGES3,HPGDS,0,0,0,
HPGDS,HPGDS,-1,0,0,
TBXAS1,HPGDS,0,0,0,
PTGS1,HPGDS,0,0,0,
XDH,HPRT1,0,0,0,
ADSS1,HPRT1,0,0,0,
AMPD1,HPRT1,0,0,0,
HPRT1,HPRT1,-1,0,0,
GUK1,HPRT1,0,0,0,
PNP,HPRT1,0,0,0,
GDA,HPRT1,0,0,0,
NT5C1B-RDH14,HPRT1,0,0,0,
NUDT16,HPRT1,0,0,0,
ITPA,HPRT1,0,0,0,
ENTPD8,HPRT1,0,0,0,
CANT1,HPRT1,0,0,0,
PDE10A,HPRT1,0,0,0,
TPMT,HPRT1,0,0,0,
ATIC,HPRT1,0,0,0,
IMPDH1,HPRT1,0,0,0,
GMPR,HPRT1,0,0,0,
GMPS,HPRT1,0,0,0,
HPSE,HPSE,-1,0,0,
HPSE2,HPSE2,-1,0,0,
C00076,HRAS,1,0,0,
SOS1,HRAS,1,0,0,
RASA1,HRAS,-1,0,0,
NOS1,HRAS,0,0,0,
CALML6,HRAS,1,0,0,
MAPK1,HRAS,-1,0,0,
PIK3CA,HRAS,1,0,0,
RASGRP1,HRAS,1,0,0,
RASGRP3,HRAS,1,0,0,
IGF1R,HRAS,1,0,0,
PIK3R6,HRAS,1,0,0,
NTRK1,HRAS,1,0,0,
HRAS,HRAS,-1,0,0,
ITGB3-ITGAV,HRAS,1,0,0,
GNAI1,HRAS,1,0,0,
KIT,HRAS,1,0,0,
SRC,HRAS,1,0,0,
CSF2RB,HRAS,1,0,0,
GNAQ,HRAS,1,0,0,
SPHK2,HRAS,0,0,0,
FGFR1,HRAS,1,0,0,
RASGRF1,HRAS,1,0,0,
RPS6KA6,HRAS,-1,0,0,
HRC,HRC,-1,0,0,
TRDN,HRC,0,0,0,
C00388,HRH1,1,0,0,
HRH1,HRH1,-1,0,0,
C00388,HRH2,1,0,0,
HRH2,HRH2,-1,0,0,
C00388,HRH3,1,0,0,
HRH3,HRH3,-1,0,0,
JUN,HRK,1,0,0,
HRK,HRK,-1,0,0,
FOS,HRK,1,0,0,
CYP2A13,HSD11B1,0,0,0,
HSD11B1,HSD11B1,-1,0,0,
AKR1C4,HSD11B1,0,0,0,
CYP21A2,HSD11B1,0,0,0,
107987478,HSD11B1,0,0,0,
CYP3A4,HSD11B1,0,0,0,
AKR1D1,HSD11B1,0,0,0,
CYP11B2,HSD11B1,0,0,0,
CYP2A6,HSD11B1,0,0,0,
CYP11B1,HSD11B1,0,0,0,
CYP2E1,HSD11B1,0,0,0,
HSD11B2,HSD11B2,-1,0,0,
CYP21A2,HSD11B2,0,0,0,
AKR1D1,HSD11B2,0,0,0,
CYP11B1,HSD11B2,0,0,0,
CYP11B2,HSD11B2,0,0,0,
PRKACA,HSD17B1,1,0,0,
HSD17B1,HSD17B1,-1,0,0,
CYP3A4,HSD17B1,0,0,0,
CYP3A5,HSD17B1,0,0,0,
ACAA2,HSD17B10,0,0,0,
ECHS1,HSD17B10,0,0,0,
HSD17B10,HSD17B10,-1,0,0,
HSD17B12,HSD17B12,-1,0,0,
CYP11B1,HSD17B2,0,0,0,
SRD5A1,HSD17B2,0,0,0,
PRKACA,HSD17B2,1,0,0,
CYP17A1,HSD17B2,0,0,0,
CYP19A1,HSD17B2,0,0,0,
HSD17B2,HSD17B2,-1,0,0,
UGT2B11,HSD17B2,0,0,0,
HSD3B1,HSD17B2,0,0,0,
AKR1D1,HSD17B2,0,0,0,
CYP11B1,HSD17B3,0,0,0,
SRD5A1,HSD17B3,0,0,0,
CYP17A1,HSD17B3,0,0,0,
CYP19A1,HSD17B3,0,0,0,
HSD17B3,HSD17B3,-1,0,0,
UGT2B11,HSD17B3,0,0,0,
HSD3B1,HSD17B3,0,0,0,
AKR1D1,HSD17B3,0,0,0,
ACOX2,HSD17B4,0,0,0,
HSD17B4,HSD17B4,-1,0,0,
NSDHL,HSD17B7,0,0,0,
HSD17B7,HSD17B7,-1,0,0,
HSD17B8,HSD17B8,-1,0,0,
OXSM,HSD17B8,0,0,0,
UGT2B11,HSD3B1,0,0,0,
PRKACA,HSD3B1,1,0,0,
CYP7A1,HSD3B1,0,0,0,
CYP11B1,HSD3B1,0,0,0,
CYP7B1,HSD3B1,0,0,0,
CYP11A1,HSD3B1,0,0,0,
SRD5A1,HSD3B1,0,0,0,
CYP17A1,HSD3B1,0,0,0,
HSD3B1,HSD3B1,-1,0,0,
AKR1C3,HSD3B1,0,0,0,
AKR1D1,HSD3B1,0,0,0,
CYP19A1,HSD3B1,0,0,0,
SULT2B1,HSD3B1,0,0,0,
CYP3A7-CYP3A51P,HSD3B1,0,0,0,
HSD11B1,HSD3B1,0,0,0,
HSD11B2,HSD3B1,0,0,0,
CYP21A2,HSD3B1,0,0,0,
STS,HSD3B1,0,0,0,
CYP7A1,HSD3B7,0,0,0,
CYP7B1,HSD3B7,0,0,0,
HSD3B7,HSD3B7,-1,0,0,
SUGT1,HSP90AA1,0,0,0,
HSP90AA1,HSP90AA1,-1,0,0,
HSP90AA1-CDC37,HSP90AA1-CDC37,-1,0,0,
HSPA1A,HSPA1A,-1,0,0,
HSPA4,HSPA4,-1,0,0,
MAPKAPK5,HSPB1,0,0,0,
MAPKAPK3,HSPB1,1,0,0,
HSPB1,HSPB1,-1,0,0,
HSPG2,HSPG2,-1,0,0,
HSD17B8,HTD2,0,0,0,
HTD2,HTD2,-1,0,0,
CBR4,HTD2,0,0,0,
CBR4-HSD17B8,HTD2,0,0,0,
FASN,HTD2,0,0,0,
C00780,HTR1A,1,0,0,
HTR1A,HTR1A,-1,0,0,
C00780,HTR2A,1,0,0,
HTR2A,HTR2A,-1,0,0,
C00780,HTR3C,1,0,0,
HTR3C,HTR3C,-1,0,0,
C00780,HTR4,1,0,0,
HTR4,HTR4,-1,0,0,
HTR5A,HTR5A,-1,0,0,
C00780,HTR5A,1,0,0,
HTR7,HTR7,-1,0,0,
HTRA2,HTRA2,-1,0,0,
ARSB,HYAL4,0,0,0,
HYAL4,HYAL4,-1,0,0,
IDUA,HYAL4,0,0,0,
AGXT,HYI,0,0,0,
HYI,HYI,-1,0,0,
HYKK,HYKK,-1,0,0,
IBSP,IBSP,-1,0,0,
ITGB2-ITGAM,ICAM1,1,0,0,
ITGB2-ITGAL,ICAM1,1,0,0,
ICAM1,ICAM1,-1,0,0,
MSN,ICAM1,0,0,0,
RELB-NFKB2,ICAM1,1,0,0,
ICAM2,ICAM2,-1,0,0,
ICAM3,ICAM3,-1,0,0,
ICMT,ICMT,-1,0,0,
ICOS,ICOS,-1,0,0,
102723996,ICOS,1,0,0,
ID1,ID1,-1,0,0,
RAP1A,ID1,-1,0,0,
SMAD1-SMAD4,ID1,1,0,0,
SMAD1,ID1,1,0,0,
SMAD4-SMAD1,ID1,1,0,0,
ID2,ID2,-1,0,0,
SMAD1-SMAD4,ID2,1,0,0,
IDH3A,IDH1,0,0,0,
OGDH,IDH1,0,0,0,
ACO1,IDH1,0,0,0,
IDH1,IDH1,-1,0,0,
OGDH,IDH3A,0,0,0,
ACO1,IDH3A,0,0,0,
IDH1,IDH3A,0,0,0,
IDH3A,IDH3A,-1,0,0,
MVD,IDI1,0,0,0,
FDPS,IDI1,0,0,0,
IDI1,IDI1,-1,0,0,
IDNK,IDNK,-1,0,0,
PGLS,IDNK,0,0,0,
H6PD,IDNK,0,0,0,
PGD,IDNK,0,0,0,
IDO2,IDO2,-1,0,0,
KYNU,IDO2,0,0,0,
AANAT,IDO2,0,0,0,
TPH2,IDO2,0,0,0,
DDC,IDO2,0,0,0,
IL4I1,IDO2,0,0,0,
AFMID,IDO2,0,0,0,
IDS,IDS,-1,0,0,
HPSE2,IDS,0,0,0,
HPSE,IDS,0,0,0,
IDUA,IDUA,-1,0,0,
IDS,IDUA,0,0,0,
IFI16,IFI16,-1,0,0,
TKFC,IFIH1,-1,0,0,
IFIH1,IFIH1,-1,0,0,
DHX58,IFIH1,1,0,0,
RNF125,IFIH1,-1,0,0,
IFNA1,IFNA1,-1,0,0,
NFKB1,IFNA1,1,0,0,
IRF3,IFNA1,1,0,0,
IRF7,IFNA1,1,0,0,
IFNA1,IFNAR1,1,0,0,
IFNB1,IFNAR1,1,0,0,
IFNG,IFNAR1,1,0,0,
IFNAR1,IFNAR1,-1,0,0,
IFNE,IFNAR2-IFNAR1,1,0,0,
IFNK,IFNAR2-IFNAR1,1,0,0,
IFNW1,IFNAR2-IFNAR1,1,0,0,
IFNB1,IFNAR2-IFNAR1,1,0,0,
IFNA1,IFNAR2-IFNAR1,1,0,0,
IFNAR2-IFNAR1,IFNAR2-IFNAR1,-1,0,0,
IFNB1,IFNB1,-1,0,0,
NFKB1,IFNB1,1,0,0,
NFKB2,IFNB1,1,0,0,
IRF1,IFNB1,1,0,0,
IRF3,IFNB1,1,0,0,
IRF7,IFNB1,1,0,0,
FOS,IFNB1,1,0,0,
IRF3,IFNE,1,0,0,
IRF7,IFNE,1,0,0,
NFKB1,IFNE,1,0,0,
IFNE,IFNE,-1,0,0,
FOS,IFNG,1,0,0,
NFKB1,IFNG,1,0,0,
MAPK1,IFNG,0,0,0,
NFATC1,IFNG,1,0,0,
IFNG,IFNG,-1,0,0,
IFNGR1,IFNGR1,-1,0,0,
IFNG,IFNGR1,1,0,0,
IFNG,IFNGR2-IFNGR1,1,0,0,
IFNGR2-IFNGR1,IFNGR2-IFNGR1,-1,0,0,
IRF3,IFNK,1,0,0,
IRF7,IFNK,1,0,0,
NFKB1,IFNK,1,0,0,
IFNK,IFNK,-1,0,0,
IFNL1,IFNL1,-1,0,0,
IFNL2,IFNL2,-1,0,0,
IRF3,IFNW1,1,0,0,
IRF7,IFNW1,1,0,0,
IFNW1,IFNW1,-1,0,0,
NFKB1,IFNW1,1,0,0,
NFKB1,IFNW1,1,0,0,
RPTOR-DEPTOR,IGBP1,1,0,0,
IGBP1,IGBP1,-1,0,0,
IGF1,IGF1,-1,0,0,
IGFBP3,IGF1,-1,0,0,
IGF1,IGF1R,1,0,0,
GRB10,IGF1R,-1,0,0,
KL,IGF1R,-1,0,0,
IGF1R,IGF1R,-1,0,0,
INS,IGF1R,1,0,0,
IGF1R-INS,IGF1R-INS,-1,0,0,
TP53,IGFBP3,1,0,0,
IGFBP3,IGFBP3,-1,0,0,
IGH,IGH,-1,0,0,
VSIR,IGSF11,1,0,0,
IGSF11,IGSF11,-1,0,0,
IGSF5,IGSF5,-1,0,0,
HHIP,IHH,-1,0,0,
IHH,IHH,-1,0,0,
IKBKB,IKBKB,-1,0,0,
TNFRSF1A,IKBKB,1,0,0,
MAP3K7,IKBKB,0,0,0,
IRAK3-TRAF6,IKBKB,1,0,0,
IKBKB-CHUK,IKBKB-CHUK,-1,0,0,
MAP3K14,IKBKB-IKBKG,1,0,0,
AKT3,IKBKB-IKBKG,0,0,0,
IKBKB-IKBKG,IKBKB-IKBKG,-1,0,0,
ZBP1,IKBKE,1,0,0,
TMEM173,IKBKE,1,0,0,
TRAF3,IKBKE,1,0,0,
IKBKE,IKBKE,-1,0,0,
SIKE1,IKBKE,-1,0,0,
IKBKE-TBK1,IKBKE-TBK1,-1,0,0,
IRAK4,IKBKG,1,0,0,
MALT1-BCL10,IKBKG,1,0,0,
TRAF6,IKBKG,0,0,0,
IKBKG,IKBKG,-1,0,0,
RIPK2,IKBKG,1,0,0,
RIPK1,IKBKG,1,0,0,
TANK-AZI2,IKBKG,1,0,0,
IKBKG-CHUK,IKBKG-CHUK,-1,0,0,
BTK,IKBKG-CHUK,1,0,0,
IL10,IL10,-1,0,0,
NFKB1,IL10,1,0,0,
FOS,IL10,1,0,0,
NFATC1,IL10,1,0,0,
IFNL2,IL10RB-IFNLR1,1,0,0,
IFNL1,IL10RB-IFNLR1,1,0,0,
IL10RB-IFNLR1,IL10RB-IFNLR1,-1,0,0,
IL10RB-IL10RA,IL10RB-IL10RA,-1,0,0,
IL10,IL10RB-IL10RA,1,0,0,
IL10RB-IL22RA1,IL10RB-IL22RA1,-1,0,0,
IL22,IL10RB-IL22RA1,1,0,0,
IL11,IL11,-1,0,0,
IL11,IL11RA-IL6ST,1,0,0,
IL11RA-IL6ST,IL11RA-IL6ST,-1,0,0,
IRF5,IL12A,1,0,0,
FOS,IL12A,1,0,0,
NFKB1,IL12A,1,0,0,
IL12A,IL12A,-1,0,0,
IL12RB1-IL23R,IL12RB1-IL23R,-1,0,0,
IL23A,IL12RB1-IL23R,1,0,0,
IL12RB2-IL12RB1,IL12RB2-IL12RB1,-1,0,0,
IL12A,IL12RB2-IL12RB1,1,0,0,
IL13,IL13,-1,0,0,
IL13RA1,IL13RA1,-1,0,0,
IL13,IL13RA1,1,0,0,
IL13,IL13RA1-IL4R,1,0,0,
IL4,IL13RA1-IL4R,1,0,0,
IL13RA1-IL4R,IL13RA1-IL4R,-1,0,0,
IL13RA2,IL13RA2,-1,0,0,
IL13,IL13RA2,1,0,0,
IL15,IL15,-1,0,0,
IL15,IL15RA,0,0,0,
IL15RA,IL15RA,-1,0,0,
IL15,IL15RA-IL2RG,1,0,0,
IL15RA-IL2RG,IL15RA-IL2RG,-1,0,0,
IL16,IL16,-1,0,0,
IL17A,IL17A,-1,0,0,
IL17B,IL17B,-1,0,0,
IL17C,IL17C,-1,0,0,
IL17F,IL17F,-1,0,0,
IL17RA-IL17RC,IL17RA-IL17RC,-1,0,0,
IL17F,IL17RA-IL17RC,1,0,0,
IL17A,IL17RA-IL17RC,1,0,0,
IL17RB,IL17RB,-1,0,0,
IL17B,IL17RB,1,0,0,
IL17RB-IL17RA,IL17RB-IL17RA,-1,0,0,
IL25,IL17RB-IL17RA,1,0,0,
IL17RE,IL17RE,-1,0,0,
IL17C,IL17RE,1,0,0,
JUN,IL18,1,0,0,
NFKB1,IL18,1,0,0,
IL18,IL18,-1,0,0,
CASP1,IL18,1,0,0,
IL18,IL18RAP-IL18R1,1,0,0,
IL37,IL18RAP-IL18R1,1,0,0,
IL18RAP-IL18R1,IL18RAP-IL18R1,-1,0,0,
IL19,IL19,-1,0,0,
IL1A,IL1A,-1,0,0,
JUN,IL1B,1,0,0,
NFKB1,IL1B,1,0,0,
IL1B,IL1B,-1,0,0,
NFKB1-RELA,IL1B,1,0,0,
IRF5,IL1B,1,0,0,
CASP1,IL1B,1,0,0,
FOS,IL1B,1,0,0,
IL1F10,IL1F10,-1,0,0,
IL1R1,IL1R1,-1,0,0,
IL1A,IL1R1,1,0,0,
IL1B,IL1R1,1,0,0,
IL1R2,IL1R2,-1,0,0,
IL1A,IL1R2,1,0,0,
IL1RN,IL1R2,1,0,0,
IL1B,IL1R2,1,0,0,
IL1B,IL1RAP-IL1R1,1,0,0,
IL1A,IL1RAP-IL1R1,1,0,0,
IL1RAP-IL1R1,IL1RAP-IL1R1,-1,0,0,
IL1RN,IL1RAP-IL1R1,-1,0,0,
IL1RAP-IL1RL2,IL1RAP-IL1RL2,-1,0,0,
IL1F10,IL1RAP-IL1RL2,1,0,0,
IL36RN,IL1RAP-IL1RL2,1,0,0,
IL36B,IL1RAP-IL1RL2,1,0,0,
IL36A,IL1RAP-IL1RL2,1,0,0,
IL36G,IL1RAP-IL1RL2,1,0,0,
IL1RL1-IL1RAP,IL1RL1-IL1RAP,-1,0,0,
IL33,IL1RL1-IL1RAP,1,0,0,
IL1RN,IL1RN,-1,0,0,
NFATC1,IL2,1,0,0,
FOS,IL2,1,0,0,
NFKB1,IL2,1,0,0,
IL2,IL2,-1,0,0,
IL20,IL20,-1,0,0,
IL26,IL20RA-IL10RB,1,0,0,
IL20RA-IL10RB,IL20RA-IL10RB,-1,0,0,
IL20RA-IL20RB,IL20RA-IL20RB,-1,0,0,
IL24,IL20RA-IL20RB,1,0,0,
IL20,IL20RA-IL20RB,1,0,0,
IL19,IL20RA-IL20RB,1,0,0,
IL21,IL21,-1,0,0,
IL21R-IL2RG,IL21R-IL2RG,-1,0,0,
IL21,IL21R-IL2RG,1,0,0,
IL22,IL22,-1,0,0,
IL22RA1-IL20RB,IL22RA1-IL20RB,-1,0,0,
IL20,IL22RA1-IL20RB,1,0,0,
IL24,IL22RA1-IL20RB,1,0,0,
IL22RA2,IL22RA2,-1,0,0,
IL24,IL22RA2,1,0,0,
CNTF,IL22RA2,1,0,0,
IL23A,IL23A,-1,0,0,
IL24,IL24,-1,0,0,
IL25,IL25,-1,0,0,
IL26,IL26,-1,0,0,
IL27,IL27,-1,0,0,
IL27,IL27RA-IL6ST,1,0,0,
IL27RA-IL6ST,IL27RA-IL6ST,-1,0,0,
RHOA,IL2RA,0,0,0,
IL2RA,IL2RA,-1,0,0,
IL2,IL2RG-IL2RB,1,0,0,
IL2RG-IL2RB,IL2RG-IL2RB,-1,0,0,
IL3,IL3,-1,0,0,
IL31,IL31,-1,0,0,
IL31,IL31RA-OSMR,1,0,0,
IL31RA-OSMR,IL31RA-OSMR,-1,0,0,
IL33,IL33,-1,0,0,
CASP1,IL33,1,0,0,
IL34,IL34,-1,0,0,
IL36A,IL36A,-1,0,0,
IL36B,IL36B,-1,0,0,
IL36G,IL36G,-1,0,0,
IL36RN,IL36RN,-1,0,0,
IL37,IL37,-1,0,0,
IL3,IL3RA-CSF2RB,1,0,0,
IL3RA-CSF2RB,IL3RA-CSF2RB,-1,0,0,
NFATC1,IL4,1,0,0,
FOS,IL4,1,0,0,
NFKB1,IL4,1,0,0,
IL4,IL4,-1,0,0,
BHMT,IL4I1,0,0,0,
ASRGL1,IL4I1,0,0,0,
DDC,IL4I1,0,0,0,
CAD,IL4I1,0,0,0,
DDO,IL4I1,0,0,0,
ASS1,IL4I1,0,0,0,
IL4I1,IL4I1,-1,0,0,
TH,IL4I1,0,0,0,
MTR,IL4I1,0,0,0,
TYR,IL4I1,0,0,0,
NAT8L,IL4I1,0,0,0,
NIT2,IL4I1,0,0,0,
PAH,IL4I1,0,0,0,
MIF,IL4I1,0,0,0,
ADSS1,IL4I1,0,0,0,
TPO,IL4I1,0,0,0,
ASPA,IL4I1,0,0,0,
BCKDHA,IL4I1,0,0,0,
ASNS,IL4I1,0,0,0,
HPD,IL4I1,0,0,0,
BHMT2,IL4I1,0,0,0,
IL4R,IL4R,-1,0,0,
IL4,IL4R,1,0,0,
IL4,IL4R-IL13RA2,1,0,0,
IL13,IL4R-IL13RA2,1,0,0,
IL4R-IL13RA2,IL4R-IL13RA2,-1,0,0,
IL4R-IL2RG,IL4R-IL2RG,-1,0,0,
IL4,IL4R-IL2RG,1,0,0,
NFATC1,IL5,1,0,0,
FOS,IL5,1,0,0,
NFKB1,IL5,1,0,0,
IL5,IL5,-1,0,0,
IL5RA-CSF2RB,IL5RA-CSF2RB,-1,0,0,
IL5,IL5RA-CSF2RB,1,0,0,
JUN,IL6,1,0,0,
IRF5,IL6,1,0,0,
FOS,IL6,1,0,0,
NFKB1,IL6,1,0,0,
IL6,IL6,-1,0,0,
IL6,IL6R,1,0,0,
IL6R,IL6R,-1,0,0,
IL6,IL6R,1,0,0,
IL6ST,IL6ST,-1,0,0,
LIF,IL6ST,1,0,0,
IL6,IL6ST-IL6R,1,0,0,
IL6ST-IL6R,IL6ST-IL6R,-1,0,0,
IL7,IL7,-1,0,0,
IL7R,IL7R,-1,0,0,
FOXO6,IL7R,1,0,0,
IL7,IL7R-IL2RG,1,0,0,
IL7R-IL2RG,IL7R-IL2RG,-1,0,0,
IL9,IL9,-1,0,0,
IL9,IL9R-IL2RG,1,0,0,
IL9R-IL2RG,IL9R-IL2RG,-1,0,0,
PPARD-RXRA,ILK,1,0,0,
PARVB,ILK,0,0,0,
C05981,ILK,1,0,0,
ILK,ILK,-1,0,0,
PIK3CA,ILK,0,0,0,
PRKCA,ILK,1,0,0,
PLCD3,IMPA1,0,0,0,
MTM1,IMPA1,0,0,0,
IMPA1,IMPA1,-1,0,0,
CDIPT,IMPA1,0,0,0,
AMPD1,IMPDH1,0,0,0,
ADSS1,IMPDH1,0,0,0,
ATIC,IMPDH1,0,0,0,
NT5C1B-RDH14,IMPDH1,0,0,0,
HPRT1,IMPDH1,0,0,0,
ITPA,IMPDH1,0,0,0,
NUDT16,IMPDH1,0,0,0,
CANT1,IMPDH1,0,0,0,
ENTPD8,IMPDH1,0,0,0,
GMPR,IMPDH1,0,0,0,
GMPS,IMPDH1,0,0,0,
IMPDH1,IMPDH1,-1,0,0,
FST,INHBA,-1,0,0,
INHBA,INHBA,-1,0,0,
INHBB,INHBB,-1,0,0,
AOC1,INMT,0,0,0,
DDC,INMT,0,0,0,
IDO2,INMT,0,0,0,
MAOA,INMT,0,0,0,
INMT,INMT,-1,0,0,
AANAT,INMT,0,0,0,
IMPA1,INPP1,0,0,0,
ITPK1,INPP1,0,0,0,
INPP1,INPP1,-1,0,0,
INPP4A,INPP1,0,0,0,
INPP5J,INPP1,0,0,0,
PIKFYVE,INPP4A,0,0,0,
PIK3C2A,INPP4A,0,0,0,
INPP4A,INPP4A,-1,0,0,
INPP5A,INPP4A,0,0,0,
INPP5B,INPP4A,0,0,0,
INPP5D,INPP4A,0,0,0,
PTEN,INPP4A,0,0,0,
MTM1,INPP4A,0,0,0,
IMPA1,INPP4A,0,0,0,
INPP1,INPP5A,0,0,0,
INPP5A,INPP5A,-1,0,0,
PLCD3,INPP5A,0,0,0,
IPMK,INPP5A,0,0,0,
PIK3C2A,INPP5B,0,0,0,
PIP5K1C,INPP5B,0,0,0,
INPP5F,INPP5B,0,0,0,
INPP5B,INPP5B,-1,0,0,
PTEN,INPP5B,0,0,0,
PIP4K2A,INPP5B,0,0,0,
PI4KA,INPP5B,0,0,0,
PLCD3,INPP5B,0,0,0,
PIK3CA,INPP5B,0,0,0,
PIK3C2A,INPP5D,0,0,0,
INPP4A,INPP5D,0,0,0,
INPP5D,INPP5D,-1,0,0,
PTEN,INPP5D,0,0,0,
FCGR2B,INPP5D,0,0,0,
PIK3CA,INPP5D,0,0,0,
INPP5F,INPP5F,-1,0,0,
PIK3C3,INPP5F,0,0,0,
MTM1,INPP5F,0,0,0,
INPP1,INPP5J,0,0,0,
INPP5J,INPP5J,-1,0,0,
PLCD3,INPP5J,0,0,0,
IPMK,INPP5J,0,0,0,
MINPP1,INPP5J,0,0,0,
ITPKA,INPP5J,0,0,0,
PLCD3,INPP5J,1,0,0,
INPPL1,INPPL1,-1,0,0,
CREB3,INS,1,0,0,
STAT1,INS,1,0,0,
PDX1,INS,1,0,0,
INS,INS,-1,0,0,
INSL5,INSL5,-1,0,0,
SOCS4,INSR,-1,0,0,
KL,INSR,-1,0,0,
INSR,INSR,-1,0,0,
PTPN1,INSR,-1,0,0,
PTPRF,INSR,-1,0,0,
IGF1,INSR,1,0,0,
INS,INSR,1,0,0,
INVS,INVS,-1,0,0,
PPIP5K2,IP6K3,0,0,0,
IP6K3,IP6K3,-1,0,0,
PLCD3,IPMK,0,0,0,
INPP5A,IPMK,0,0,0,
IPMK,IPMK,-1,0,0,
ITPK1,IPMK,0,0,0,
ITPKA,IPMK,0,0,0,
IPPK,IPMK,0,0,0,
IPMK,IPPK,0,0,0,
IP6K3,IPPK,0,0,0,
IPPK,IPPK,-1,0,0,
PPIP5K2,IPPK,0,0,0,
IQGAP1,IQGAP1,-1,0,0,
RAC1,IQGAP1,-1,0,0,
CDC42,IQGAP1,1,0,0,
IQGAP2,IQGAP2,-1,0,0,
RAC1,IQGAP2,1,0,0,
CDC42,IQGAP2,1,0,0,
PRKG1,IRAG1,1,0,0,
IRAG1,IRAG1,-1,0,0,
MYD88,IRAK1,1,0,0,
IRAK4,IRAK1,1,0,0,
IRAK1,IRAK1,-1,0,0,
MYD88,IRAK1-IRAK4,1,0,0,
IRAK1-IRAK4,IRAK1-IRAK4,-1,0,0,
IRAK1-MYD88,IRAK1-MYD88,-1,0,0,
IL1R1,IRAK1-MYD88,1,0,0,
IRAK1-TRAF6,IRAK1-TRAF6,-1,0,0,
TIRAP-MYD88,IRAK1-TRAF6,1,0,0,
NGFR,IRAK3,0,0,0,
IRAK3,IRAK3,-1,0,0,
IRAK3-TRAF6,IRAK3-TRAF6,-1,0,0,
MYD88,IRAK4,1,0,0,
IRAK4,IRAK4,-1,0,0,
TNFRSF1B,IRF1,1,0,0,
IRF1,IRF1,-1,0,0,
STAT1,IRF1,1,0,0,
TBK1,IRF3,0,0,0,
ZBP1,IRF3,0,0,0,
TICAM1,IRF3,1,0,0,
TBK1-IKBKE,IRF3,1,0,0,
PIN1,IRF3,0,0,0,
IKBKE-TBK1,IRF3,1,0,0,
IRF3,IRF3,-1,0,0,
IKBKE,IRF3,0,0,0,
TRAF6,IRF5,1,0,0,
IRF5,IRF5,-1,0,0,
TBK1,IRF7,0,0,0,
SPP1,IRF7,1,0,0,
CHUK,IRF7,0,0,0,
ZBP1,IRF7,0,0,0,
TBK1-IKBKE,IRF7,1,0,0,
IRAK1,IRF7,1,0,0,
TRAF6,IRF7,1,0,0,
IKBKE-TBK1,IRF7,1,0,0,
IRF7,IRF7,-1,0,0,
IKBKE,IRF7,0,0,0,
IRF7,IRF7,1,0,0,
STAT1-STAT1,IRF9,0,0,0,
IRF9,IRF9,-1,0,0,
STAT1,IRF9,0,0,0,
RPS6KB1,IRS1,-1,0,0,
NTRK1,IRS1,1,0,0,
NTRK2,IRS1,1,0,0,
NTRK3,IRS1,1,0,0,
MAPK8,IRS1,-1,0,0,
SOCS3,IRS1,-1,0,0,
IGF1R,IRS1,1,0,0,
KL,IRS1,-1,0,0,
CHUK,IRS1,-1,0,0,
INSR,IRS1,1,0,0,
MTOR,IRS1,-1,0,0,
CSF1R,IRS1,1,0,0,
IGF1R-INS,IRS1,1,0,0,
PTPN1,IRS1,-1,0,0,
IRS1,IRS1,-1,0,0,
IKBKB,IRS1,-1,0,0,
PTPRF,IRS1,-1,0,0,
ISG15,ISG15,-1,0,0,
INPP4A,ISYNA1,0,0,0,
ISYNA1,ISYNA1,-1,0,0,
IMPA1,ISYNA1,0,0,0,
MAPK8,ITCH,0,0,0,
ITCH,ITCH,-1,0,0,
COL1A1,ITGA10-ITGB1,1,0,0,
ITGA10-ITGB1,ITGA10-ITGB1,-1,0,0,
ITGA11,ITGA11,-1,0,0,
FN1,ITGA11,1,0,0,
COL1A1,ITGA11-ITGB1,1,0,0,
LAMC3,ITGA11-ITGB1,1,0,0,
ITGA11-ITGB1,ITGA11-ITGB1,-1,0,0,
COL1A1,ITGA2,1,0,0,
ITGA2,ITGA2,-1,0,0,
CHAD,ITGA2-ITGB1,1,0,0,
COL1A1,ITGA2-ITGB1,1,0,0,
LAMC3,ITGA2-ITGB1,1,0,0,
ITGA2-ITGB1,ITGA2-ITGB1,-1,0,0,
FERMT3,ITGA2B,1,0,0,
ITGA2B,ITGA2B,-1,0,0,
TLN1,ITGA2B,1,0,0,
ACTB,ITGA2B,1,0,0,
FN1,ITGA2B-ITGB3,1,0,0,
COMP,ITGA2B-ITGB3,1,0,0,
ITGA2B-ITGB3,ITGA2B-ITGB3,-1,0,0,
VTN,ITGA2B-ITGB3,1,0,0,
VWF,ITGA2B-ITGB3,1,0,0,
LAMC3,ITGA3-ITGB1,1,0,0,
RELN,ITGA3-ITGB1,1,0,0,
COMP,ITGA3-ITGB1,1,0,0,
FN1,ITGA3-ITGB1,1,0,0,
COL1A1,ITGA3-ITGB1,1,0,0,
ITGA3-ITGB1,ITGA3-ITGB1,-1,0,0,
MADCAM1,ITGA4,0,0,0,
ITGA4,ITGA4,-1,0,0,
ITGA4-ITGB1,ITGA4-ITGB1,-1,0,0,
FN1,ITGA4-ITGB1,1,0,0,
SPP1,ITGA4-ITGB1,1,0,0,
ITGA4-ITGB7,ITGA4-ITGB7,-1,0,0,
FN1,ITGA4-ITGB7,1,0,0,
ITGA5-ITGB1,ITGA5-ITGB1,-1,0,0,
FN1,ITGA5-ITGB1,1,0,0,
LAMC3,ITGA6-ITGB1,1,0,0,
ITGA6-ITGB1,ITGA6-ITGB1,-1,0,0,
LAMC3,ITGA7-ITGB1,1,0,0,
ITGA7-ITGB1,ITGA7-ITGB1,-1,0,0,
ITGA8-ITGB1,ITGA8-ITGB1,-1,0,0,
VTN,ITGA8-ITGB1,1,0,0,
TNC,ITGA8-ITGB1,1,0,0,
NPNT-FREM1,ITGA8-ITGB1,1,0,0,
FN1,ITGA8-ITGB1,1,0,0,
COL1A1,ITGA9-ITGB1,1,0,0,
SPP1,ITGA9-ITGB1,1,0,0,
TNC,ITGA9-ITGB1,1,0,0,
ITGA9-ITGB1,ITGA9-ITGB1,-1,0,0,
LAMC3,ITGA9-ITGB1,1,0,0,
RGS14,ITGAL,1,0,0,
PRKD3,ITGAL,1,0,0,
RASSF5,ITGAL,1,0,0,
ITGAL,ITGAL,-1,0,0,
RAP1A-RASSF5,ITGAL-ITGB2,1,0,0,
ICAM1,ITGAL-ITGB2,0,0,0,
ITGAL-ITGB2,ITGAL-ITGB2,-1,0,0,
RAP1A-RASSF5,ITGAM-ITGB2,1,0,0,
THY1,ITGAM-ITGB2,0,0,0,
ITGAM-ITGB2,ITGAM-ITGB2,-1,0,0,
FN1,ITGAV-ITGB1,1,0,0,
ITGAV-ITGB1,ITGAV-ITGB1,-1,0,0,
SPP1,ITGAV-ITGB1,1,0,0,
DSPP,ITGAV-ITGB1,1,0,0,
VTN,ITGAV-ITGB1,1,0,0,
COMP,ITGAV-ITGB3,1,0,0,
FN1,ITGAV-ITGB3,1,0,0,
ITGAV-ITGB3,ITGAV-ITGB3,-1,0,0,
VWF,ITGAV-ITGB3,1,0,0,
IBSP,ITGAV-ITGB3,1,0,0,
DMP1,ITGAV-ITGB3,1,0,0,
SPP1,ITGAV-ITGB3,1,0,0,
TNC,ITGAV-ITGB3,1,0,0,
VTN,ITGAV-ITGB3,1,0,0,
ITGAV-ITGB5,ITGAV-ITGB5,-1,0,0,
IBSP,ITGAV-ITGB5,1,0,0,
SPP1,ITGAV-ITGB5,1,0,0,
VTN,ITGAV-ITGB5,1,0,0,
RAP1A,ITGB1,1,0,0,
SEMA7A,ITGB1,1,0,0,
ITGB1,ITGB1,-1,0,0,
ITGB1-ITGA1,ITGB1-ITGA1,-1,0,0,
LAMC3,ITGB1-ITGA1,1,0,0,
COL1A1,ITGB1-ITGA1,1,0,0,
TLN1,ITGB1-ITGA11,0,0,0,
ITGB1-ITGA11,ITGB1-ITGA11,-1,0,0,
PXN,ITGB1-ITGA11,0,0,0,
PARVB,ITGB1-ITGA11,0,0,0,
FLNA,ITGB1-ITGA11,0,0,0,
ACTN4,ITGB1-ITGA11,0,0,0,
LAMC3,ITGB1-ITGA11,1,0,0,
VASP,ITGB1-ITGA11,0,0,0,
RAP1A-RASSF5,ITGB1-ITGA4,1,0,0,
ITGB1-ITGA4,ITGB1-ITGA4,-1,0,0,
JAM2,ITGB1-ITGA4,0,0,0,
VCAM1,ITGB1-ITGA4,0,0,0,
YAP1,ITGB2,1,0,0,
ITGB2,ITGB2,-1,0,0,
ITGB2-ITGAL,ITGB2-ITGAL,-1,0,0,
ICAM1,ITGB2-ITGAL,1,0,0,
ICAM3,ITGB2-ITGAL,0,0,0,
ICAM2,ITGB2-ITGAL,0,0,0,
F11R,ITGB2-ITGAL,0,0,0,
ITGB2-ITGAM,ITGB2-ITGAM,-1,0,0,
ICAM2,ITGB2-ITGAM,0,0,0,
JAM3,ITGB2-ITGAM,0,0,0,
CREB1,ITGB3,1,0,0,
NFATC1,ITGB3,1,0,0,
FOS,ITGB3,1,0,0,
ITGB3,ITGB3,-1,0,0,
ITGB3-ITGAV,ITGB3-ITGAV,-1,0,0,
C01829,ITGB3-ITGAV,1,0,0,
C02465,ITGB3-ITGAV,1,0,0,
LAMC3,ITGB4-ITGA6,1,0,0,
ITGB4-ITGA6,ITGB4-ITGA6,-1,0,0,
FN1,ITGB6-ITGAV,1,0,0,
ITGB6-ITGAV,ITGB6-ITGAV,-1,0,0,
TNC,ITGB6-ITGAV,1,0,0,
DSPP,ITGB6-ITGAV,1,0,0,
ITGB7-ITGA4,ITGB7-ITGA4,-1,0,0,
VCAM1,ITGB7-ITGA4,0,0,0,
MADCAM1,ITGB7-ITGA4,0,0,0,
COL1A1,ITGB8-ITGAV,1,0,0,
ITGB8-ITGAV,ITGB8-ITGAV,-1,0,0,
LAMC3,ITGB8-ITGAV,1,0,0,
FN1,ITGB8-ITGAV,1,0,0,
VTN,ITGB8-ITGAV,1,0,0,
FGR,ITK,1,0,0,
ITK,ITK,-1,0,0,
PIK3CA,ITK,1,0,0,
ITPA,ITPA,-1,0,0,
NT5C1B-RDH14,ITPA,0,0,0,
ADSS1,ITPA,0,0,0,
AMPD1,ITPA,0,0,0,
PDE10A,ITPA,0,0,0,
GUCY1A2,ITPA,0,0,0,
NUDT16,ITPA,0,0,0,
NME6,ITPA,0,0,0,
GMPR,ITPA,0,0,0,
GMPS,ITPA,0,0,0,
ATIC,ITPA,0,0,0,
NUDT2,ITPA,0,0,0,
HPRT1,ITPA,0,0,0,
GUK1,ITPA,0,0,0,
MINPP1,ITPK1,0,0,0,
ITPK1,ITPK1,-1,0,0,
ITPKA,ITPK1,0,0,0,
IPMK,ITPK1,0,0,0,
INPP1,ITPK1,0,0,0,
INPP4A,ITPK1,0,0,0,
INPP5A,ITPK1,0,0,0,
INPP5J,ITPK1,0,0,0,
IPPK,ITPK1,0,0,0,
PLCD3,ITPKA,0,0,0,
ITPKA,ITPKA,-1,0,0,
IPMK,ITPKA,0,0,0,
INPP5A,ITPKA,0,0,0,
INPP5J,ITPKA,0,0,0,
IRAG1,ITPR1,-1,0,0,
PLCZ1,ITPR1,0,0,0,
PLCD3,ITPR1,0,0,0,
PLCE1,ITPR1,0,0,0,
PLCG1,ITPR1,0,0,0,
C00575,ITPR1,-1,0,0,
PRKACA,ITPR1,1,0,0,
PLCB1,ITPR1,0,0,0,
MRVI1,ITPR1,-1,0,0,
CALML6,ITPR1,0,0,0,
C01245,ITPR1,1,0,0,
ITPR1,ITPR1,-1,0,0,
HOMER3,ITPR1,0,0,0,
PRKACA,ITPR3,1,0,0,
C01245,ITPR3,1,0,0,
ITPR3,ITPR3,-1,0,0,
IVD,IVD,-1,0,0,
ECHS1,IVD,0,0,0,
MCCC1,IVD,0,0,0,
JAG1,JAG1,-1,0,0,
SOCS1,JAK1,0,0,0,
SOCS4,JAK1,-1,0,0,
IL22RA2,JAK1,0,0,0,
PTPN2,JAK1,-1,0,0,
PTPN6,JAK1,-1,0,0,
STAM2,JAK1,1,0,0,
JAK1,JAK1,-1,0,0,
IFNAR1,JAK1,1,0,0,
IL6ST,JAK1,1,0,0,
SOCS3,JAK2,-1,0,0,
SOCS4,JAK2,-1,0,0,
CHRNA3,JAK2,1,0,0,
JAK2,JAK2,-1,0,0,
CXCR6,JAK2,1,0,0,
PRLR,JAK2,1,0,0,
LEPR,JAK2,1,0,0,
F11R,JAM2,0,0,0,
JAM2,JAM2,-1,0,0,
JAM3,JAM2,0,0,0,
F11R,JAM3,0,0,0,
JAM2,JAM3,0,0,0,
JAM3,JAM3,-1,0,0,
MAPK7,JUN,1,0,0,
MAPK8,JUN,1,0,0,
MAPK1,JUN,1,0,0,
LEF1,JUN,1,0,0,
CREB3,JUN,1,0,0,
JUN,JUN,-1,0,0,
MAPK14,JUN,1,0,0,
MAPK8,JUND,0,0,0,
JUND,JUND,-1,0,0,
KAT2A-NCOA2,KAT2A-NCOA2,-1,0,0,
KCNE1B,KCNE1B,-1,0,0,
PRKACA,KCNE1B,1,0,0,
SGK1,KCNJ1,1,0,0,
C00575,KCNJ1,1,0,0,
KCNJ1,KCNJ1,-1,0,0,
GNAQ,KCNJ18,-1,0,0,
KCNJ18,KCNJ18,-1,0,0,
EDNRA,KCNJ2,-1,0,0,
KCNJ2,KCNJ2,-1,0,0,
GNB5,KCNJ3,1,0,0,
GNAI1,KCNJ3,1,0,0,
PRKACA,KCNJ3,-1,0,0,
KCNJ3,KCNJ3,-1,0,0,
GNB5,KCNJ6,1,0,0,
KCNJ6,KCNJ6,-1,0,0,
PRKCE,KCNJ8,1,0,0,
KCNJ8,KCNJ8,-1,0,0,
KCNK3,KCNK3,-1,0,0,
PLCB1,KCNK3,-1,0,0,
C00575,KCNMA1,1,0,0,
PRKACA,KCNMA1,1,0,0,
KCNMA1,KCNMA1,-1,0,0,
C00076,KCNMA1,1,0,0,
PRKACA,KCNMB2,1,0,0,
KCNMB2,KCNMB2,-1,0,0,
C14771,KCNMB2,1,0,0,
PRKG1,KCNMB2,1,0,0,
C14748,KCNMB2,-1,0,0,
C00076,KCNN4,0,0,0,
KCNN4,KCNN4,-1,0,0,
C00076,KCNQ1,0,0,0,
C00575,KCNQ1,1,0,0,
KCNQ1,KCNQ1,-1,0,0,
VEGFA,KDR,1,0,0,
KDR,KDR,-1,0,0,
CERS1,KDSR,0,0,0,
ASAH1,KDSR,0,0,0,
SGPP2,KDSR,0,0,0,
SPTLC1,KDSR,0,0,0,
PLPP1,KDSR,0,0,0,
DEGS2,KDSR,0,0,0,
KDSR,KDSR,-1,0,0,
KHK,KHK,-1,0,0,
SORD,KHK,0,0,0,
KIDINS220,KIDINS220,-1,0,0,
NTRK1,KIDINS220,1,0,0,
KIF3A,KIF3A,-1,0,0,
KIF5A-GRIA1,KIF5A-GRIA1,-1,0,0,
GSK3A,KIF5A-GRIA1,-1,0,0,
KIF7,KIF7,-1,0,0,
GLI1,KIF7,0,0,0,
KIR2DL1,KIR2DL1,-1,0,0,
HLA-C,KIR2DL1,1,0,0,
KIR2DS2,KIR2DS2,-1,0,0,
TYROBP,KIR2DS2,0,0,0,
HLA-C,KIR2DS2,1,0,0,
HLA-A,KIR2DS2,1,0,0,
KIR3DL3,KIR3DL3,-1,0,0,
HLA-G,KIR3DL3,1,0,0,
HLA-B,KIR3DL3,1,0,0,
HLA-A,KIR3DL3,1,0,0,
KISS1,KISS1,-1,0,0,
KISS1,KISS1R,1,0,0,
KISS1R,KISS1R,-1,0,0,
KIT,KIT,-1,0,0,
KITLG,KIT,1,0,0,
KITLG,KITLG,-1,0,0,
KL,KL,-1,0,0,
FOXO6,KLF2,1,0,0,
KLF2,KLF2,-1,0,0,
STAT3,KLF4,1,0,0,
KLF4,KLF4,-1,0,0,
KLK1,KLK1,-1,0,0,
KLKB1,KLKB1,-1,0,0,
F12,KLKB1,1,0,0,
HCST,KLRC4-KLRK1,0,0,0,
RAET1E,KLRC4-KLRK1,1,0,0,
ULBP3,KLRC4-KLRK1,1,0,0,
KLRC4-KLRK1,KLRC4-KLRK1,-1,0,0,
MICA,KLRC4-KLRK1,1,0,0,
HLA-E,KLRD1-KLRC1,1,0,0,
KLRD1-KLRC1,KLRD1-KLRC1,-1,0,0,
HLA-E,KLRD1-KLRC2,1,0,0,
KLRD1-KLRC2,KLRD1-KLRC2,-1,0,0,
TYROBP,KLRD1-KLRC2,0,0,0,
AFMID,KMO,0,0,0,
KMO,KMO,-1,0,0,
KLKB1,KNG1,1,0,0,
KNG1,KNG1,-1,0,0,
KPNB1,KPNB1,-1,0,0,
NR3C2,KRAS,1,0,0,
IGF1R,KRAS,0,0,0,
KRAS,KRAS,-1,0,0,
RAP1A,KRIT1,1,0,0,
KRIT1,KRIT1,-1,0,0,
KSR2,KSR2,-1,0,0,
BRAP,KSR2,-1,0,0,
KYAT3,KYAT3,-1,0,0,
MPST,KYAT3,0,0,0,
BHMT,KYAT3,0,0,0,
CDO1,KYAT3,0,0,0,
CTH,KYAT3,0,0,0,
MTR,KYAT3,0,0,0,
AHCYL1,KYAT3,0,0,0,
BHMT2,KYAT3,0,0,0,
AFMID,KYNU,0,0,0,
HAAO,KYNU,0,0,0,
KMO,KYNU,0,0,0,
KYNU,KYNU,-1,0,0,
L1CAM,L1CAM,-1,0,0,
CNTN2,L1CAM,0,0,0,
L3HYPDH,L3HYPDH,-1,0,0,
LAMC3,LAMC3,-1,0,0,
MAPK1,LAMTOR3,0,0,0,
LAMTOR3,LAMTOR3,-1,0,0,
LAMTOR5,LAMTOR5,-1,0,0,
ATP6V1G3,LAMTOR5,1,0,0,
SLC38A9,LAMTOR5,1,0,0,
LAP3,LAP3,-1,0,0,
NAT8B,LAP3,0,0,0,
PYCR2,LAP3,0,0,0,
GGT6,LAP3,0,0,0,
P4HA3,LAP3,0,0,0,
102724788,LAP3,0,0,0,
PLCG1,LAT,0,0,0,
PTPN6,LAT,-1,0,0,
PTPN11,LAT,-1,0,0,
ZAP70,LAT,1,0,0,
CD244,LAT,1,0,0,
LAT,LAT,-1,0,0,
GRB2,LAT,0,0,0,
SYK,LAT,1,0,0,
LATS2,LATS2,-1,0,0,
WTIP,LATS2,-1,0,0,
STK3,LATS2,1,0,0,
DHCR24,LBR,0,0,0,
LBR,LBR,-1,0,0,
LCAT,LCAT,-1,0,0,
CEPT1,LCAT,0,0,0,
PLAAT3,LCAT,0,0,0,
PLD4,LCAT,0,0,0,
PTDSS1,LCAT,0,0,0,
FYN,LCK,1,0,0,
CD4,LCK,0,0,0,
PTPRC,LCK,1,0,0,
CBLB,LCK,-1,0,0,
LCK,LCK,-1,0,0,
LCLAT1,LCLAT1,-1,0,0,
CRLS1,LCLAT1,0,0,0,
ITK,LCP2,0,0,0,
PLCG1,LCP2,0,0,0,
PTPN6,LCP2,-1,0,0,
VAV3,LCP2,0,0,0,
GRAP2,LCP2,0,0,0,
NCK1,LCP2,0,0,0,
PTPN11,LCP2,-1,0,0,
SYK,LCP2,1,0,0,
LCP2,LCP2,-1,0,0,
ZAP70,LCP2,1,0,0,
LCP2-BTK,LCP2-BTK,-1,0,0,
PIK3CA,LCP2-BTK,1,0,0,
LCP2-FYB1,LCP2-FYB1,-1,0,0,
LAT,LCP2-FYB1,1,0,0,
LCP2-SKAP1,LCP2-SKAP1,-1,0,0,
HK1,LCT,0,0,0,
AKR1B1,LCT,0,0,0,
GLA,LCT,0,0,0,
GALM,LCT,0,0,0,
GCK,LCT,0,0,0,
LCT,LCT,-1,0,0,
BCKDHA,LDHAL6A,0,0,0,
PC,LDHAL6A,0,0,0,
LDHAL6A,LDHAL6A,-1,0,0,
MPST,LDHAL6A,0,0,0,
ME3,LDHAL6A,0,0,0,
ME2,LDHAL6A,0,0,0,
LDHD,LDHAL6A,0,0,0,
ARNT-CREBBP,LDHAL6A,1,0,0,
PDHA1,LDHAL6A,0,0,0,
PKLR,LDHAL6A,0,0,0,
GOT1L1,LDHAL6A,0,0,0,
LDHD,LDHD,-1,0,0,
PKLR,LDHD,0,0,0,
LDLR,LDLR,-1,0,0,
LDLRAP1-DAB2,LDLR,0,0,0,
LDLRAP1-DAB2,LDLRAP1-DAB2,-1,0,0,
CTBP1,LEF1,-1,0,0,
LEF1,LEF1,-1,0,0,
SOX17,LEF1,-1,0,0,
RUVBL1,LEF1,0,0,0,
CTNNB1,LEF1,1,0,0,
SMAD4,LEF1,1,0,0,
CREBBP,LEF1,0,0,0,
NLK,LEF1,-1,0,0,
CTNND2,LEF1,-1,0,0,
LEF1-TEAD1,LEF1-TEAD1,-1,0,0,
LEFTY1,LEFTY1,-1,0,0,
LEP,LEP,-1,0,0,
SOCS3,LEPR,-1,0,0,
LEPR,LEPR,-1,0,0,
LEP,LEPR,1,0,0,
LFNG,LFNG,-1,0,0,
LGMN,LGMN,-1,0,0,
CGA,LHCGR,1,0,0,
STAT1,LHCGR,1,0,0,
LHCGR,LHCGR,-1,0,0,
LIPT2,LIAS,0,0,0,
LIPT1,LIAS,0,0,0,
LIAS,LIAS,-1,0,0,
LIF,LIF,-1,0,0,
LIFR-IL6ST,LIFR-IL6ST,-1,0,0,
OSM,LIFR-IL6ST,1,0,0,
CTF1,LIFR-IL6ST,1,0,0,
LIF,LIFR-IL6ST,1,0,0,
PAK4,LIMK1,0,0,0,
PAK1,LIMK1,1,0,0,
ROCK1,LIMK1,0,0,0,
BMPR1B-BMPR2,LIMK1,1,0,0,
LIMK1,LIMK1,-1,0,0,
PRKG1,LIPE,1,0,0,
PRKAG2,LIPE,-1,0,0,
LIPE,LIPE,-1,0,0,
PRKACA,LIPE,1,0,0,
LIAS,LIPT1,0,0,0,
LIPT1,LIPT1,-1,0,0,
ACSM1,LIPT1,0,0,0,
LIPT2,LIPT2,-1,0,0,
LIPT1,LIPT2,0,0,0,
LLGL2,LLGL2,-1,0,0,
PRKCI,LLGL2,1,0,0,
LLGL2-SCRIB,LLGL2-SCRIB,-1,0,0,
GZMB,LMNA,-1,0,0,
LMNA,LMNA,-1,0,0,
CASP6,LMNA,-1,0,0,
ACTN4,LMO7,0,0,0,
LMO7,LMO7,-1,0,0,
LNPEP,LNPEP,-1,0,0,
C15849,LNPEP,1,0,0,
LPAR1,LPAR1,-1,0,0,
C00681,LPAR1,1,0,0,
CXCL8,LPAR6,1,0,0,
C00025,LPAR6,1,0,0,
C00639,LPAR6,1,0,0,
LPAR6,LPAR6,-1,0,0,
C00002,LPAR6,1,0,0,
F2,LPAR6,1,0,0,
AVP,LPAR6,1,0,0,
C00681,LPAR6,1,0,0,
AGT,LPAR6,1,0,0,
LPCAT2,LPCAT2,-1,0,0,
PAFAH1B1,LPCAT2,0,0,0,
PLD4,LPCAT3,0,0,0,
PTDSS2,LPCAT3,0,0,0,
PTDSS1,LPCAT3,0,0,0,
LPCAT3,LPCAT3,-1,0,0,
PLAAT3,LPCAT3,0,0,0,
LYPLA1,LPCAT3,0,0,0,
CEPT1,LPCAT3,0,0,0,
TMEM189,LPCAT4,0,0,0,
PLD4,LPCAT4,0,0,0,
PLA2G4B,LPCAT4,0,0,0,
GDPD1,LPCAT4,0,0,0,
TMEM86B,LPCAT4,0,0,0,
LPCAT4,LPCAT4,-1,0,0,
LPCAT2,LPCAT4,0,0,0,
CEPT1,LPCAT4,0,0,0,
ENPP6,LPCAT4,0,0,0,
MTOR,LPIN1,1,0,0,
LPIN1,LPIN1,-1,0,0,
PPARA-RXRA,LPL,1,0,0,
MOGAT1,LPL,0,0,0,
PLPP4,LPL,0,0,0,
PPARD-RXRA,LPL,1,0,0,
CEL,LPL,0,0,0,
LPL,LPL,-1,0,0,
MGLL,LPL,0,0,0,
PPARG-RXRA,LPL,1,0,0,
LRAT,LRAT,-1,0,0,
DHRS9,LRAT,0,0,0,
RPE65,LRAT,0,0,0,
RDH12,LRAT,0,0,0,
CYP26A1,LRAT,0,0,0,
RETSAT,LRAT,0,0,0,
ADH1A,LRAT,0,0,0,
LRP2,LRP2,-1,0,0,
LRP6,LRP6,-1,0,0,
DKK1,LRP6,-1,0,0,
FZD10,LRP6,0,0,0,
SOST,LRP6,-1,0,0,
SERPINF1,LRP6,-1,0,0,
WNT16,LRP6,1,0,0,
BAMBI,LRP6,1,0,0,
LRRC4,LRRC4,-1,0,0,
NTNG2,LRRC4,0,0,0,
LRRC4B,LRRC4B,-1,0,0,
NTNG1,LRRC4C,0,0,0,
LRRC4C,LRRC4C,-1,0,0,
SQLE,LSS,0,0,0,
LSS,LSS,-1,0,0,
LTA,LTA,-1,0,0,
LTA-LTB,LTA-LTB,-1,0,0,
LTA4H,LTA4H,-1,0,0,
ALOX5,LTA4H,0,0,0,
LTB,LTB,-1,0,0,
C02165,LTB4R,1,0,0,
LTB4R,LTB4R,-1,0,0,
THBS1,LTBP1,-1,0,0,
LTBP1,LTBP1,-1,0,0,
LTA,LTBR,1,0,0,
LTB,LTBR,1,0,0,
LTA-LTB,LTBR,1,0,0,
ARNT-CREBBP,LTBR,1,0,0,
TNFSF14,LTBR,1,0,0,
LTBR,LTBR,-1,0,0,
LTA4H,LTC4S,0,0,0,
ALOX5,LTC4S,0,0,0,
LTC4S,LTC4S,-1,0,0,
LY96,LY96,-1,0,0,
GRIA1,LYN,1,0,0,
LYN,LYN,-1,0,0,
GP1BA-GP1BB,LYN,0,0,0,
GP6,LYN,0,0,0,
IGH,LYN,1,0,0,
LYPLA1,LYPLA1,-1,0,0,
GPCPD1,LYPLA1,0,0,0,
LCAT,LYPLA1,0,0,0,
PLA2G4B,LYPLA1,0,0,0,
LPCAT3,LYPLA1,0,0,0,
TTK,MAD1L1,1,0,0,
MAD1L1,MAD1L1,-1,0,0,
BUB1,MAD2L2,0,0,0,
MAD2L2,MAD2L2,-1,0,0,
MAD1L1,MAD2L2,1,0,0,
SELL,MADCAM1,0,0,0,
MADCAM1,MADCAM1,-1,0,0,
MAG,MAG,-1,0,0,
MAGED1,MAGED1,-1,0,0,
NGFR,MAGED1,0,0,0,
IGSF5,MAGI1,0,0,0,
MAGI1,MAGI1,-1,0,0,
CTNNB1,MAGI3,1,0,0,
MAGI3,MAGI3,-1,0,0,
MAGOH,MAGOH,-1,0,0,
UPF3B,MAGOH,0,0,0,
RBM8A,MAGOH,0,0,0,
MALT1-BCL10,MALT1-BCL10,-1,0,0,
GANAB,MAN1B1,0,0,0,
MAN1B1,MAN1B1,-1,0,0,
MGAT2,MAN2A2,0,0,0,
MAN2A2,MAN2A2,-1,0,0,
ALDH3A1,MAOA,0,0,0,
CYP2C19,MAOA,0,0,0,
ALDH2,MAOA,0,0,0,
IDO2,MAOA,0,0,0,
ADH1A,MAOA,0,0,0,
MAOA,MAOA,-1,0,0,
AANAT,MAOA,0,0,0,
CYP3A4,MAOA,0,0,0,
SAT2,MAOA,0,0,0,
DBH,MAOA,0,0,0,
DDC,MAOA,0,0,0,
107987478,MAOA,0,0,0,
IL4I1,MAOA,0,0,0,
PNMT,MAOA,0,0,0,
COMT,MAOA,0,0,0,
PRKACA,MAP2K1,1,0,0,
PAK4,MAP2K1,0,0,0,
PAK1,MAP2K1,1,0,0,
GRB2,MAP2K1,1,0,0,
ARAF,MAP2K1,1,0,0,
PPP2CA,MAP2K1,-1,0,0,
PRKCD,MAP2K1,1,0,0,
BRAF,MAP2K1,1,0,0,
MAP3K1,MAP2K1,0,0,0,
MAP3K7,MAP2K1,1,0,0,
MAP3K8,MAP2K1,0,0,0,
MAP2K1,MAP2K1,-1,0,0,
RAF1,MAP2K1,1,0,0,
HRAS,MAP2K1,1,0,0,
LAMTOR3,MAP2K1,0,0,0,
EGFR,MAP2K1,1,0,0,
MOS,MAP2K1,1,0,0,
ARAF,MAP2K2,1,0,0,
BRAF,MAP2K2,0,0,0,
MAP3K1,MAP2K2,0,0,0,
MAP3K8,MAP2K2,0,0,0,
MAP2K2,MAP2K2,-1,0,0,
RAF1,MAP2K2,0,0,0,
LAMTOR3,MAP2K2,0,0,0,
TAOK3,MAP2K3,1,0,0,
IL1R1,MAP2K3,1,0,0,
PPM1A,MAP2K3,-1,0,0,
RIPK1,MAP2K3,1,0,0,
RAC1,MAP2K3,1,0,0,
MAP3K2,MAP2K3,1,0,0,
MAP3K4,MAP2K3,1,0,0,
MAP3K7,MAP2K3,0,0,0,
MAP3K5,MAP2K3,0,0,0,
MAP3K6,MAP2K3,0,0,0,
MAP2K3,MAP2K3,-1,0,0,
RAP1A,MAP2K3,1,0,0,
PPM1A,MAP2K4,-1,0,0,
MAP3K1,MAP2K4,0,0,0,
AKT3,MAP2K4,-1,0,0,
MAP2K4,MAP2K4,-1,0,0,
MAP3K2,MAP2K5,1,0,0,
MAP3K3,MAP2K5,1,0,0,
MAP2K5,MAP2K5,-1,0,0,
TAOK3,MAP2K6,1,0,0,
PPM1A,MAP2K6,-1,0,0,
MAP3K6,MAP2K6,0,0,0,
MAP3K7,MAP2K6,1,0,0,
MAP3K4,MAP2K6,1,0,0,
MAP3K5,MAP2K6,0,0,0,
MAP2K6,MAP2K6,-1,0,0,
PAK4,MAP2K7,0,0,0,
PPM1A,MAP2K7,-1,0,0,
MAPK8IP2,MAP2K7,0,0,0,
RAC1,MAP2K7,1,0,0,
MAP3K1,MAP2K7,1,0,0,
MAP3K7,MAP2K7,0,0,0,
MAP3K8,MAP2K7,1,0,0,
MAP3K5,MAP2K7,1,0,0,
MAP2K7,MAP2K7,-1,0,0,
MAP3K20,MAP2K7,0,0,0,
MAP3K12,MAP2K7,0,0,0,
MAP3K13,MAP2K7,0,0,0,
MAP3K11,MAP2K7,0,0,0,
CDC42,MAP3K1,0,0,0,
MAP4K3,MAP3K1,0,0,0,
RAC1,MAP3K1,1,0,0,
MAPK8IP3,MAP3K1,0,0,0,
MAP4K4,MAP3K1,0,0,0,
CASP3,MAP3K1,1,0,0,
MAP3K1,MAP3K1,-1,0,0,
TRAF2,MAP3K1,1,0,0,
TRAF6,MAP3K1,1,0,0,
MARVELD3,MAP3K1,-1,0,0,
MAP4K1,MAP3K11,0,0,0,
MAPK8IP2,MAP3K11,0,0,0,
MAP3K11,MAP3K11,-1,0,0,
MAP3K12,MAP3K12,-1,0,0,
MAP3K13,MAP3K13,-1,0,0,
MAP3K8,MAP3K14,1,0,0,
TRAF2,MAP3K14,1,0,0,
TRAF6-TRAF2,MAP3K14,1,0,0,
LTBR,MAP3K14,1,0,0,
MAP3K7,MAP3K14,0,0,0,
TRAF3-TRAF6,MAP3K14,1,0,0,
MAP3K14,MAP3K14,-1,0,0,
TRAF2-TRAF5,MAP3K14,1,0,0,
TRAF2-TRAF3,MAP3K14,1,0,0,
TRAF2-TRAF5,MAP3K14,1,0,0,
PAK1,MAP3K2,0,0,0,
SRC,MAP3K2,1,0,0,
PRKCA,MAP3K2,0,0,0,
MAP3K2,MAP3K2,-1,0,0,
MAP3K20,MAP3K20,-1,0,0,
MAP3K3,MAP3K3,-1,0,0,
HRAS,MAP3K3,1,0,0,
MAP3K4,MAP3K4,-1,0,0,
GADD45G,MAP3K4,1,0,0,
C00195,MAP3K5,1,0,0,
CDC42,MAP3K5,1,0,0,
C00076,MAP3K5,1,0,0,
AKT3,MAP3K5,-1,0,0,
PPP5C,MAP3K5,-1,0,0,
RAC1,MAP3K5,1,0,0,
TRAF2-ERN1,MAP3K5,1,0,0,
MAP3K5,MAP3K5,-1,0,0,
DAXX,MAP3K5,1,0,0,
TRAF2,MAP3K5,1,0,0,
DAB2IP,MAP3K5,1,0,0,
MAP3K6,MAP3K6,-1,0,0,
PPM1B,MAP3K7,-1,0,0,
TRAF6-RIPK1,MAP3K7,1,0,0,
TAB2,MAP3K7,1,0,0,
TAB1,MAP3K7,0,0,0,
PRKCQ,MAP3K7,1,0,0,
TRAF2,MAP3K7,1,0,0,
TRAF6,MAP3K7,1,0,0,
MAP3K7,MAP3K7,-1,0,0,
BCL10,MAP3K7,0,0,0,
MAP2K7,MAP3K7,1,0,0,
TRAF2,MAP3K7-TAB1,1,0,0,
MAP3K7-TAB1,MAP3K7-TAB1,-1,0,0,
AKT3,MAP3K8,1,0,0,
MAP3K8,MAP3K8,-1,0,0,
MAP4K1,MAP4K1,-1,0,0,
MAPK8IP2,MAP4K1,0,0,0,
MAP4K2,MAP4K2,-1,0,0,
TRAF2,MAP4K2,1,0,0,
MAP4K3,MAP4K3,-1,0,0,
MAP4K4,MAP4K4,-1,0,0,
GNB5,MAPK1,1,0,0,
CAMK2A,MAPK1,0,0,0,
BMPR1A,MAPK1,-1,0,0,
EGFR,MAPK1,1,0,0,
CAMK4,MAPK1,1,0,0,
DUSP10,MAPK1,-1,0,0,
DUSP9,MAPK1,-1,0,0,
DUSP1,MAPK1,-1,0,0,
DUSP3,MAPK1,-1,0,0,
GRB2,MAPK1,1,0,0,
PRKACA,MAPK1,1,0,0,
NOS1,MAPK1,0,0,0,
HRAS,MAPK1,1,0,0,
MAP3K7,MAPK1,1,0,0,
PTK2,MAPK1,1,0,0,
GNAI1,MAPK1,1,0,0,
MAPK14,MAPK1,1,0,0,
PPP2CA,MAPK1,-1,0,0,
PRKCA,MAPK1,1,0,0,
MAP2K1,MAPK1,1,0,0,
MAP2K2,MAPK1,0,0,0,
PRKCZ,MAPK1,1,0,0,
MAPK1,MAPK1,-1,0,0,
MAPK14,MAPK14,-1,0,0,
MAP2K6,MAPK14,1,0,0,
MAP2K3,MAPK14,1,0,0,
C00027,MAPK14,1,0,0,
HRAS,MAPK14,1,0,0,
GNB5,MAPK14,1,0,0,
PGR,MAPK14,1,0,0,
ZAP70,MAPK14,1,0,0,
PRKG1,MAPK14,1,0,0,
DUSP3,MAPK14,-1,0,0,
BMPR1A,MAPK14,-1,0,0,
RAPGEF3,MAPK14,1,0,0,
CYBB-CYBA,MAPK14,1,0,0,
PRKACA,MAPK14,1,0,0,
DUSP10,MAPK14,-1,0,0,
MAPK8,MAPK14,1,0,0,
DLG1,MAPK14,0,0,0,
CDC42,MAPK14,1,0,0,
MAP3K7,MAPK14,1,0,0,
MAP3K5,MAPK14,1,0,0,
MAP3K1,MAPK14,1,0,0,
PRKCA,MAPK7,0,0,0,
MAP2K5,MAPK7,1,0,0,
MAPK7,MAPK7,-1,0,0,
RHOA,MAPK8,0,0,0,
C00027,MAPK8,1,0,0,
RALA,MAPK8,1,0,0,
TRAF2,MAPK8,1,0,0,
TRAF6,MAPK8,1,0,0,
HSPA1A,MAPK8,-1,0,0,
ERN1,MAPK8,1,0,0,
MAPK8IP2,MAPK8,0,0,0,
RAP1A,MAPK8,1,0,0,
DUSP10,MAPK8,-1,0,0,
DUSP3,MAPK8,-1,0,0,
RAC1,MAPK8,0,0,0,
RAPGEF3,MAPK8,1,0,0,
MECOM,MAPK8,-1,0,0,
MAP3K5,MAPK8,1,0,0,
HRAS,MAPK8,1,0,0,
MAP3K7,MAPK8,1,0,0,
MAP3K1,MAPK8,1,0,0,
PRKCD,MAPK8,1,0,0,
MAP2K7,MAPK8,1,0,0,
PRKCQ,MAPK8,1,0,0,
MAP2K4,MAPK8,0,0,0,
DAB2IP,MAPK8,0,0,0,
MAPK8,MAPK8,-1,0,0,
CDC42,MAPK8,1,0,0,
MAPK8IP2,MAPK8IP2,-1,0,0,
MAPK8IP3,MAPK8IP3,-1,0,0,
MAP3K11,MAPK8IP3,0,0,0,
MAPK8,MAPK8IP3,0,0,0,
MAP2K7,MAPK8IP3,0,0,0,
MAP2K4,MAPK8IP3,0,0,0,
RICTOR,MAPKAP1,0,0,0,
MAPKAP1,MAPKAP1,-1,0,0,
MAPKAPK2,MAPKAPK2,-1,0,0,
MAPK14,MAPKAPK2,1,0,0,
MAPKAPK3,MAPKAPK3,-1,0,0,
MAPK14,MAPKAPK3,1,0,0,
MAPKAPK5,MAPKAPK5,-1,0,0,
MAPK14,MAPKAPK5,0,0,0,
MAPT,MAPT,-1,0,0,
MAPK1,MAPT,0,0,0,
MARCKS,MARCKS,-1,0,0,
PRKCD,MARCKS,-1,0,0,
MARS1,MARS1,-1,0,0,
MARVELD2,MARVELD2,-1,0,0,
MARVELD3,MARVELD3,-1,0,0,
MAS1,MAS1,-1,0,0,
AGT,MAS1,1,0,0,
C15850,MAS1,1,0,0,
MBL2,MASP2,0,0,0,
MASP2,MASP2,-1,0,0,
BHMT,MAT2B,0,0,0,
TAT,MAT2B,0,0,0,
IL4I1,MAT2B,0,0,0,
BHMT2,MAT2B,0,0,0,
MTR,MAT2B,0,0,0,
MAT2B,MAT2B,-1,0,0,
NTRK1,MATK,0,0,0,
NTRK2,MATK,0,0,0,
NTRK3,MATK,0,0,0,
MATK,MATK,-1,0,0,
DHX33,MAVS,0,0,0,
NLRX1,MAVS,-1,0,0,
NOD2,MAVS,1,0,0,
DDX58,MAVS,1,0,0,
TMEM173,MAVS,0,0,0,
MAVS,MAVS,-1,0,0,
ATG5-ATG12,MAVS,0,0,0,
IFIH1,MAVS,1,0,0,
MAX,MAX,-1,0,0,
MAPK14,MAX,0,0,0,
MBL2,MBL2,-1,0,0,
MBL2-MASP2,MBL2-MASP2,-1,0,0,
SERPING1,MBL2-MASP2,-1,0,0,
MC1R,MC1R,-1,0,0,
ASIP,MC1R,-1,0,0,
POMC,MC1R,1,0,0,
MC2R,MC2R,-1,0,0,
ACSF3,MCAT,0,0,0,
FASN,MCAT,0,0,0,
MCAT,MCAT,-1,0,0,
ACACA,MCAT,0,0,0,
OXSM,MCAT,0,0,0,
MCCC1,MCCC1,-1,0,0,
AUH,MCCC1,0,0,0,
ACSF3,MCEE,0,0,0,
PCCA,MCEE,0,0,0,
MCEE,MCEE,-1,0,0,
MMUT,MCEE,0,0,0,
MCHR1,MCHR1,-1,0,0,
PMCH,MCHR1,1,0,0,
GZMB,MCL1,-1,0,0,
CREB3,MCL1,1,0,0,
STAT1-STAT1,MCL1,1,0,0,
MCL1,MCL1,-1,0,0,
CDC45,MCM7-MCM6,0,0,0,
ORC6-ORC3,MCM7-MCM6,0,0,0,
DBF4-CDC7,MCM7-MCM6,1,0,0,
MCM7-MCM6,MCM7-MCM6,-1,0,0,
PC,MDH1,0,0,0,
GOT1L1,MDH1,0,0,0,
CS,MDH1,0,0,0,
ME3,MDH1,0,0,0,
ME2,MDH1,0,0,0,
FH,MDH1,0,0,0,
MDH1,MDH1,-1,0,0,
PCK1,MDH1,0,0,0,
AKT3,MDM2,1,0,0,
CDKN2A,MDM2,-1,0,0,
TP53,MDM2,1,0,0,
MDM2,MDM2,-1,0,0,
MDM4,MDM2,1,0,0,
MDM4,MDM4,-1,0,0,
PKLR,ME2,0,0,0,
PC,ME2,0,0,0,
LDHD,ME2,0,0,0,
ME2,ME2,-1,0,0,
FH,ME2,0,0,0,
PKLR,ME3,0,0,0,
PPARA-RXRA,ME3,1,0,0,
PC,ME3,0,0,0,
LDHD,ME3,0,0,0,
ME3,ME3,-1,0,0,
FH,ME3,0,0,0,
MECOM,MECOM,-1,0,0,
MECR,MECR,-1,0,0,
PPT1,MECR,0,0,0,
FASN,MECR,0,0,0,
ACAA2,MECR,0,0,0,
OXSM,MECR,0,0,0,
OLAH,MECR,0,0,0,
HTD2,MECR,0,0,0,
ECHS1,MECR,0,0,0,
MED16-MED1,MED16-MED1,-1,0,0,
MEF2B,MEF2B,-1,0,0,
NFATC1,MEF2B,0,0,0,
MAPK7,MEF2C,1,0,0,
MAPK1,MEF2C,1,0,0,
MEF2C,MEF2C,-1,0,0,
MAPK14,MEF2C,0,0,0,
MEFV,MEFV,-1,0,0,
PKN1-YWHAE,MEFV,-1,0,0,
MEGF8,MEGF8,-1,0,0,
PLXNB2,MET,0,0,0,
MET,MET,-1,0,0,
MFN1,MFN1,-1,0,0,
MAVS,MFN1,0,0,0,
GAA,MGAM,0,0,0,
MGAM,MGAM,-1,0,0,
AMY1A,MGAM,0,0,0,
MGAT1,MGAT1,-1,0,0,
MAN2A2,MGAT1,0,0,0,
MGAT3,MGAT2,0,0,0,
MGAT2,MGAT2,-1,0,0,
FUT8,MGAT2,0,0,0,
MGAT3,MGAT3,-1,0,0,
FUT8,MGAT3,0,0,0,
FUT8,MGAT4B,0,0,0,
MGAT3,MGAT4B,0,0,0,
MGAT2,MGAT4B,0,0,0,
MGAT5B,MGAT4B,0,0,0,
MGAT4B,MGAT4B,-1,0,0,
MGAT5B,MGAT4C,0,0,0,
MGAT4C,MGAT4C,-1,0,0,
MGAT5B,MGAT5B,-1,0,0,
MGLL,MGLL,-1,0,0,
CEL,MGLL,0,0,0,
MOGAT1,MGLL,0,0,0,
AGK,MGLL,0,0,0,
MGRN1,MGRN1,-1,0,0,
MICA,MICA,-1,0,0,
MICALL2,MICALL2,-1,0,0,
ACTN4,MICALL2,0,0,0,
MICOS10-NBL1,MICOS10-NBL1,-1,0,0,
MIF,MIF,-1,0,0,
TAT,MIF,0,0,0,
HPD,MIF,0,0,0,
GOT1L1,MIF,0,0,0,
BPGM,MINPP1,0,0,0,
IPMK,MINPP1,0,0,0,
INPP5J,MINPP1,0,0,0,
PGAM4,MINPP1,0,0,0,
PLCD3,MINPP1,0,0,0,
MINPP1,MINPP1,-1,0,0,
SESN2,MIOS,-1,0,0,
CASTOR1,MIOS,-1,0,0,
MIOS,MIOS,-1,0,0,
IMPA1,MIOX,0,0,0,
MIOX,MIOX,-1,0,0,
LEF1,MITF,1,0,0,
MITF,MITF,-1,0,0,
CREBBP-CREB3,MITF,1,0,0,
MAPK1,MITF,1,0,0,
MAPK1,MKNK2,1,0,0,
MKNK2,MKNK2,-1,0,0,
FAN1,MLH1-PMS2,1,0,0,
MLH1-PMS2,MLH1-PMS2,-1,0,0,
BRIP1,MLH1-PMS2,1,0,0,
RIPK3,MLKL,0,0,0,
MLKL,MLKL,-1,0,0,
MLN,MLN,-1,0,0,
MLN,MLNR,1,0,0,
MLNR,MLNR,-1,0,0,
MLST8,MLST8,-1,0,0,
MTOR,MLST8,0,0,0,
PRKAG2,MLYCD,1,0,0,
ACAT1,MLYCD,0,0,0,
MLYCD,MLYCD,-1,0,0,
ALDH6A1,MLYCD,0,0,0,
C05776,MMACHC,0,0,0,
MMACHC,MMACHC,-1,0,0,
MMP1,MMP1,-1,0,0,
PPARG-RXRA,MMP1,1,0,0,
PRKCA,MMP14,0,0,0,
MMP14,MMP14,-1,0,0,
MMP14,MMP2,0,0,0,
CYBB-CYBA,MMP2,1,0,0,
SRC,MMP2,1,0,0,
MMP2,MMP2,-1,0,0,
LEF1,MMP7,1,0,0,
MMP7,MMP7,-1,0,0,
MCEE,MMUT,0,0,0,
MMUT,MMUT,-1,0,0,
STK3,MOB1A,1,0,0,
MOB1A,MOB1A,-1,0,0,
MOCOS,MOCOS,-1,0,0,
GPHN,MOCOS,0,0,0,
MOCS1,MOCS1,-1,0,0,
GCH1,MOCS1,0,0,0,
MOCS2,MOCS2,-1,0,0,
MOCS1,MOCS2,0,0,0,
MOCS2,MOCS3,0,0,0,
MOCS3,MOCS3,-1,0,0,
NFS1,MOCS3,1,0,0,
URM1,MOCS3,1,0,0,
MPST,MOCS3,1,0,0,
MOGAT3,MOGAT1,0,0,0,
MOGAT1,MOGAT1,-1,0,0,
CEL,MOGAT1,0,0,0,
PLPP4,MOGAT1,0,0,0,
MOGAT3,MOGAT3,-1,0,0,
PLPP4,MOGAT3,0,0,0,
MOGS,MOGS,-1,0,0,
GANAB,MOGS,0,0,0,
MOS,MOS,-1,0,0,
HSP90AA1,MOS,1,0,0,
MOSMO,MOSMO,-1,0,0,
MPP5,MPDZ,0,0,0,
MPDZ,MPDZ,-1,0,0,
HK1,MPI,0,0,0,
PFKFB1,MPI,0,0,0,
MPI,MPI,-1,0,0,
GPI,MPI,0,0,0,
GNPDA1,MPI,0,0,0,
GFPT1,MPI,0,0,0,
THPO,MPL,1,0,0,
MPL,MPL,-1,0,0,
MPO,MPO,-1,0,0,
CES1,MPO,0,0,0,
MPP4,MPP4,-1,0,0,
MPP5,MPP4,0,0,0,
MPP5,MPP5,-1,0,0,
CRB3,MPP5,0,0,0,
PATJ,MPP5,0,0,0,
PARD6A,MPP5,0,0,0,
GOT1L1,MPST,0,0,0,
MPST,MPST,-1,0,0,
ETHE1,MPST,0,0,0,
NFS1,MPST,1,0,0,
MPZ,MPZ,-1,0,0,
SOS1,MRAS,1,0,0,
MRAS,MRAS,-1,0,0,
RASGRF1,MRAS,1,0,0,
MRGPRD,MRGPRD,-1,0,0,
C20971,MRGPRD,1,0,0,
APIP,MRI1,0,0,0,
MRI1,MRI1,-1,0,0,
MRVI1,MRVI1,-1,0,0,
PRKG1,MRVI1,1,0,0,
MS4A2,MS4A2,-1,0,0,
LYN,MS4A2,1,0,0,
IGH,MS4A2-FCER1A,1,0,0,
MS4A2-FCER1A,MS4A2-FCER1A,-1,0,0,
MSI2,MSI2,-1,0,0,
HSD17B7,MSMO1,0,0,0,
DHCR24,MSMO1,0,0,0,
LBR,MSMO1,0,0,0,
NSDHL,MSMO1,0,0,0,
MSMO1,MSMO1,-1,0,0,
PRKCE,MSN,1,0,0,
SLC9A1,MSN,1,0,0,
VCAM1,MSN,0,0,0,
MSN,MSN,-1,0,0,
SLC9A3R1,MSN,0,0,0,
MSTN,MSTN,-1,0,0,
MT1A,MT1A,-1,0,0,
C00070,MT1A,0,0,0,
MTAP,MTAP,-1,0,0,
SMS,MTAP,0,0,0,
MRI1,MTAP,0,0,0,
SRM,MTAP,0,0,0,
MTCP1,MTCP1,-1,0,0,
AMT,MTFMT,0,0,0,
DHFR,MTFMT,0,0,0,
MTHFD2,MTFMT,0,0,0,
MARS1,MTFMT,0,0,0,
SHMT1,MTFMT,0,0,0,
MTFMT,MTFMT,-1,0,0,
FTCD,MTFMT,0,0,0,
MTHFD1,MTHFD1,-1,0,0,
MTHFD2,MTHFD1,0,0,0,
MTHFR,MTHFD1,0,0,0,
TYMS,MTHFD1,0,0,0,
ST20-MTHFS,MTHFD1,0,0,0,
SHMT1,MTHFD1,0,0,0,
AMT,MTHFD1,0,0,0,
MTHFD2,MTHFD1L,0,0,0,
MTHFD1L,MTHFD1L,-1,0,0,
DHFR,MTHFD1L,0,0,0,
MTHFD1,MTHFD2,0,0,0,
MTHFD2,MTHFD2,-1,0,0,
TYMS,MTHFD2,0,0,0,
ST20-MTHFS,MTHFD2,0,0,0,
AMT,MTHFD2,0,0,0,
MTHFR,MTHFR,-1,0,0,
AMT,MTHFR,0,0,0,
SHMT1,MTHFR,0,0,0,
MTR,MTHFR,0,0,0,
MTHFD2,MTHFR,0,0,0,
TYMS,MTHFR,0,0,0,
PIKFYVE,MTM1,0,0,0,
PIP4K2A,MTM1,0,0,0,
PIK3C2A,MTM1,0,0,0,
PLCD3,MTM1,0,0,0,
CDIPT,MTM1,0,0,0,
INPP5F,MTM1,0,0,0,
INPP4A,MTM1,0,0,0,
FIG4,MTM1,0,0,0,
MTM1,MTM1,-1,0,0,
IMPA1,MTM1,0,0,0,
PI4KA,MTM1,0,0,0,
MTMR14,MTMR14,-1,0,0,
MTMR3,MTMR3,-1,0,0,
C01598,MTNR1A,1,0,0,
MTNR1A,MTNR1A,-1,0,0,
MTNR1B,MTNR1B,-1,0,0,
PRKAA1,MTOR,-1,0,0,
PRKCA,MTOR,1,0,0,
RHEB,MTOR,1,0,0,
AKT3,MTOR,1,0,0,
C00416,MTOR,1,0,0,
PIK3CA,MTOR,1,0,0,
DEPTOR,MTOR,-1,0,0,
C07151,MTOR,-1,0,0,
PRKAG2,MTOR,-1,0,0,
TRAF2,MTOR,1,0,0,
MLST8,MTOR,0,0,0,
CHUK,MTOR,1,0,0,
RPTOR,MTOR,0,0,0,
AKT1S1,MTOR,-1,0,0,
C07909,MTOR,1,0,0,
MTOR,MTOR,-1,0,0,
RRAGB-RRAGD,MTOR,1,0,0,
MTFMT,MTR,0,0,0,
FTCD,MTR,0,0,0,
MARS1,MTR,0,0,0,
SHMT1,MTR,0,0,0,
AMT,MTR,0,0,0,
ATIC,MTR,0,0,0,
MTR,MTR,-1,0,0,
ALDH1L1,MTR,0,0,0,
GART,MTR,0,0,0,
DHFR,MTR,0,0,0,
MTHFD1L,MTR,0,0,0,
MVB12B,MVB12B,-1,0,0,
PMVK,MVD,0,0,0,
MVD,MVD,-1,0,0,
HMGCR,MVK,0,0,0,
MVK,MVK,-1,0,0,
MYB,MYB,-1,0,0,
NFKB1,MYB,1,0,0,
SMAD4-SMAD2,MYC,-1,0,0,
MYC,MYC,-1,0,0,
MAPK1,MYC,1,0,0,
LEF1-TEAD1,MYC,1,0,0,
LEF1,MYC,1,0,0,
THRB,MYC,1,0,0,
STAT1-STAT1,MYC,1,0,0,
TFDP1-E2F4,MYC,-1,0,0,
RBL1-E2F4,MYC,-1,0,0,
STAT3,MYC,1,0,0,
GSK3B,MYC,-1,0,0,
TLR4,MYD88,1,0,0,
TLR5,MYD88,1,0,0,
TLR7,MYD88,0,0,0,
TLR9,MYD88,1,0,0,
IL1R1,MYD88,1,0,0,
MYD88,MYD88,-1,0,0,
MYD88-TIRAP,MYD88-TIRAP,-1,0,0,
MYD88-TOLLIP,MYD88-TOLLIP,-1,0,0,
TLR2,MYD88-TOLLIP,1,0,0,
ACTC1,MYH6,0,0,0,
THRB,MYH6,1,0,0,
THRA,MYH6,1,0,0,
NFATC1,MYH6,1,0,0,
MYH6,MYH6,-1,0,0,
MYH9,MYH9,-1,0,0,
MYH9-MYL9,MYH9-MYL9,-1,0,0,
MYL2,MYL12B,1,0,0,
ROCK1,MYL12B,1,0,0,
MYL12B,MYL12B,-1,0,0,
PPP1R12A,MYL12B,-1,0,0,
MYH9,MYL12B,0,0,0,
MYLK4,MYL12B,0,0,0,
MYL2,MYL2,-1,0,0,
ROCK1,MYL2,1,0,0,
PRKAG2,MYL2,1,0,0,
MYL9,MYL9,-1,0,0,
ACTB,MYL9,0,0,0,
MYLK4,MYL9,1,0,0,
PPP1R12A,MYL9,1,0,0,
MYL9-MYH9,MYL9-MYH9,-1,0,0,
PRKACA,MYLK4,-1,0,0,
CALML6,MYLK4,1,0,0,
C00076,MYLK4,1,0,0,
MYLK4,MYLK4,-1,0,0,
PAK4,MYLK4,-1,0,0,
C05981,MYO10,1,0,0,
MYO10,MYO10,-1,0,0,
MYO10,MYO10,1,0,0,
NMNAT2,NADK2,0,0,0,
BST1,NADK2,0,0,0,
NADK2,NADK2,-1,0,0,
NUDT12,NADK2,0,0,0,
NADSYN1,NADK2,0,0,0,
ENPP1,NADK2,0,0,0,
SIRT2,NADK2,0,0,0,
NUDT12,NADSYN1,0,0,0,
ENPP1,NADSYN1,0,0,0,
NMNAT2,NADSYN1,0,0,0,
SIRT2,NADSYN1,0,0,0,
NADSYN1,NADSYN1,-1,0,0,
B3GALT5,NAGA,0,0,0,
NAGA,NAGA,-1,0,0,
CHIT1,NAGK,0,0,0,
HEXA,NAGK,0,0,0,
NAGK,NAGK,-1,0,0,
NAGLU,NAGLU,-1,0,0,
HGSNAT,NAGLU,0,0,0,
GOT1L1,NAGS,0,0,0,
GPT,NAGS,0,0,0,
NAGS,NAGS,-1,0,0,
NAIP,NAIP,-1,0,0,
NMRK2,NAMPT,0,0,0,
NAMPT,NAMPT,-1,0,0,
BST1,NAMPT,0,0,0,
NT5C1B-RDH14,NAMPT,0,0,0,
PNP,NAMPT,0,0,0,
NMNAT2,NAMPT,0,0,0,
NUDT12,NAMPT,0,0,0,
ENPP1,NAMPT,0,0,0,
SOX2,NANOGP8,1,0,0,
TBX3,NANOGP8,1,0,0,
NANOGP8,NANOGP8,-1,0,0,
NANS,NANP,0,0,0,
NANP,NANP,-1,0,0,
NANS,NANS,-1,0,0,
NPL,NANS,0,0,0,
GNE,NANS,0,0,0,
RENBP,NANS,0,0,0,
NAPRT,NAPRT,-1,0,0,
NT5C1B-RDH14,NAPRT,0,0,0,
NUDT12,NAPRT,0,0,0,
NMRK2,NAPRT,0,0,0,
QPRT,NAPRT,0,0,0,
ENPP1,NAPRT,0,0,0,
NMNAT2,NAPRT,0,0,0,
PNP,NAPRT,0,0,0,
GATC,NARS1,0,0,0,
NARS1,NARS1,-1,0,0,
CYP1A2,NAT2,0,0,0,
CYP2A6,NAT2,0,0,0,
NAT2,NAT2,-1,0,0,
MPO,NAT2,0,0,0,
CES1,NAT2,0,0,0,
NAT8B,NAT8B,-1,0,0,
ANPEP,NAT8B,0,0,0,
ADSS1,NAT8L,0,0,0,
ASNS,NAT8L,0,0,0,
ASS1,NAT8L,0,0,0,
CAD,NAT8L,0,0,0,
NAT8L,NAT8L,-1,0,0,
ASRGL1,NAT8L,0,0,0,
NCALD,NCALD,-1,0,0,
C00076,NCALD,1,0,0,
L1CAM,NCAM1,0,0,0,
NCAM1,NCAM1,-1,0,0,
NCBP1,NCBP1,-1,0,0,
RAN,NCBP2,0,0,0,
NCBP1,NCBP2,0,0,0,
NCBP2,NCBP2,-1,0,0,
PRKCA,NCF1,1,0,0,
PRKCB,NCF1,1,0,0,
NCF1,NCF1,-1,0,0,
DCC-DCC,NCK1,0,0,0,
EGFR-EGFR,NCK1,0,0,0,
NCK1,NCK1,-1,0,0,
PAK4,NCK2,0,0,0,
EFNB1,NCK2,1,0,0,
NCK2,NCK2,-1,0,0,
ROBO1,NCK2-PAK4,1,0,0,
ROBO2,NCK2-PAK4,1,0,0,
NCK2-PAK4,NCK2-PAK4,-1,0,0,
NCOA2-ESR1,NCOA2-ESR1,-1,0,0,
NCOR1-SIN3A,NCOR1-SIN3A,-1,0,0,
CD247,NCR1,0,0,0,
NCR1,NCR1,-1,0,0,
FCER1G,NCR1,0,0,0,
FCER1G,NCR1,1,0,0,
TYROBP,NCR2,0,0,0,
NCR2,NCR2,-1,0,0,
CD247,NCR3,0,0,0,
NCR3,NCR3,-1,0,0,
FCER1G,NCR3,0,0,0,
NDUFC2-KCTD14,NDUFC2-KCTD14,-1,0,0,
PRKACA,NDUFC2-KCTD14,-1,0,0,
NECTIN3,NECTIN1,0,0,0,
NECTIN1,NECTIN1,-1,0,0,
NECTIN2,NECTIN2,-1,0,0,
AFDN,NECTIN3,0,0,0,
NECTIN2,NECTIN3,0,0,0,
NECTIN3,NECTIN3,-1,0,0,
SGK1,NEDD4L,-1,0,0,
NEDD4L,NEDD4L,-1,0,0,
SFN,NEDD4L,0,0,0,
NEGR1,NEGR1,-1,0,0,
NEK7,NEK7,-1,0,0,
RGMA,NEO1,1,0,0,
NEO1,NEO1,-1,0,0,
NEU3,NEU3,-1,0,0,
GLA,NEU3,0,0,0,
GAL3ST1,NEU3,0,0,0,
NF1,NF1,-1,0,0,
NF2,NF2,-1,0,0,
NFASC,NFASC,-1,0,0,
FOS,NFATC1,1,0,0,
MAPK8,NFATC1,-1,0,0,
NFATC1,NFATC1,-1,0,0,
GSK3B,NFATC1,-1,0,0,
NFKB1,NFATC1,1,0,0,
NFKB2,NFATC1,1,0,0,
PPP3CA,NFATC1,1,0,0,
MAPK14,NFATC1,1,0,0,
PRKACA,NFATC1,-1,0,0,
NFATC2,NFATC2,-1,0,0,
PPP3CA,NFATC2,1,0,0,
MAPK8,NFATC3,-1,0,0,
NFATC3,NFATC3,-1,0,0,
PPP3CA,NFATC3,0,0,0,
EIF2AK1,NFE2L2,1,0,0,
NFE2L2,NFE2L2,-1,0,0,
SIRT1,NFKB1,-1,0,0,
CHUK,NFKB1,1,0,0,
MAVS,NFKB1,1,0,0,
NLRP12,NFKB1,-1,0,0,
ROCK1,NFKB1,1,0,0,
TLR4,NFKB1,1,0,0,
MAP3K14,NFKB1,0,0,0,
IKBKB-CHUK,NFKB1,1,0,0,
NFKB1,NFKB1,-1,0,0,
NFKBIA,NFKB1,0,0,0,
AKT3,NFKB1,1,0,0,
MAP3K8,NFKB1,-1,0,0,
MAP3K7,NFKB1,1,0,0,
MAP3K1,NFKB1,1,0,0,
TNFRSF11A,NFKB1,1,0,0,
TBK1,NFKB1,1,0,0,
IFNGR1,NFKB1,1,0,0,
PRKACA,NFKB1-NFKBIA,1,0,0,
NFKB1-NFKBIA,NFKB1-NFKBIA,-1,0,0,
NFKBIA,NFKB1-RELA,0,0,0,
NFKB1-RELA,NFKB1-RELA,-1,0,0,
CHUK,NFKB2,1,0,0,
NFKB1-RELA,NFKB2,1,0,0,
NFKB2,NFKB2,-1,0,0,
AKT3,NFKBIA,1,0,0,
IKBKB,NFKBIA,1,0,0,
NFKB1,NFKBIA,0,0,0,
NFKB1-RELA,NFKBIA,1,0,0,
NFKBIA,NFKBIA,-1,0,0,
CSNK2A1,NFKBIA,1,0,0,
CHUK,NFKBIA,1,0,0,
NFS1,NFS1,-1,0,0,
CIITA,NFYA,1,0,0,
NFYA,NFYA,-1,0,0,
EPHA2,NGEF,1,0,0,
NGEF,NGEF,-1,0,0,
EPHB1,NGEF,1,0,0,
NGF,NGF,-1,0,0,
NGFR,NGFR,-1,0,0,
NGF,NGFR,1,0,0,
BDNF,NGFR,1,0,0,
NTF4,NGFR,1,0,0,
NTF3,NGFR,1,0,0,
NIT2,NIT2,-1,0,0,
GLUD1,NIT2,0,0,0,
NKD1,NKD1,-1,0,0,
LEF1-TEAD1,NKD1,1,0,0,
NRXN3,NLGN4Y,1,0,0,
NLGN4Y,NLGN4Y,-1,0,0,
NLK,NLK,-1,0,0,
MAP3K7,NLK,1,0,0,
NAIP,NLRC4,1,0,0,
PRKCD,NLRC4,1,0,0,
NLRC4,NLRC4,-1,0,0,
NOD2,NLRP1,1,0,0,
BCL2,NLRP1,-1,0,0,
BCL2L1,NLRP1,-1,0,0,
NLRP1,NLRP1,-1,0,0,
NLRP12,NLRP12,-1,0,0,
CTSB,NLRP3,1,0,0,
SUGT1,NLRP3,1,0,0,
C00076,NLRP3,1,0,0,
NEK7,NLRP3,1,0,0,
NLRP3,NLRP3,-1,0,0,
TXNIP,NLRP3,1,0,0,
MAVS,NLRP3,1,0,0,
C00533,NLRP3,-1,0,0,
BRCC3,NLRP3,1,0,0,
NFKB1,NLRP3,1,0,0,
HSP90AA1,NLRP3,0,0,0,
GSDMD,NLRP3,1,0,0,
NLRP6,NLRP6,-1,0,0,
NLRP7,NLRP7,-1,0,0,
NLRX1,NLRX1,-1,0,0,
NMD3,NMD3,-1,0,0,
RAN,NMD3,0,0,0,
RRM2B,NME6,0,0,0,
HDDC3,NME6,0,0,0,
GUCY1A2,NME6,0,0,0,
AK3,NME6,0,0,0,
AK6,NME6,0,0,0,
NME6,NME6,-1,0,0,
CTPS1,NME6,0,0,0,
CMPK1,NME6,0,0,0,
DUT,NME6,0,0,0,
ADCY1,NME6,0,0,0,
GUK1,NME6,0,0,0,
CANT1,NME6,0,0,0,
ENTPD8,NME6,0,0,0,
NUDT16,NME6,0,0,0,
ITPA,NME6,0,0,0,
NMRK2,NMNAT2,0,0,0,
NMNAT2,NMNAT2,-1,0,0,
QPRT,NMNAT2,0,0,0,
SIRT2,NMNAT2,0,0,0,
NADSYN1,NMNAT2,0,0,0,
NT5C1B-RDH14,NMNAT2,0,0,0,
NUDT12,NMRK2,0,0,0,
NMRK2,NMRK2,-1,0,0,
ENPP1,NMRK2,0,0,0,
NMNAT2,NMRK2,0,0,0,
QPRT,NMRK2,0,0,0,
NMU,NMU,-1,0,0,
NMU,NMUR1,1,0,0,
NMUR1,NMUR1,-1,0,0,
SIRT2,NNMT,0,0,0,
AOX1,NNMT,0,0,0,
NAMPT,NNMT,0,0,0,
BST1,NNMT,0,0,0,
PNP,NNMT,0,0,0,
NNMT,NNMT,-1,0,0,
NNT,NNT,-1,0,0,
NUDT12,NNT,0,0,0,
ENPP1,NNT,0,0,0,
SIRT2,NNT,0,0,0,
NMNAT2,NNT,0,0,0,
BST1,NNT,0,0,0,
NADSYN1,NNT,0,0,0,
NOD1,NOD1,-1,0,0,
SUGT1,NOD1,1,0,0,
NOD2,NOD2,-1,0,0,
ERBIN,NOD2,-1,0,0,
INHBA,NODAL,-1,0,0,
NODAL,NODAL,-1,0,0,
LEFTY1,NODAL,-1,0,0,
NOG,NOG,-1,0,0,
GATM,NOS1,0,0,0,
CALML6,NOS1,1,0,0,
CACNA1I,NOS1,0,0,0,
CACNA1C,NOS1,0,0,0,
CAMK2A,NOS1,1,0,0,
ASS1,NOS1,0,0,0,
GRIN1,NOS1,0,0,0,
RYR1,NOS1,0,0,0,
ASL,NOS1,0,0,0,
ARG1,NOS1,0,0,0,
NOS1,NOS1,-1,0,0,
ITPR1,NOS1,0,0,0,
NOS1,NOS1AP,0,0,0,
NOS1AP,NOS1AP,-1,0,0,
ARNT-CREBBP,NOS2,1,0,0,
NOS2,NOS2,-1,0,0,
CALML6,NOS3,1,0,0,
ARNT-CREBBP,NOS3,1,0,0,
PLCG1,NOS3,1,0,0,
CAMK1D,NOS3,1,0,0,
GNAI1,NOS3,1,0,0,
AKT3,NOS3,1,0,0,
NOS3,NOS3,-1,0,0,
APH1A-PSEN1,NOTCH1,1,0,0,
NUMB,NOTCH1,-1,0,0,
ADAM17,NOTCH1,1,0,0,
THRA,NOTCH1,1,0,0,
DLL3,NOTCH1,1,0,0,
NOTCH1,NOTCH1,-1,0,0,
JAG1,NOTCH1,-1,0,0,
DVL1,NOTCH1,-1,0,0,
LFNG,NOTCH1,1,0,0,
NOTUM,NOTUM,-1,0,0,
NPB,NPB,-1,0,0,
NPB,NPBWR1,1,0,0,
NPBWR1,NPBWR1,-1,0,0,
NPFF,NPFF,-1,0,0,
NPFFR2,NPFFR2,-1,0,0,
NPFF,NPFFR2,1,0,0,
NPL,NPL,-1,0,0,
GNE,NPL,0,0,0,
RENBP,NPL,0,0,0,
NPLOC4,NPLOC4,-1,0,0,
SVIP,NPLOC4,-1,0,0,
NPNT-FREM1,NPNT-FREM1,-1,0,0,
ARNT-CREBBP,NPPA,1,0,0,
NPPA,NPPA,-1,0,0,
NPPB,NPPB,-1,0,0,
NFATC1,NPPB,1,0,0,
NPPC,NPPC,-1,0,0,
NPR1,NPR1,-1,0,0,
NPPA,NPR1,1,0,0,
NPPB,NPR1,1,0,0,
NPPC,NPR2,1,0,0,
NPR2,NPR2,-1,0,0,
NPRL2,NPRL2,-1,0,0,
MIOS,NPRL2,-1,0,0,
PRKAG2,NPY,0,0,0,
NPY,NPY,-1,0,0,
NPY,NPY1R,1,0,0,
NPY1R,NPY1R,-1,0,0,
NPY,NPY4R2,1,0,0,
NPY4R2,NPY4R2,-1,0,0,
NQO1,NQO1,-1,0,0,
NR0B2,NR0B2,-1,0,0,
NR1H4,NR0B2,1,0,0,
NR1D1,NR1D1,-1,0,0,
ARNTL-NPAS2,NR1D1,1,0,0,
PPARA-RXRA,NR1H3,1,0,0,
NR1H3,NR1H3,-1,0,0,
PPARG-RXRA,NR1H3,1,0,0,
C00695,NR1H4,0,0,0,
NR1H4,NR1H4,-1,0,0,
C00735,NR3C1,1,0,0,
NR3C1,NR3C1,-1,0,0,
C01780,NR3C2,1,0,0,
C00735,NR3C2,1,0,0,
NR3C2,NR3C2,-1,0,0,
AKT3,NR4A1,-1,0,0,
MAPK7,NR4A1,0,0,0,
NR4A1,NR4A1,-1,0,0,
NR4A2,NR4A2,-1,0,0,
NRBF2,NRBF2,-1,0,0,
ATG14,NRBF2,1,0,0,
BECN2,NRBF2,1,0,0,
CNTN1,NRCAM,1,0,0,
NRCAM,NRCAM,-1,0,0,
NRG1,NRG1,-1,0,0,
NRG2,NRG2,-1,0,0,
NRG3,NRG3,-1,0,0,
NRG4,NRG4,-1,0,0,
PLXNA1,NRP1,0,0,0,
SEMA3A,NRP1,1,0,0,
NRP1,NRP1,-1,0,0,
L1CAM,NRP1,1,0,0,
NRXN3,NRXN3,-1,0,0,
NSDHL,NSDHL,-1,0,0,
MSMO1,NSDHL,0,0,0,
NSF,NSF,-1,0,0,
GABRA1,NSF,0,0,0,
NSMAF,NSMAF,-1,0,0,
TNFRSF1A,NSMAF,1,0,0,
DCK,NT5C1B-RDH14,0,0,0,
AK6,NT5C1B-RDH14,0,0,0,
AK3,NT5C1B-RDH14,0,0,0,
PDE10A,NT5C1B-RDH14,0,0,0,
NT5C1B-RDH14,NT5C1B-RDH14,-1,0,0,
UPRT,NT5C1B-RDH14,0,0,0,
ATIC,NT5C1B-RDH14,0,0,0,
PDE7B,NT5C1B-RDH14,0,0,0,
GMPR,NT5C1B-RDH14,0,0,0,
GMPS,NT5C1B-RDH14,0,0,0,
CMPK2,NT5C1B-RDH14,0,0,0,
DCTPP1,NT5C1B-RDH14,0,0,0,
PNP,NT5C1B-RDH14,0,0,0,
HPRT1,NT5C1B-RDH14,0,0,0,
ENTPD8,NT5C1B-RDH14,0,0,0,
IMPDH1,NT5C1B-RDH14,0,0,0,
ADSS1,NT5C1B-RDH14,0,0,0,
GUK1,NT5C1B-RDH14,0,0,0,
AMPD1,NT5C1B-RDH14,0,0,0,
ADSL,NT5C1B-RDH14,0,0,0,
ITPA,NT5C1B-RDH14,0,0,0,
ENPP1,NT5C1B-RDH14,0,0,0,
TYMS,NT5C1B-RDH14,0,0,0,
CANT1,NT5C1B-RDH14,0,0,0,
NUDT16,NT5C1B-RDH14,0,0,0,
APRT,NT5C1B-RDH14,0,0,0,
DTYMK,NT5C1B-RDH14,0,0,0,
NTF3,NTF3,-1,0,0,
NTF4,NTF4,-1,0,0,
NTN1,NTN1,-1,0,0,
LRRC4C,NTNG1,1,0,0,
NTNG1,NTNG1,-1,0,0,
NTNG2,NTNG2,-1,0,0,
LRRC4,NTNG2,1,0,0,
ALPI,NTPCR,0,0,0,
NME6,NTPCR,0,0,0,
TPK1,NTPCR,0,0,0,
PKLR,NTPCR,0,0,0,
NTPCR,NTPCR,-1,0,0,
ACP1,NTPCR,0,0,0,
RRM2B,NTPCR,0,0,0,
ENTPD2,NTPCR,0,0,0,
THTPA,NTPCR,0,0,0,
ENTPD8,NTPCR,0,0,0,
AK3,NTPCR,0,0,0,
AK6,NTPCR,0,0,0,
AK7,NTPCR,0,0,0,
NGF,NTRK1,1,0,0,
NTF3,NTRK1,1,0,0,
NTRK1,NTRK1,-1,0,0,
NTF4,NTRK2,1,0,0,
NTF3,NTRK2,1,0,0,
BDNF,NTRK2,1,0,0,
NTRK2,NTRK2,-1,0,0,
NTF3,NTRK3,1,0,0,
NTRK3,NTRK3,-1,0,0,
NTS,NTS,-1,0,0,
NTSR2,NTSR2,-1,0,0,
NTS,NTSR2,1,0,0,
NUDT12,NUDT12,-1,0,0,
SIRT2,NUDT12,0,0,0,
NT5C1B-RDH14,NUDT12,0,0,0,
NADSYN1,NUDT12,0,0,0,
ADSS1,NUDT16,0,0,0,
ENTPD8,NUDT16,0,0,0,
ITPA,NUDT16,0,0,0,
NUDT16,NUDT16,-1,0,0,
ATIC,NUDT16,0,0,0,
NME6,NUDT16,0,0,0,
NME6,NUDT2,0,0,0,
ENPP1,NUDT2,0,0,0,
GUCY1A2,NUDT2,0,0,0,
ADCY1,NUDT2,0,0,0,
NUDT2,NUDT2,-1,0,0,
CTPS1,NUDT2,0,0,0,
PKLR,NUDT2,0,0,0,
ITPA,NUDT2,0,0,0,
ENTPD8,NUDT2,0,0,0,
NUDT21,NUDT21,-1,0,0,
PGM1,NUDT5,0,0,0,
NUDT5,NUDT5,-1,0,0,
PGM2,NUDT5,0,0,0,
PRPS1L1,NUDT5,0,0,0,
NUMB,NUMB,-1,0,0,
NUP37,NUP107,0,0,0,
SEH1L,NUP107,0,0,0,
NUP107,NUP107,-1,0,0,
SEC13,NUP133,0,0,0,
NUP133,NUP133,-1,0,0,
NUP37,NUP133,0,0,0,
NUP153,NUP153,-1,0,0,
NUP155,NUP155,-1,0,0,
NUP160,NUP160,-1,0,0,
NUP37,NUP160,0,0,0,
NUP188,NUP188,-1,0,0,
NUP93,NUP188,0,0,0,
NUP205,NUP205,-1,0,0,
NUP93,NUP205,0,0,0,
NUP214,NUP214,-1,0,0,
XPO1,NUP214,0,0,0,
NUP155,NUP35,0,0,0,
NUP35,NUP35,-1,0,0,
NUP37,NUP37,-1,0,0,
XPO1,NUP42,0,0,0,
NUP42,NUP42,-1,0,0,
NUP43,NUP43,-1,0,0,
NUP37,NUP43,0,0,0,
NUP62,NUP54,0,0,0,
NUP54,NUP54,-1,0,0,
NUP62,NUP58,0,0,0,
NUP58,NUP58,-1,0,0,
NUP62,NUP62,-1,0,0,
NUP85,NUP85,-1,0,0,
NUP37,NUP85,0,0,0,
NUP88,NUP88,-1,0,0,
XPO1,NUP88,0,0,0,
NUP214,NUP88,0,0,0,
NUP93,NUP93,-1,0,0,
NUP98,NUP98,-1,0,0,
SEH1L,NUP98,0,0,0,
SEC13,NUP98,0,0,0,
NUP37,NUP98,0,0,0,
NUS1,NUS1,-1,0,0,
FDPS,NUS1,0,0,0,
FNTA,NUS1,0,0,0,
NXF1,NXF1,-1,0,0,
NUP42,NXF1,0,0,0,
EIF4A3,NXF1,0,0,0,
RAE1,NXF1,0,0,0,
NXF1,NXT1,0,0,0,
NXT1,NXT1,-1,0,0,
ARG1,OAT,0,0,0,
OAT,OAT,-1,0,0,
OCLN,OCLN,-1,0,0,
SRC,OCLN,1,0,0,
PPP2CA,OCLN,-1,0,0,
ARG1,ODC1,0,0,0,
OAT,ODC1,0,0,0,
ODC1,ODC1,-1,0,0,
DLST,OGDH,0,0,0,
OGDH,OGDH,-1,0,0,
DLD,OGDH,0,0,0,
MECR,OLAH,0,0,0,
OLAH,OLAH,-1,0,0,
PPARG-RXRA,OLR1,1,0,0,
OLR1,OLR1,-1,0,0,
OPLAH,OPLAH,-1,0,0,
GGCT,OPLAH,0,0,0,
OPRD1,OPRD1,-1,0,0,
C01516,OPRD1,1,0,0,
C15890,OPRD1,1,0,0,
PDYN,OPRD1,1,0,0,
POMC,OPRM1,1,0,0,
OPRM1,OPRM1,-1,0,0,
ORAI1,ORAI1,-1,0,0,
STIM1,ORAI1,1,0,0,
PRKACA,ORAI1,1,0,0,
ORAI2,ORAI2,-1,0,0,
STIM2,ORAI2,1,0,0,
CDC6,ORC6-ORC3,0,0,0,
ORC6-ORC3,ORC6-ORC3,-1,0,0,
OSM,OSM,-1,0,0,
OSM,OSMR-IL6ST,1,0,0,
OSMR-IL6ST,OSMR-IL6ST,-1,0,0,
NOS1,OTC,0,0,0,
ARG1,OTC,0,0,0,
ABHD14A-ACY1,OTC,0,0,0,
OTC,OTC,-1,0,0,
ASS1,OTC,0,0,0,
CPS1,OTC,0,0,0,
OTUD5,OTUD5,-1,0,0,
ACAT1,OXCT1,0,0,0,
HMGCL,OXCT1,0,0,0,
BDH2,OXCT1,0,0,0,
HMGCS1,OXCT1,0,0,0,
OXCT1,OXCT1,-1,0,0,
OXSM,OXSM,-1,0,0,
MCAT,OXSM,0,0,0,
OLAH,OXSM,0,0,0,
CBR4-HSD17B8,OXSM,0,0,0,
MECR,OXSM,0,0,0,
FASN,OXSM,0,0,0,
OXT,OXT,-1,0,0,
OXTR,OXTR,-1,0,0,
OXT,OXTR,1,0,0,
C00002,P2RX1,1,0,0,
C00008,P2RX1,1,0,0,
P2RX1,P2RX1,-1,0,0,
C00002,P2RX2,1,0,0,
P2RX2,P2RX2,-1,0,0,
C00002,P2RX3,1,0,0,
P2RX3,P2RX3,-1,0,0,
C00002,P2RX7,1,0,0,
P2RX7,P2RX7,-1,0,0,
C00002,P2RY1,1,0,0,
C00008,P2RY1,1,0,0,
P2RY1,P2RY1,-1,0,0,
C00008,P2RY12,1,0,0,
P2RY12,P2RY12,-1,0,0,
C00002,P2RY2,1,0,0,
P2RY2,P2RY2,-1,0,0,
C00002,P2RY4,1,0,0,
P2RY4,P2RY4,-1,0,0,
P4HA3,P4HA3,-1,0,0,
102724788,P4HA3,0,0,0,
PYCR2,P4HA3,0,0,0,
MSI2,PABPC4L,0,0,0,
PABPC4L,PABPC4L,-1,0,0,
GSPT2,PABPC4L,0,0,0,
PAFAH1B1,PAFAH1B1,-1,0,0,
DHFR,PAH,0,0,0,
QDPR,PAH,0,0,0,
PAH,PAH,-1,0,0,
GOT1L1,PAH,0,0,0,
PCBD1,PAH,0,0,0,
TAT,PAH,0,0,0,
DDC,PAH,0,0,0,
SPR,PAH,0,0,0,
IL4I1,PAH,0,0,0,
AKR1B1,PAH,0,0,0,
GART,PAICS,0,0,0,
PAICS,PAICS,-1,0,0,
PABPC4L,PAIP1,0,0,0,
PAIP1,PAIP1,-1,0,0,
CASP3,PAK1,1,0,0,
PAK1,PAK1,-1,0,0,
RAC1,PAK1,1,0,0,
CDC42,PAK1,1,0,0,
NCK1,PAK4,1,0,0,
GNG12,PAK4,1,0,0,
PAK4,PAK4,-1,0,0,
RAC1,PAK4,1,0,0,
CDC42,PAK4,1,0,0,
BRIP1,PALB2-BRCA2,0,0,0,
PALB2-BRCA2,PALB2-BRCA2,-1,0,0,
PAN2,PAN2,-1,0,0,
PAN3,PAN3,-1,0,0,
PAN2,PAN3,0,0,0,
PABPC4L,PAN3,1,0,0,
PANK1,PANK1,-1,0,0,
ENPP1,PANK1,0,0,0,
PPCDC,PANK1,0,0,0,
PPCS,PANK1,0,0,0,
PAPSS2,PAPSS2,-1,0,0,
OCLN,PARD3,0,0,0,
CLDN24,PARD3,0,0,0,
PARD3,PARD3,-1,0,0,
F11R,PARD3,0,0,0,
PRKCI,PARD3,1,0,0,
NECTIN3,PARD3,1,0,0,
PARD3-PRKCZ,PARD3-PRKCZ,-1,0,0,
CDC42,PARD3-PRKCZ,1,0,0,
PARD6A,PARD6A,-1,0,0,
PRKCI,PARD6A,0,0,0,
CDC42,PARD6A,1,0,0,
CRB3,PARD6A,0,0,0,
PARD3,PARD6A,0,0,0,
CASP3,PARP2,-1,0,0,
CASP7,PARP2,-1,0,0,
CASP9,PARP2,-1,0,0,
PARP2,PARP2,-1,0,0,
GZMB,PARP2,-1,0,0,
PXN,PARVB,0,0,0,
PARVB,PARVB,-1,0,0,
MPP5,PATJ,0,0,0,
PATJ,PATJ,-1,0,0,
PARD3,PATJ,1,0,0,
ARHGEF18,PATJ,0,0,0,
TJP3,PATJ,0,0,0,
PAX8,PAX8,-1,0,0,
PRKACA,PAX8,1,0,0,
PRKCA,PAX8,1,0,0,
PC,PC,-1,0,0,
LDHD,PC,0,0,0,
CS,PC,0,0,0,
MDH1,PC,0,0,0,
PKLR,PC,0,0,0,
ACLY,PC,0,0,0,
PDHA1,PC,0,0,0,
PCK1,PC,0,0,0,
QDPR,PCBD1,0,0,0,
PCBD1,PCBD1,-1,0,0,
ALDH6A1,PCCA,0,0,0,
DBT,PCCA,0,0,0,
ACAA2,PCCA,0,0,0,
PCCA,PCCA,-1,0,0,
MCEE,PCCA,0,0,0,
ACOX1,PCCA,0,0,0,
CLP1,PCF11,0,0,0,
PCF11,PCF11,-1,0,0,
PPARGC1A-PPARA,PCK1,1,0,0,
PRKAG2,PCK1,-1,0,0,
PCK1,PCK1,-1,0,0,
PPARGC1A-FOXO1,PCK1,1,0,0,
PC,PCK1,0,0,0,
HNF4A,PCK1,1,0,0,
CREB3-CRTC2,PCK1,1,0,0,
CS,PCK1,0,0,0,
FOXO1,PCK1,1,0,0,
FOXO3,PCK1,1,0,0,
FOXO6,PCK1,1,0,0,
MDH1,PCK1,0,0,0,
PPARG-RXRA,PCK1,1,0,0,
CRTC2,PCK1,1,0,0,
ACLY,PCK1,0,0,0,
CDK4-SYMPK,PCNA,1,0,0,
PCNA,PCNA,-1,0,0,
GADD45G,PCNA,1,0,0,
PCYT1A,PCYT1A,-1,0,0,
CEPT1,PCYT1A,0,0,0,
PCYT2,PCYT2,-1,0,0,
PDCD1LG2,PDCD1,1,0,0,
PDCD1,PDCD1,-1,0,0,
PTPN6,PDCD1,0,0,0,
CD274,PDCD1,1,0,0,
PDCD1LG2,PDCD1LG2,-1,0,0,
CHMP4B,PDCD6IP,0,0,0,
MVB12B,PDCD6IP,0,0,0,
PDCD6IP,PDCD6IP,-1,0,0,
PRKACA,PDE10A,1,0,0,
GMPR,PDE10A,0,0,0,
GMPS,PDE10A,0,0,0,
CAMK4,PDE10A,-1,0,0,
GUCY1A2,PDE10A,0,0,0,
ADCY1,PDE10A,0,0,0,
ENPP1,PDE10A,0,0,0,
AK6,PDE10A,0,0,0,
AK3,PDE10A,0,0,0,
PDE10A,PDE10A,-1,0,0,
ENTPD8,PDE10A,0,0,0,
PDE1A,PDE1A,-1,0,0,
C00076,PDE1A,1,0,0,
GNB3,PDE1A,1,0,0,
CALML6,PDE1A,1,0,0,
PDE2A,PDE2A,-1,0,0,
C00942,PDE2A,1,0,0,
PDE3A,PDE3A,-1,0,0,
C00942,PDE3A,-1,0,0,
AKT3,PDE3B,1,0,0,
PDE3B,PDE3B,-1,0,0,
GNAT1,PDE6A,1,0,0,
PDE6A,PDE6A,-1,0,0,
ENPP1,PDE7B,0,0,0,
PDE7B,PDE7B,-1,0,0,
AK3,PDE7B,0,0,0,
PDGFA,PDGFA,-1,0,0,
LDHAL6A,PDHA1,0,0,0,
PDHA1,PDHA1,-1,0,0,
PC,PDHA1,0,0,0,
LDHD,PDHA1,0,0,0,
ME3,PDHA1,0,0,0,
ME2,PDHA1,0,0,0,
DLAT,PDHA1,0,0,0,
DLD,PDHA1,0,0,0,
PDK1,PDHA1,-1,0,0,
PKLR,PDHA1,0,0,0,
ERO1A,PDIA6,1,0,0,
PDIA6,PDIA6,-1,0,0,
PIK3CA,PDK1,1,0,0,
ARNT-CREBBP,PDK1,1,0,0,
PDK1,PDK1,-1,0,0,
C05981,PDPK1,1,0,0,
PIK3CA,PDPK1,1,0,0,
PDPK1,PDPK1,-1,0,0,
PPARD-RXRA,PDPK1,1,0,0,
RRAS2,PDPK1,1,0,0,
NUS1,PDSS1,0,0,0,
FDPS,PDSS1,0,0,0,
FNTA,PDSS1,0,0,0,
GGPS1,PDSS1,0,0,0,
PDSS1,PDSS1,-1,0,0,
PRKACA,PDX1,1,0,0,
PDX1,PDX1,-1,0,0,
PDXK,PDXK,-1,0,0,
PNPO,PDXK,0,0,0,
PDYN,PDYN,-1,0,0,
PECAM1,PECAM1,-1,0,0,
PELO,PELO,-1,0,0,
HBS1L,PELO,0,0,0,
PLAAT3,PEMT,0,0,0,
PEMT,PEMT,-1,0,0,
PLD4,PEMT,0,0,0,
LCAT,PEMT,0,0,0,
CEPT1,PEMT,0,0,0,
PTDSS2,PEMT,0,0,0,
PTDSS1,PEMT,0,0,0,
PLA2G4B,PEMT,0,0,0,
LPCAT3,PEMT,0,0,0,
PISD,PEMT,0,0,0,
SKP1-FBXW11,PER1,-1,0,0,
ARNTL-NPAS2,PER1,1,0,0,
PER1,PER1,-1,0,0,
CREB1,PER1,1,0,0,
TPTEP2-CSNK1E,PER1,1,0,0,
TP53,PERP,1,0,0,
PERP,PERP,-1,0,0,
PF4,PF4,-1,0,0,
PFAS,PFAS,-1,0,0,
GART,PFAS,0,0,0,
PRKACA,PFKFB1,1,0,0,
PRKAG2,PFKFB1,1,0,0,
PFKFB1,PFKFB1,-1,0,0,
HK1,PFKFB1,0,0,0,
AKT3,PFKFB2,1,0,0,
PFKFB2,PFKFB2,-1,0,0,
PFKFB3,PFKFB3,-1,0,0,
ARNT-CREBBP,PFKFB3,1,0,0,
TKT,PFKL,0,0,0,
HK1,PFKL,0,0,0,
ARNT-CREBBP,PFKL,1,0,0,
HIF1A,PFKL,1,0,0,
PFKFB1,PFKL,0,0,0,
MPI,PFKL,0,0,0,
ALDOA,PFKL,0,0,0,
PFKL,PFKL,-1,0,0,
C00665,PFKL,1,0,0,
PFN3,PFN3,-1,0,0,
DIAPH1,PFN3,1,0,0,
ACTB,PFN3,0,0,0,
APBB1IP,PFN3,1,0,0,
PGA5,PGA5,-1,0,0,
C01327,PGA5,1,0,0,
ENO1,PGAM4,0,0,0,
PGAM4,PGAM4,-1,0,0,
BPGM,PGAM4,0,0,0,
PHGDH,PGAM4,0,0,0,
GLYCTK,PGAM4,0,0,0,
PGAM5,PGAM5,-1,0,0,
MLKL,PGAM5,1,0,0,
PGAP1,PGAP1,-1,0,0,
PIGU-PIGT,PGAP1,0,0,0,
H6PD,PGD,0,0,0,
PGD,PGD,-1,0,0,
RPIA,PGD,0,0,0,
RPE,PGD,0,0,0,
PGLS,PGD,0,0,0,
RPE,PGD,1,0,0,
ARNT-CREBBP,PGK1,1,0,0,
PGAM4,PGK1,0,0,0,
GAPDH,PGK1,0,0,0,
BPGM,PGK1,0,0,0,
PGK1,PGK1,-1,0,0,
PGD,PGLS,0,0,0,
G6PD,PGLS,0,0,0,
PGLS,PGLS,-1,0,0,
GCK,PGM1,0,0,0,
TKT,PGM1,0,0,0,
HK1,PGM1,0,0,0,
ADPGK,PGM1,0,0,0,
PRPS1L1,PGM1,0,0,0,
RBKS,PGM1,0,0,0,
ENPP1,PGM1,0,0,0,
RPIA,PGM1,0,0,0,
GPI,PGM1,0,0,0,
PGM2L1,PGM1,0,0,0,
UGP2,PGM1,0,0,0,
G6PC,PGM1,0,0,0,
PGM1,PGM1,-1,0,0,
PRPS1L1,PGM2,0,0,0,
RBKS,PGM2,0,0,0,
PGM2,PGM2,-1,0,0,
PGM2L1,PGM2L1,-1,0,0,
ENPP1,PGM2L1,0,0,0,
AMDHD2,PGM3,0,0,0,
GNPNAT1,PGM3,0,0,0,
NAGK,PGM3,0,0,0,
PGM3,PGM3,-1,0,0,
HAO2,PGP,0,0,0,
PGP,PGP,-1,0,0,
GRHPR,PGP,0,0,0,
C00410,PGR,1,0,0,
PGR,PGR,-1,0,0,
NCOA2-ESR1,PGR,1,0,0,
CDS1,PGS1,0,0,0,
PGS1,PGS1,-1,0,0,
CDIPT,PGS1,0,0,0,
PHAX,PHAX,-1,0,0,
RAN,PHAX,0,0,0,
PSAT1,PHGDH,0,0,0,
PHGDH,PHGDH,-1,0,0,
PHKA1,PHKA1,-1,0,0,
PHKA1-CALML6,PHKA1-CALML6,-1,0,0,
PRKACA,PHKA1-CALML6,1,0,0,
PHLPP2,PHLPP2,-1,0,0,
ACHE,PHOSPHO1,0,0,0,
GPCPD1,PHOSPHO1,0,0,0,
PCYT1A,PHOSPHO1,0,0,0,
PCYT2,PHOSPHO1,0,0,0,
PHOSPHO1,PHOSPHO1,-1,0,0,
CHAT,PHOSPHO1,0,0,0,
PNPO,PHOSPHO2,0,0,0,
PHOSPHO2,PHOSPHO2,-1,0,0,
PHYKPL,PHYKPL,-1,0,0,
HYKK,PHYKPL,0,0,0,
PI4KA,PI4KA,-1,0,0,
PIP5KL1,PI4KA,0,0,0,
CDIPT,PI4KA,0,0,0,
INPP5B,PI4KA,0,0,0,
PTEN,PI4KA,0,0,0,
PLCD3,PI4KA,0,0,0,
PIKFYVE,PI4KA,0,0,0,
PIK3C2A,PI4KA,0,0,0,
PIP5K1C,PI4KA,0,0,0,
MTM1,PI4KA,0,0,0,
PIK3C3,PI4KA,0,0,0,
PIAS3,PIAS3,-1,0,0,
PIDD1,PIDD1,-1,0,0,
TP53,PIDD1,1,0,0,
PIGX-PIGM,PIGB,0,0,0,
PIGB,PIGB,-1,0,0,
PIGN,PIGB,0,0,0,
PIGV,PIGB,0,0,0,
PIGB,PIGF-PIGO,0,0,0,
PIGF-PIGO,PIGF-PIGO,-1,0,0,
PIGU-PIGT,PIGF-PIGO,0,0,0,
PIGL,PIGL,-1,0,0,
PIGN,PIGN,-1,0,0,
PIGR,PIGR,-1,0,0,
IGH,PIGR,0,0,0,
PIGU-PIGT,PIGU-PIGT,-1,0,0,
PIGN,PIGV,0,0,0,
PIGV,PIGV,-1,0,0,
GPLD1,PIGW,0,0,0,
PIGX-PIGM,PIGW,0,0,0,
PIGL,PIGW,0,0,0,
PIGW,PIGW,-1,0,0,
PIGV,PIGX-PIGM,0,0,0,
PIGX-PIGM,PIGX-PIGM,-1,0,0,
PIGL,PIGY-DPM2,0,0,0,
PIGY-DPM2,PIGY-DPM2,-1,0,0,
SYK,PIK3AP1,1,0,0,
PIK3AP1,PIK3AP1,-1,0,0,
CDIPT,PIK3C2A,0,0,0,
PLCD3,PIK3C2A,0,0,0,
PIP5K1C,PIK3C2A,0,0,0,
PI4KA,PIK3C2A,0,0,0,
INPP4A,PIK3C2A,0,0,0,
INPP5B,PIK3C2A,0,0,0,
INPP5D,PIK3C2A,0,0,0,
INPP5F,PIK3C2A,0,0,0,
PIKFYVE,PIK3C2A,0,0,0,
PIP5KL1,PIK3C2A,0,0,0,
PTEN,PIK3C2A,0,0,0,
PIK3C2A,PIK3C2A,-1,0,0,
INPP4A,PIK3C3,0,0,0,
PIKFYVE,PIK3C3,0,0,0,
PIK3R4,PIK3C3,1,0,0,
NRBF2,PIK3C3,1,0,0,
PTEN,PIK3C3,0,0,0,
BECN2,PIK3C3,1,0,0,
CDIPT,PIK3C3,0,0,0,
INPP5F,PIK3C3,0,0,0,
MTM1,PIK3C3,0,0,0,
RUBCN,PIK3C3,-1,0,0,
FIG4,PIK3C3,0,0,0,
EEA1-RAB5A,PIK3C3,0,0,0,
PI4KA,PIK3C3,0,0,0,
PIK3C3,PIK3C3,-1,0,0,
PLCD3,PIK3C3,0,0,0,
PTPN11,PIK3CA,0,0,0,
RRAS,PIK3CA,1,0,0,
C00095,PIK3CA,1,0,0,
GAB2,PIK3CA,0,0,0,
GAB1,PIK3CA,0,0,0,
CD19,PIK3CA,1,0,0,
ITGA2,PIK3CA,1,0,0,
HCST,PIK3CA,1,0,0,
VCAM1,PIK3CA,0,0,0,
CD28,PIK3CA,1,0,0,
PIK3AP1,PIK3CA,0,0,0,
RAC1,PIK3CA,1,0,0,
HOMER3,PIK3CA,1,0,0,
MRAS,PIK3CA,1,0,0,
IRS1,PIK3CA,1,0,0,
GNB5,PIK3CA,1,0,0,
VAV3,PIK3CA,0,0,0,
GP1BA-GP1BB,PIK3CA,1,0,0,
SYK,PIK3CA,1,0,0,
NGFR,PIK3CA,-1,0,0,
INPP5B,PIK3CA,0,0,0,
IL6ST,PIK3CA,1,0,0,
CSF2RB,PIK3CA,1,0,0,
FGFR1,PIK3CA,1,0,0,
RAP1A,PIK3CA,1,0,0,
TRAF2,PIK3CA,1,0,0,
LAT,PIK3CA,0,0,0,
GNAI1,PIK3CA,1,0,0,
KRAS,PIK3CA,1,0,0,
RRAS2,PIK3CA,1,0,0,
PIP4K2A,PIK3CA,0,0,0,
FGR,PIK3CA,1,0,0,
INSR,PIK3CA,1,0,0,
THRB,PIK3CA,1,0,0,
KDR,PIK3CA,1,0,0,
EGFR,PIK3CA,1,0,0,
CD19-PIK3AP1,PIK3CA,1,0,0,
IGF1R,PIK3CA,0,0,0,
CSF1R,PIK3CA,1,0,0,
JAK1,PIK3CA,1,0,0,
JAK2,PIK3CA,1,0,0,
ERBB4-ERBB4,PIK3CA,1,0,0,
ERBB4-ERBB2,PIK3CA,1,0,0,
PIK3CA,PIK3CA,-1,0,0,
FCER1G,PIK3CA,1,0,0,
NTRK1,PIK3CA,1,0,0,
AGAP2,PIK3CA,1,0,0,
SRC,PIK3CA,1,0,0,
ZAP70,PIK3CA,1,0,0,
FZD3,PIK3CA,1,0,0,
ICOS,PIK3CA,1,0,0,
PLCD3,PIK3CA,0,0,0,
ERBB3,PIK3CA,1,0,0,
PGR,PIK3CA,1,0,0,
RAF1,PIK3CA,1,0,0,
HRAS,PIK3CA,1,0,0,
FYN,PIK3CA,1,0,0,
PTK2,PIK3CA,1,0,0,
PIK3R4,PIK3R4,-1,0,0,
GNB5-LPAR6,PIK3R6,1,0,0,
GNB5,PIK3R6,1,0,0,
IRS1,PIK3R6,1,0,0,
GNA13,PIK3R6,1,0,0,
GNAI1,PIK3R6,1,0,0,
PIK3R6,PIK3R6,-1,0,0,
ROCK1,PIKFYVE,0,0,0,
CDIPT,PIKFYVE,0,0,0,
MTM1,PIKFYVE,0,0,0,
PLCD3,PIKFYVE,0,0,0,
PTEN,PIKFYVE,0,0,0,
INPP4A,PIKFYVE,0,0,0,
INPP5F,PIKFYVE,0,0,0,
PIKFYVE,PIKFYVE,-1,0,0,
PIK3C2A,PIKFYVE,0,0,0,
VCL,PIKFYVE,0,0,0,
STAT1-STAT1,PIM1,1,0,0,
PIM1,PIM1,-1,0,0,
PIN1,PIN1,-1,0,0,
PIP4K2A,PIP4K2A,-1,0,0,
PIK3CA,PIP4K2A,0,0,0,
PLCD3,PIP4K2A,0,0,0,
PIP5K1C,PIP4K2A,0,0,0,
MTM1,PIP4K2A,0,0,0,
PIKFYVE,PIP4K2A,0,0,0,
INPP5B,PIP4K2A,0,0,0,
PIP5K1C,PIP4P2,0,0,0,
INPP5B,PIP4P2,0,0,0,
PIP4P2,PIP4P2,-1,0,0,
PIK3CA,PIP4P2,0,0,0,
MTM1,PIP4P2,0,0,0,
PIP4K2A,PIP4P2,0,0,0,
PTEN,PIP4P2,0,0,0,
PIKFYVE,PIP4P2,0,0,0,
RHOA,PIP5K1C,1,0,0,
PIP5K1C,PIP5K1C,-1,0,0,
PLCD3,PIP5K1C,0,0,0,
INPP5F,PIP5K1C,0,0,0,
ARF6,PIP5K1C,1,0,0,
PIK3CA,PIP5K1C,0,0,0,
C00416,PIP5K1C,1,0,0,
RAC1,PIP5K1C,1,0,0,
PLCD3,PIP5KL1,0,0,0,
INPP5F,PIP5KL1,0,0,0,
PIK3CA,PIP5KL1,0,0,0,
PIP5KL1,PIP5KL1,-1,0,0,
PTEN,PIP5KL1,0,0,0,
PIP4K2A,PIP5KL1,0,0,0,
SHMT1,PIPOX,0,0,0,
DMGDH,PIPOX,0,0,0,
AGXT,PIPOX,0,0,0,
GATM,PIPOX,0,0,0,
PIPOX,PIPOX,-1,0,0,
PISD,PISD,-1,0,0,
CEPT1,PISD,0,0,0,
PTDSS1,PISD,0,0,0,
PLAAT3,PISD,0,0,0,
PLA2G4B,PISD,0,0,0,
PLD4,PISD,0,0,0,
LPCAT3,PISD,0,0,0,
SMAD4-SMAD2,PITX2,1,0,0,
PITX2,PITX2,-1,0,0,
PKD1L3,PKD1L3,-1,0,0,
PKD2L1,PKD2L1,-1,0,0,
PKD1L3,PKD2L1,0,0,0,
C00158,PKD2L1-PKD1L3,1,0,0,
C00149,PKD2L1-PKD1L3,1,0,0,
C01327,PKD2L1-PKD1L3,1,0,0,
PKD2L1-PKD1L3,PKD2L1-PKD1L3,-1,0,0,
GUK1,PKLR,0,0,0,
CANT1,PKLR,0,0,0,
GUCY1A2,PKLR,0,0,0,
ENTPD8,PKLR,0,0,0,
PKLR,PKLR,-1,0,0,
ITPA,PKLR,0,0,0,
RRM2B,PKLR,0,0,0,
HDDC3,PKLR,0,0,0,
PDHA1,PKLR,0,0,0,
AK3,PKLR,0,0,0,
AK6,PKLR,0,0,0,
NME6,PKLR,0,0,0,
PCK1,PKLR,0,0,0,
LDHAL6A,PKLR,0,0,0,
SREBF1,PKLR,1,0,0,
ADCY1,PKLR,0,0,0,
PRKACA,PKM,-1,0,0,
PKM,PKM,-1,0,0,
PLK1,PKMYT1,-1,0,0,
MOS,PKMYT1,-1,0,0,
PKMYT1,PKMYT1,-1,0,0,
RPS6KA6,PKMYT1,-1,0,0,
PKN1,PKN1,-1,0,0,
RHOA,PKN1,1,0,0,
PKN1-YWHAE,PKN1-YWHAE,-1,0,0,
PKN3,PKN3,-1,0,0,
PDPK1,PKN3,1,0,0,
PLA1A,PLA1A,-1,0,0,
LPCAT3,PLA1A,0,0,0,
PISD,PLA1A,0,0,0,
PTDSS2,PLA1A,0,0,0,
PTDSS2,PLA2G4B,0,0,0,
PTDSS1,PLA2G4B,0,0,0,
CYP2U1,PLA2G4B,0,0,0,
GNAS,PLA2G4B,1,0,0,
GNAQ,PLA2G4B,1,0,0,
CEPT1,PLA2G4B,0,0,0,
CYP2C19,PLA2G4B,0,0,0,
CYP1A2,PLA2G4B,0,0,0,
GDPD1,PLA2G4B,0,0,0,
CYP2E1,PLA2G4B,0,0,0,
PLA2G4B,PLA2G4B,-1,0,0,
PLCG1,PLA2G4B,1,0,0,
PLD4,PLA2G4B,0,0,0,
CYP4A11,PLA2G4B,0,0,0,
CYP2J2,PLA2G4B,0,0,0,
ALOX12B,PLA2G4B,0,0,0,
MAPK1,PLA2G4B,1,0,0,
TMEM86B,PLA2G4B,0,0,0,
GNA13,PLA2G4B,1,0,0,
GNA11,PLA2G4B,1,0,0,
PLAAT3,PLA2G4B,0,0,0,
CYP3A4,PLA2G4B,0,0,0,
RASGRP1,PLA2G4B,1,0,0,
PAFAH1B1,PLA2G4B,0,0,0,
ALOX15B,PLA2G4B,0,0,0,
PRKCA,PLA2G4B,0,0,0,
ALOX15,PLA2G4B,0,0,0,
CYP4F8,PLA2G4B,0,0,0,
C00575,PLA2G4B,1,0,0,
ALOX12,PLA2G4B,0,0,0,
CYP4F3,PLA2G4B,0,0,0,
TMEM189,PLA2G4B,0,0,0,
CYP2B6,PLA2G4B,0,0,0,
PRKCD,PLA2G6,1,0,0,
PLA2G6,PLA2G6,-1,0,0,
PRKCA,PLA2G6,1,0,0,
PLAAT3,PLAAT3,-1,0,0,
FADS2,PLAAT3,0,0,0,
PTDSS1,PLAAT3,0,0,0,
PTDSS2,PLAAT3,0,0,0,
CEPT1,PLAAT3,0,0,0,
PLA2G4B,PLAAT3,0,0,0,
INSR,PLAAT3,1,0,0,
PLD4,PLAAT3,0,0,0,
LPCAT3,PLAAT3,0,0,0,
SERPINE1,PLAT,-1,0,0,
PLAT,PLAT,-1,0,0,
NFKB1-RELA,PLAU,1,0,0,
PLAU,PLAU,-1,0,0,
NFKB1-RELA,PLAU,1,0,0,
PLAU,PLAUR,1,0,0,
PLAUR,PLAUR,-1,0,0,
GNAI1,PLCB1,1,0,0,
FZD10,PLCB1,0,0,0,
LPAR6,PLCB1,1,0,0,
PLCB1,PLCB1,-1,0,0,
PRKG1,PLCB1,-1,0,0,
GPRC6A,PLCB1,1,0,0,
GNB3,PLCB1,1,0,0,
GNAQ,PLCB1,1,0,0,
GNB5,PLCB1,1,0,0,
CSF1R,PLCB1,1,0,0,
GNA11,PLCB1,1,0,0,
GNAT3,PLCB1,1,0,0,
C00165,PLCB1,1,0,0,
PLCD3,PLCD3,-1,0,0,
PI4KA,PLCD3,0,0,0,
PTEN,PLCD3,0,0,0,
DGKK,PLCD3,0,0,0,
ITGB3-ITGAV,PLCD3,1,0,0,
PIP5K1C,PLCD3,0,0,0,
PIK3C2A,PLCD3,0,0,0,
INPP1,PLCD3,0,0,0,
IPMK,PLCD3,0,0,0,
INPP5F,PLCD3,0,0,0,
INPP5A,PLCD3,0,0,0,
INPP5B,PLCD3,0,0,0,
HRAS,PLCE1,1,0,0,
PLCE1,PLCE1,-1,0,0,
RAP1A,PLCE1,1,0,0,
RRAS,PLCE1,1,0,0,
RRAS2,PLCE1,1,0,0,
PIK3CA,PLCG1,1,0,0,
LCP2,PLCG1,1,0,0,
NTRK3,PLCG1,1,0,0,
NTRK1,PLCG1,1,0,0,
NTRK2,PLCG1,1,0,0,
KDR,PLCG1,1,0,0,
PLCG1,PLCG1,-1,0,0,
ICAM1,PLCG1,1,0,0,
EGFR,PLCG1,1,0,0,
EGFR-EGFR,PLCG1,1,0,0,
SH3BP2,PLCG1,0,0,0,
C05981,PLCG1,0,0,0,
C00704,PLCG1,1,0,0,
ITK,PLCG1,1,0,0,
IGH,PLCG1,1,0,0,
DCC-DCC,PLCG1,1,0,0,
LAT,PLCG1,1,0,0,
BTK,PLCG1,1,0,0,
HCST,PLCG1,1,0,0,
SYK,PLCG1,1,0,0,
PLCG2,PLCG2,-1,0,0,
BTK-BLNK,PLCG2,1,0,0,
GAB2,PLCG2,0,0,0,
BTK,PLCG2,0,0,0,
SYK,PLCG2,0,0,0,
BLNK,PLCG2,0,0,0,
GABRA1,PLCL1,0,0,0,
PLCL1,PLCL1,-1,0,0,
PLCZ1,PLCZ1,-1,0,0,
ARF6,PLD1,1,0,0,
ARF1,PLD1,1,0,0,
C04637,PLD1,1,0,0,
PRKCA,PLD1,0,0,0,
SYK,PLD1,1,0,0,
C05981,PLD1,1,0,0,
RRAS2,PLD1,1,0,0,
PLD1,PLD1,-1,0,0,
RALA,PLD1,1,0,0,
RHOA,PLD1,1,0,0,
LPCAT3,PLD4,0,0,0,
PTDSS2,PLD4,0,0,0,
PTDSS1,PLD4,0,0,0,
PLPP4,PLD4,0,0,0,
PLA2G4B,PLD4,0,0,0,
CEPT1,PLD4,0,0,0,
TMEM189,PLD4,0,0,0,
DGKK,PLD4,0,0,0,
PLAAT3,PLD4,0,0,0,
PLD4,PLD4,-1,0,0,
F12,PLG,1,0,0,
PLAT,PLG,1,0,0,
PLAU,PLG,1,0,0,
KLKB1,PLG,1,0,0,
PLG,PLG,-1,0,0,
PRKACA,PLIN1,1,0,0,
PLIN1,PLIN1,-1,0,0,
PRKG1,PLIN1,1,0,0,
PPARG-RXRA,PLIN2,1,0,0,
PLIN2,PLIN2,-1,0,0,
PLK1,PLK1,-1,0,0,
CDK1-CCNB3,PLK1,1,0,0,
SLK,PLK1,1,0,0,
FOXO6,PLK4,1,0,0,
PLK4,PLK4,-1,0,0,
PPP1CA,PLN,1,0,0,
PRKACA,PLN,1,0,0,
PRKG1,PLN,1,0,0,
THRA,PLN,1,0,0,
THRB,PLN,1,0,0,
PLN,PLN,-1,0,0,
CAMKMT,PLOD1,0,0,0,
COLGALT2,PLOD1,0,0,0,
PLOD1,PLOD1,-1,0,0,
EHMT2,PLOD1,0,0,0,
ENPP7,PLPP1,0,0,0,
SGMS2,PLPP1,0,0,0,
PLPP1,PLPP1,-1,0,0,
CERS1,PLPP1,0,0,0,
AGPAT1,PLPP1,0,0,0,
ASAH1,PLPP1,0,0,0,
SGPP2,PLPP1,0,0,0,
C00416,PLPP1,1,0,0,
UGT8,PLPP1,0,0,0,
CEPT1,PLPP1,0,0,0,
DEGS2,PLPP1,0,0,0,
PLPP4,PLPP4,-1,0,0,
CEL,PLPP4,0,0,0,
MOGAT3,PLPP4,0,0,0,
CEPT1,PLPP4,0,0,0,
PLTP,PLTP,-1,0,0,
PPARA-RXRA,PLTP,1,0,0,
RHOD,PLXNA1,0,0,0,
FYN,PLXNA1,1,0,0,
PLXNA1,PLXNA1,-1,0,0,
FES,PLXNA1,1,0,0,
FES,PLXNA1,1,0,0,
PLXNB2,PLXNB2,-1,0,0,
SEMA4F,PLXNB2,1,0,0,
SEMA7A,PLXNC1,1,0,0,
PLXNC1,PLXNC1,-1,0,0,
TP53,PMAIP1,1,0,0,
PMAIP1,PMAIP1,-1,0,0,
PMCH,PMCH,-1,0,0,
MPI,PMM1,0,0,0,
PMM1,PMM1,-1,0,0,
HK1,PMM1,0,0,0,
MVK,PMVK,0,0,0,
PMVK,PMVK,-1,0,0,
COMT,PNMT,0,0,0,
PNMT,PNMT,-1,0,0,
MAOA,PNMT,0,0,0,
PNN,PNN,-1,0,0,
SAP18,PNN,0,0,0,
PNP,PNP,-1,0,0,
BST1,PNP,0,0,0,
GDA,PNP,0,0,0,
TK1,PNP,0,0,0,
ADA,PNP,0,0,0,
ADK,PNP,0,0,0,
APRT,PNP,0,0,0,
NT5C1B-RDH14,PNP,0,0,0,
UPP2,PNP,0,0,0,
DGUOK,PNP,0,0,0,
UPRT,PNP,0,0,0,
DCK,PNP,0,0,0,
DPYD,PNP,0,0,0,
CDA,PNP,0,0,0,
NMRK2,PNP,0,0,0,
C02140,PNPLA2,1,0,0,
PNPLA2,PNPLA2,-1,0,0,
INSR,PNPLA2,-1,0,0,
DHRS9,PNPLA4,0,0,0,
RETSAT,PNPLA4,0,0,0,
PNPLA4,PNPLA4,-1,0,0,
CYP26A1,PNPLA4,0,0,0,
ADH1A,PNPLA4,0,0,0,
RDH12,PNPLA4,0,0,0,
GPCPD1,PNPLA6,0,0,0,
PNPLA6,PNPLA6,-1,0,0,
PLAAT3,PNPLA6,0,0,0,
AOX1,PNPO,0,0,0,
PHOSPHO2,PNPO,0,0,0,
PNPO,PNPO,-1,0,0,
PDXK,PNPO,0,0,0,
ST6GALNAC1,POC1B-GALNT4,0,0,0,
GCNT1,POC1B-GALNT4,0,0,0,
B3GNT6,POC1B-GALNT4,0,0,0,
POC1B-GALNT4,POC1B-GALNT4,-1,0,0,
STAT3,POMC,1,0,0,
POMC,POMC,-1,0,0,
PORCN,PORCN,-1,0,0,
POU5F1,POU5F1,-1,0,0,
NANOGP8,POU5F1,1,0,0,
PPA2,PPA2,-1,0,0,
TCIRG1,PPA2,0,0,0,
ATP12A,PPA2,0,0,0,
PRKACA,PPARA,1,0,0,
LEPR,PPARA,1,0,0,
PPARA,PPARA,-1,0,0,
ADIPOR1,PPARA,1,0,0,
C02165,PPARA,1,0,0,
PPARA-RXRA,PPARA-RXRA,-1,0,0,
LEF1,PPARD,1,0,0,
PPARD,PPARD,-1,0,0,
PPARD-RXRA,PPARD-RXRA,-1,0,0,
PPARG,PPARG,-1,0,0,
MTOR,PPARG,1,0,0,
SIRT1,PPARG,-1,0,0,
C14767,PPARG,1,0,0,
PPARG-RXRA,PPARG-RXRA,-1,0,0,
CAMK4,PPARGC1A,1,0,0,
PPARGC1A,PPARGC1A,-1,0,0,
PRKAG2,PPARGC1A,1,0,0,
SIRT1,PPARGC1A,1,0,0,
STAT3,PPARGC1A,-1,0,0,
FOXO1,PPARGC1A,0,0,0,
CREB3-CRTC2,PPARGC1A,1,0,0,
CRTC2,PPARGC1A,1,0,0,
PPARGC1A-FOXO1,PPARGC1A-FOXO1,-1,0,0,
PPARGC1A-PPARA,PPARGC1A-PPARA,-1,0,0,
PPAT,PPAT,-1,0,0,
PRPS1L1,PPAT,0,0,0,
PPBP,PPBP,-1,0,0,
PPCDC,PPCDC,-1,0,0,
ENPP1,PPCDC,0,0,0,
PANK1,PPCDC,0,0,0,
PPCS,PPCDC,0,0,0,
PPCS,PPCS,-1,0,0,
PANK1,PPCS,0,0,0,
PPIF,PPIF,-1,0,0,
PRKCE,PPIF,-1,0,0,
PPIP5K2,PPIP5K2,-1,0,0,
IP6K3,PPIP5K2,0,0,0,
PPM1A,PPM1A,-1,0,0,
PPM1B,PPM1B,-1,0,0,
TP53,PPM1D,1,0,0,
PPM1D,PPM1D,-1,0,0,
PPOX,PPOX,-1,0,0,
CPOX,PPOX,0,0,0,
UROD,PPOX,0,0,0,
PRKCE,PPP1CA,1,0,0,
PPP1CA,PPP1CA,-1,0,0,
AKT3,PPP1CA,0,0,0,
PPP1R1B,PPP1CA,-1,0,0,
PPP1R1A,PPP1CA,-1,0,0,
PPP1CA-TP53BP2,PPP1CA-TP53BP2,-1,0,0,
ROCK1,PPP1R12A,-1,0,0,
PPP1R12A,PPP1R12A,-1,0,0,
PRKG1,PPP1R12A,1,0,0,
PPP1R14A,PPP1R12A,-1,0,0,
PPP1R14A,PPP1R14A,-1,0,0,
PPP1R15A,PPP1R15A,-1,0,0,
ATF4,PPP1R15A,1,0,0,
PPP1R17,PPP1R17,-1,0,0,
PRKG1,PPP1R17,1,0,0,
PRKCA,PPP1R1A,1,0,0,
PRKACA,PPP1R1A,1,0,0,
PPP1R1A,PPP1R1A,-1,0,0,
PPP2R3B,PPP1R1A,-1,0,0,
PPP3CA,PPP1R1A,-1,0,0,
PRKACA,PPP1R1B,1,0,0,
PPP1R1B,PPP1R1B,-1,0,0,
PPP3CA,PPP1R1B,-1,0,0,
PPP2CA,PPP2CA,-1,0,0,
IGBP1,PPP2CA,1,0,0,
TGFBR2,PPP2CA,1,0,0,
PPP1R17,PPP2CA,-1,0,0,
SMG1,PPP2R3B,0,0,0,
C00195,PPP2R3B,1,0,0,
PPP2R3B,PPP2R3B,-1,0,0,
PPP2R5A-PPP2CA,PPP2R5A-PPP2CA,-1,0,0,
SGO1,PPP2R5A-PPP2CA,0,0,0,
PLCB1,PPP3CA,0,0,0,
CALML6,PPP3CA,1,0,0,
PPP3CA,PPP3CA,-1,0,0,
C00076,PPP3CA,1,0,0,
PLCG2,PPP3CA,1,0,0,
PLCG1,PPP3CA,0,0,0,
PPP4R3C,PPP4R3C,-1,0,0,
PRKACA,PPP4R3C,1,0,0,
PPP4R3C,PPP4R3C,1,0,0,
PPP5C,PPP5C,-1,0,0,
MECR,PPT1,0,0,0,
PPT1,PPT1,-1,0,0,
PRAP1,PRAP1,-1,0,0,
NGFR,PRDM4,0,0,0,
PRDM4,PRDM4,-1,0,0,
PRDX6,PRDX6,-1,0,0,
GSS,PRDX6,0,0,0,
GGT6,PRDX6,0,0,0,
CHAC2,PRDX6,0,0,0,
GSTO2,PRDX6,0,0,0,
PREB,PREB,-1,0,0,
PIK3CA,PREX1,1,0,0,
PREX1,PREX1,-1,0,0,
GNB5,PREX1,1,0,0,
DVL1,PRICKLE1,0,0,0,
PRICKLE1,PRICKLE1,-1,0,0,
CAMKK2,PRKAA1,1,0,0,
PRKAA1,PRKAA1,-1,0,0,
STK11,PRKAA1,1,0,0,
PRKACA,PRKAA1,-1,0,0,
C00020,PRKAA1,1,0,0,
STK11-STRADB,PRKAA1,1,0,0,
MAP3K7,PRKAA1,1,0,0,
C00064,PRKACA,1,0,0,
AR,PRKACA,0,0,0,
C00165,PRKACA,1,0,0,
PGR,PRKACA,0,0,0,
PRKACA,PRKACA,-1,0,0,
IGF1R,PRKACA,0,0,0,
ADCY1,PRKACA,0,0,0,
RAB13,PRKACA,-1,0,0,
RASD1,PRKACA,-1,0,0,
SMO,PRKACA,-1,0,0,
PRKCA,PRKACA,0,0,0,
C00575,PRKACA,1,0,0,
CAMKK2,PRKAG2,1,0,0,
STK11,PRKAG2,1,0,0,
ADRA1A,PRKAG2,1,0,0,
STAT3,PRKAG2,-1,0,0,
PRKACA,PRKAG2,1,0,0,
SESN3,PRKAG2,1,0,0,
PRKAG2,PRKAG2,-1,0,0,
STRADB-CAB39,PRKAG2,1,0,0,
MAP3K7,PRKAG2,1,0,0,
C07151,PRKAG2,1,0,0,
AKT3,PRKAG2,1,0,0,
ITGB1,PRKCA,0,0,0,
C00076,PRKCA,1,0,0,
PRKCA,PRKCA,-1,0,0,
PPP2CA,PRKCA,-1,0,0,
ITPR1,PRKCA,0,0,0,
C00165,PRKCA,1,0,0,
PDPK1,PRKCA,1,0,0,
PLCG1,PRKCA,1,0,0,
MAPK1,PRKCA,1,0,0,
PLA2G4B,PRKCA,0,0,0,
PLCZ1,PRKCA,0,0,0,
LYN,PRKCA,1,0,0,
SMO,PRKCA,1,0,0,
PLCB1,PRKCA,0,0,0,
PLCD3,PRKCA,0,0,0,
MTOR,PRKCA,1,0,0,
PLCE1,PRKCA,0,0,0,
C00076,PRKCB,1,0,0,
PRKCB,PRKCB,-1,0,0,
C00165,PRKCB,1,0,0,
PLCG2,PRKCB,0,0,0,
PLCB1,PRKCB,1,0,0,
PRKCD,PRKCD,-1,0,0,
C00165,PRKCD,1,0,0,
PLCG1,PRKCD,1,0,0,
PIK3CA,PRKCD,1,0,0,
C00076,PRKCE,1,0,0,
PRKCE,PRKCE,-1,0,0,
C00027,PRKCE,1,0,0,
C00165,PRKCE,1,0,0,
PLCB1,PRKCE,1,0,0,
PRKG1,PRKCE,1,0,0,
PRKCI,PRKCI,-1,0,0,
PPP2CA,PRKCI,-1,0,0,
PARD6A,PRKCI,0,0,0,
C00165,PRKCI,1,0,0,
PDPK1,PRKCI,1,0,0,
PIK3CA,PRKCI,1,0,0,
RAC1,PRKCI-PARD6A,1,0,0,
CDC42,PRKCI-PARD6A,1,0,0,
PRKCI-PARD6A,PRKCI-PARD6A,-1,0,0,
PRKCQ,PRKCQ,-1,0,0,
PLCG1,PRKCQ,0,0,0,
PRKCZ,PRKCZ,-1,0,0,
C00195,PRKCZ,1,0,0,
PIK3CA,PRKCZ,1,0,0,
PARD3,PRKCZ-PARD6A,0,0,0,
PRKCZ-PARD6A,PRKCZ-PARD6A,-1,0,0,
PDK1,PRKCZ-PARD6A,1,0,0,
PRKCA,PRKD3,0,0,0,
PRKD3,PRKD3,-1,0,0,
RAP1A,PRKD3,1,0,0,
PRKDC,PRKDC,-1,0,0,
C00942,PRKG1,1,0,0,
GUCY1A2,PRKG1,0,0,0,
PRKG1,PRKG1,-1,0,0,
PRL,PRL,-1,0,0,
PRLH,PRLH,-1,0,0,
PRLH,PRLHR,1,0,0,
PRLHR,PRLHR,-1,0,0,
STAT1,PRLR,1,0,0,
PRLR,PRLR,-1,0,0,
CISH,PRLR,-1,0,0,
PRL,PRLR,1,0,0,
PRMT1,PRMT1,-1,0,0,
SERPINF2,PROC,-1,0,0,
SERPINA1,PROC,-1,0,0,
SERPINA5,PROC,-1,0,0,
THBD,PROC,1,0,0,
PROC,PROC,-1,0,0,
A2M,PROC,-1,0,0,
PROCR,PROCR,-1,0,0,
P4HA3,PRODH2,0,0,0,
PRODH2,PRODH2,-1,0,0,
PROS1,PROS1,-1,0,0,
PGM2,PRPS1L1,0,0,0,
PRPS1L1,PRPS1L1,-1,0,0,
RICTOR,PRR5,0,0,0,
PRR5,PRR5,-1,0,0,
PRUNE1,PRUNE1,-1,0,0,
PRXL2B,PRXL2B,-1,0,0,
CBR1,PRXL2B,0,0,0,
PTGS1,PRXL2B,0,0,0,
TBXAS1,PRXL2B,0,0,0,
PTGIS,PRXL2B,0,0,0,
PTGES3,PRXL2B,0,0,0,
HPGDS,PRXL2B,0,0,0,
PHGDH,PSAT1,0,0,0,
PSAT1,PSAT1,-1,0,0,
PRKACA,PSEN1,0,0,0,
PSEN1,PSEN1,-1,0,0,
PSME3,PSME3,-1,0,0,
TNF,PSME3,1,0,0,
IFNG,PSME3,1,0,0,
CBSL,PSPH,0,0,0,
PSAT1,PSPH,0,0,0,
PSPH,PSPH,-1,0,0,
AGXT,PSPH,0,0,0,
SARS2,PSTK,0,0,0,
SEPSECS,PSTK,0,0,0,
PSTK,PSTK,-1,0,0,
MEFV,PSTPIP1,0,0,0,
PSTPIP1,PSTPIP1,-1,0,0,
C04598,PTAFR,1,0,0,
PTAFR,PTAFR,-1,0,0,
PTCH1,PTCH1,-1,0,0,
IHH,PTCH1,1,0,0,
SHH,PTCH1,1,0,0,
GLI1,PTCH1,1,0,0,
GLI3,PTCH1,1,0,0,
SMURF1,PTCH1,0,0,0,
RBPJL,PTCRA,1,0,0,
PTCRA,PTCRA,-1,0,0,
PTDSS1,PTDSS1,-1,0,0,
PTDSS2,PTDSS1,0,0,0,
PLA1A,PTDSS1,0,0,0,
LPCAT3,PTDSS1,0,0,0,
PTDSS2,PTDSS2,-1,0,0,
LPCAT3,PTDSS2,0,0,0,
TP53,PTEN,1,0,0,
PLCD3,PTEN,0,0,0,
PIK3CA,PTEN,0,0,0,
CHUK,PTEN,-1,0,0,
ROCK1,PTEN,1,0,0,
INPP5B,PTEN,0,0,0,
INPP5F,PTEN,0,0,0,
INPP5D,PTEN,0,0,0,
PIP5K1C,PTEN,0,0,0,
MAGI1,PTEN,1,0,0,
PIP4K2A,PTEN,0,0,0,
PTEN,PTEN,-1,0,0,
PTGDR,PTGDR,-1,0,0,
C00696,PTGDR,1,0,0,
C00584,PTGER1,1,0,0,
PTGER1,PTGER1,-1,0,0,
C00584,PTGER2,1,0,0,
PTGER2,PTGER2,-1,0,0,
AQP1,PTGER2,1,0,0,
C00584,PTGER3,1,0,0,
PTGER3,PTGER3,-1,0,0,
PTGES3,PTGES3,-1,0,0,
PTGIS,PTGES3,0,0,0,
PTGS1,PTGES3,0,0,0,
C00639,PTGFR,1,0,0,
PTGFR,PTGFR,-1,0,0,
C01312,PTGIR,1,0,0,
PTGIR,PTGIR,-1,0,0,
PTGS1,PTGIS,0,0,0,
PTGIS,PTGIS,-1,0,0,
CYP4F3,PTGS1,0,0,0,
ALOX12,PTGS1,0,0,0,
CYP4F8,PTGS1,0,0,0,
ALOX15,PTGS1,0,0,0,
PLA2G4B,PTGS1,0,0,0,
CYP2C19,PTGS1,0,0,0,
PTGS1,PTGS1,-1,0,0,
CYP4A11,PTGS1,0,0,0,
ALOX5,PTGS1,0,0,0,
CYP2U1,PTGS1,0,0,0,
CYP2E1,PTGS1,0,0,0,
ALOX12B,PTGS1,0,0,0,
ALOX15B,PTGS1,0,0,0,
CYP2B6,PTGS1,0,0,0,
NFKB1-RELA,PTGS2,1,0,0,
NFATC2,PTGS2,1,0,0,
NFATC1,PTGS2,1,0,0,
PTGS2,PTGS2,-1,0,0,
MAPK7,PTGS2,1,0,0,
MAPK1,PTGS2,1,0,0,
PTH,PTH,-1,0,0,
PTH,PTH1R,1,0,0,
PTH1R,PTH1R,-1,0,0,
PTH2,PTH1R,1,0,0,
PTH2,PTH2,-1,0,0,
KDR,PTK2,1,0,0,
PTK2,PTK2,-1,0,0,
PIK3CA,PTK2,1,0,0,
FGR,PTK2,1,0,0,
EGFR,PTK2,1,0,0,
RHOA,PTK2,0,0,0,
SRC,PTK2,1,0,0,
NEO1,PTK2,1,0,0,
ITGB1,PTK2,1,0,0,
NCK2,PTK2,1,0,0,
DCC-DCC,PTK2,1,0,0,
PRKCA,PTK2,0,0,0,
PTEN,PTK2,-1,0,0,
PTK2B,PTK2-CRK,1,0,0,
PTK2-CRK,PTK2-CRK,-1,0,0,
ITGB2-ITGAL,PTK2B,1,0,0,
FGR,PTK2B,1,0,0,
CXCR4,PTK2B,0,0,0,
ITGAL-ITGB2,PTK2B,0,0,0,
PRKCB,PTK2B,1,0,0,
PRKCA,PTK2B,0,0,0,
GNA12,PTK2B,1,0,0,
PTK2B,PTK2B,-1,0,0,
PTPN1,PTPN1,-1,0,0,
KIR2DL1,PTPN11,1,0,0,
UNC5D,PTPN11,0,0,0,
GRB2,PTPN11,0,0,0,
EGFR,PTPN11,1,0,0,
PTPN11,PTPN11,-1,0,0,
JAK2,PTPN11,1,0,0,
JAK1,PTPN11,1,0,0,
KLRD1-KLRC1,PTPN11,1,0,0,
KIR3DL3,PTPN11,1,0,0,
PTPN11-GRB2,PTPN11-GRB2,-1,0,0,
NFKB1,PTPN13,1,0,0,
PTPN13,PTPN13,-1,0,0,
PTPN2,PTPN2,-1,0,0,
KIR2DL1,PTPN6,1,0,0,
PTPN6,PTPN6,-1,0,0,
KIR3DL3,PTPN6,1,0,0,
KLRD1-KLRC1,PTPN6,1,0,0,
PTPRB,PTPRB,-1,0,0,
PTPRC,PTPRC,-1,0,0,
LRRC4B,PTPRF,1,0,0,
PTPRF,PTPRF,-1,0,0,
PTPRJ,PTPRJ,-1,0,0,
PTPRM,PTPRM,-1,0,0,
GCH1,PTS,0,0,0,
PTS,PTS,-1,0,0,
ALPI,PTS,0,0,0,
CDC20-ANAPC10,PTTG2,-1,0,0,
PTTG2,PTTG2,-1,0,0,
ANAPC10-CDC20,PTTG2,-1,0,0,
PVR,PVR,-1,0,0,
PRKCA,PXN,0,0,0,
ILK,PXN,0,0,0,
KDR,PXN,1,0,0,
PTK2,PXN,1,0,0,
RHOA,PXN,0,0,0,
PXN,PXN,-1,0,0,
CRK,PXN,1,0,0,
PTK2B,PXN,0,0,0,
GIT1,PXN,-1,0,0,
NLRC4,PYCARD,0,0,0,
MEFV,PYCARD,0,0,0,
PYDC1,PYCARD,-1,0,0,
PYDC2,PYCARD,-1,0,0,
NLRP1,PYCARD,0,0,0,
NLRP7,PYCARD,0,0,0,
NLRP6,PYCARD,0,0,0,
NLRP3,PYCARD,0,0,0,
NLRP12,PYCARD,0,0,0,
PYCARD,PYCARD,-1,0,0,
AIM2,PYCARD,0,0,0,
IFI16,PYCARD,0,0,0,
ALDH4A1,PYCR2,0,0,0,
P4HA3,PYCR2,0,0,0,
PYCR2,PYCR2,-1,0,0,
PYDC1,PYDC1,-1,0,0,
PYDC2,PYDC2,-1,0,0,
PYDC5,PYDC5,-1,0,0,
CALML6,PYGB,1,0,0,
PHKA1-CALML6,PYGB,1,0,0,
PYGB,PYGB,-1,0,0,
PYM1,PYM1,-1,0,0,
QARS1,QARS1,-1,0,0,
GATC,QARS1,0,0,0,
SPR,QDPR,0,0,0,
AKR1B1,QDPR,0,0,0,
QDPR,QDPR,-1,0,0,
DHFR,QDPR,0,0,0,
NUDT12,QPRT,0,0,0,
NT5C1B-RDH14,QPRT,0,0,0,
QPRT,QPRT,-1,0,0,
TBC1D1,RAB10,-1,0,0,
RAB10,RAB10,-1,0,0,
RAB11FIP2,RAB11A,0,0,0,
RAB11A,RAB11A,-1,0,0,
TRPV5,RAB11A,0,0,0,
RAB11FIP2,RAB11FIP2,-1,0,0,
EHD1,RAB11FIP2,0,0,0,
MICALL2,RAB13,0,0,0,
RAB13,RAB13,-1,0,0,
RAB1A,RAB1A,-1,0,0,
RAB33B,RAB33B,-1,0,0,
RAB39B,RAB39B,-1,0,0,
C9orf72-WDR41,RAB39B,1,0,0,
RAB3A,RAB3A,-1,0,0,
RIMS2-PCLO,RAB3A,1,0,0,
RBSN,RAB4A,0,0,0,
RAB4A,RAB4A,-1,0,0,
RAB5A,RAB5A,-1,0,0,
RIN1,RAB5A,1,0,0,
MICALL2,RAB8A,0,0,0,
RAB8A,RAB8A,-1,0,0,
VAV3-TIAM1,RAC1,1,0,0,
CDC42,RAC1,0,0,0,
NGFR,RAC1,1,0,0,
NGEF,RAC1,-1,0,0,
VAV3,RAC1,1,0,0,
TLR2,RAC1,1,0,0,
PTK2B,RAC1,1,0,0,
NCK2-PAK4,RAC1,1,0,0,
RALBP1,RAC1,1,0,0,
ARF6,RAC1,1,0,0,
TIAM1,RAC1,1,0,0,
ARHGEF7,RAC1,1,0,0,
ARHGEF6,RAC1,1,0,0,
PLXNA1,RAC1,1,0,0,
DOCK2-ELMO1,RAC1,1,0,0,
DOCK1,RAC1,1,0,0,
RAC1,RAC1,-1,0,0,
PREX1,RAC1,1,0,0,
CTNND1,RAC1,1,0,0,
PIK3CA,RAC1,0,0,0,
RALGDS,RAC1,1,0,0,
ARHGAP17,RAC1,-1,0,0,
TRAF2,RAC1,1,0,0,
DAPP1,RAC1,1,0,0,
PLXNB2,RAC1,-1,0,0,
FYN,RAC1,1,0,0,
SPATA13,RAC1,1,0,0,
DVL1,RAC1,0,0,0,
RHOA,RAC1,-1,0,0,
SRC,RAC1,0,0,0,
VAV3,RAC2,1,0,0,
RAC2,RAC2,-1,0,0,
BRCA2,RAD51,1,0,0,
RAD51,RAD51,-1,0,0,
PALB2-BRCA2,RAD51C,1,0,0,
RAD51C,RAD51C,-1,0,0,
NUP98,RAE1,0,0,0,
RAE1,RAE1,-1,0,0,
RAET1E,RAET1E,-1,0,0,
PAK4,RAF1,0,0,0,
AKT3,RAF1,-1,0,0,
PRKCD,RAF1,1,0,0,
PRKCA,RAF1,1,0,0,
RRAS,RAF1,1,0,0,
SHOC2,RAF1,0,0,0,
C00416,RAF1,1,0,0,
RAF1,RAF1,-1,0,0,
HRAS,RAF1,1,0,0,
PRKG1,RAF1,1,0,0,
RRAS2,RAF1,1,0,0,
RAP1A,RAF1,1,0,0,
PRKACA,RAF1,-1,0,0,
RHOA,RAF1,1,0,0,
FOXO6,RAG1,1,0,0,
RAG1,RAG1,-1,0,0,
RAG1,RAG1,1,0,0,
RALA,RALA,-1,0,0,
RALGDS,RALA,1,0,0,
RGL1,RALA,1,0,0,
RGL2,RALA,1,0,0,
RRAS2,RALBP1,1,0,0,
RALBP1,RALBP1,-1,0,0,
RRAS,RALBP1,1,0,0,
RALA,RALBP1,1,0,0,
HRAS,RALGDS,1,0,0,
RRAS2,RALGDS,1,0,0,
RRAS,RALGDS,1,0,0,
RAP1A,RALGDS,-1,0,0,
RALGDS,RALGDS,-1,0,0,
RAN,RAN,-1,0,0,
UBE2I,RANBP2,0,0,0,
RANBP2,RANBP2,-1,0,0,
SUMO4,RANBP2,0,0,0,
RANBP2,RANGAP1,0,0,0,
RANGAP1,RANGAP1,-1,0,0,
SIPA1,RAP1A,1,0,0,
PRKD3,RAP1A,1,0,0,
PRKCI,RAP1A,1,0,0,
RAPGEF5,RAP1A,1,0,0,
RAPGEF3,RAP1A,1,0,0,
RAPGEF1,RAP1A,1,0,0,
RAPGEF6,RAP1A,1,0,0,
DOCK4,RAP1A,1,0,0,
LCP2-SKAP1,RAP1A,1,0,0,
AFDN,RAP1A,0,0,0,
RAP1A,RAP1A,-1,0,0,
C00035,RAP1A,0,0,0,
SIPA1L1,RAP1A,1,0,0,
SIPA1L2,RAP1A,1,0,0,
C00044,RAP1A,0,0,0,
RASGRP3,RAP1A,1,0,0,
RASGRP2,RAP1A,1,0,0,
RASGRP1,RAP1A,1,0,0,
RAP1GAP,RAP1A,1,0,0,
PRKACA,RAP1A,1,0,0,
RASGRP2,RAP1A,1,0,0,
RAP1A-RASSF5,RAP1A-RASSF5,-1,0,0,
RAPGEF3,RAP1A-RASSF5,1,0,0,
RAP1GAP,RAP1GAP,-1,0,0,
RAPGEF2,RAP2C,1,0,0,
RAP2C,RAP2C,-1,0,0,
RAPGEF1,RAPGEF1,-1,0,0,
CDH1,RAPGEF1,1,0,0,
CRK,RAPGEF1,0,0,0,
C00575,RAPGEF2,1,0,0,
RAPGEF2,RAPGEF2,-1,0,0,
TJP1,RAPGEF2,0,0,0,
C00575,RAPGEF3,1,0,0,
RAPGEF3,RAPGEF3,-1,0,0,
ADCY1,RAPGEF3,0,0,0,
GNAI1,RAPGEF3,1,0,0,
C00575,RAPGEF4,1,0,0,
RAPGEF4,RAPGEF4,-1,0,0,
RAPGEF5,RAPGEF5,-1,0,0,
MRAS,RAPGEF5,-1,0,0,
RRAS2,RAPGEF5,-1,0,0,
F11R-F11R,RAPGEF6,0,0,0,
MAGI3,RAPGEF6,1,0,0,
RAPGEF6,RAPGEF6,-1,0,0,
RARA,RARA,-1,0,0,
NCOA2-ESR1,RARA,1,0,0,
EFNA1,RASA1,1,0,0,
RASA1,RASA1,-1,0,0,
EPHB1,RASA1,1,0,0,
EPHA2,RASA1,1,0,0,
GNA12,RASA2,1,0,0,
RASA2,RASA2,-1,0,0,
RASA4B,RASA4B,-1,0,0,
NOS1AP,RASD1,0,0,0,
RASD1,RASD1,-1,0,0,
NOS1,RASD1,0,0,0,
PRKACA,RASGRF1,1,0,0,
PTK2,RASGRF1,0,0,0,
CALML6,RASGRF1,1,0,0,
GNB5,RASGRF1,1,0,0,
RASGRF1,RASGRF1,-1,0,0,
CACNG3,RASGRF1,0,0,0,
C00076,RASGRP1,1,0,0,
SOS1,RASGRP1,1,0,0,
C00165,RASGRP1,1,0,0,
CACNG3,RASGRP1,0,0,0,
PLCG1,RASGRP1,0,0,0,
RASGRP1,RASGRP1,-1,0,0,
C05981,RASGRP1,1,0,0,
C00076,RASGRP2,1,0,0,
C00165,RASGRP2,1,0,0,
RASGRP2,RASGRP2,-1,0,0,
SOS1,RASGRP3,1,0,0,
C00165,RASGRP3,1,0,0,
PLCG2,RASGRP3,0,0,0,
RASGRP3,RASGRP3,-1,0,0,
RASSF1,RASSF1,-1,0,0,
RRAS2,RASSF1,1,0,0,
RASSF1,RASSF5,0,0,0,
RASSF5,RASSF5,-1,0,0,
RAP1A,RASSF5,1,0,0,
HRAS,RASSF5,1,0,0,
RRAS2,RASSF5,1,0,0,
RRAS,RASSF5,1,0,0,
MRAS,RASSF5,1,0,0,
RASSF6,RASSF6,-1,0,0,
RB1,RB1,-1,0,0,
CDK2-CCNE1,RB1,-1,0,0,
HDAC1,RB1,0,0,0,
CDK1-CCNA2,RB1,1,0,0,
CDK4-CCND1,RB1,-1,0,0,
CDK2-CCNA2,RB1,-1,0,0,
ABL1,RB1,0,0,0,
MDM2,RB1,-1,0,0,
C9orf72,RB1CC1,0,0,0,
ULK1,RB1CC1,1,0,0,
ATG13,RB1CC1,0,0,0,
RB1CC1,RB1CC1,-1,0,0,
RBCK1,RBCK1,-1,0,0,
PGM2,RBKS,0,0,0,
PRPS1L1,RBKS,0,0,0,
RBKS,RBKS,-1,0,0,
CDK4-CCND1,RBL1,-1,0,0,
RBL1,RBL1,-1,0,0,
RBL1-E2F4,RBL1-E2F4,-1,0,0,
FOXO3,RBL2,1,0,0,
FOXO6,RBL2,1,0,0,
RBL2,RBL2,-1,0,0,
RBM8A,RBM8A,-1,0,0,
PYM1,RBM8A,0,0,0,
RBP2,RBP2,-1,0,0,
C00473,RBP2,0,0,0,
NOTCH1,RBPJL,1,0,0,
HDAC1-CTBP1,RBPJL,-1,0,0,
CREBBP-MAML3,RBPJL,1,0,0,
RBPJL,RBPJL,-1,0,0,
ATXN1L,RBPJL,-1,0,0,
HDAC1-CIR1,RBPJL,-1,0,0,
HDAC1,RBPJL,-1,0,0,
RBSN,RBSN,-1,0,0,
EHD3,RBSN,0,0,0,
VPS45,RBSN,0,0,0,
RBX1,RBX1,-1,0,0,
CUL1,RBX1,0,0,0,
THRB,RCAN1,1,0,0,
RCAN1,RCAN1,-1,0,0,
NFATC1,RCAN1,1,0,0,
PIK3CA,RCAN2,1,0,0,
RCAN2,RCAN2,-1,0,0,
RCE1,RCE1,-1,0,0,
ICMT,RCE1,0,0,0,
RCHY1,RCHY1,-1,0,0,
TP53,RCHY1,1,0,0,
RCVRN,RCVRN,-1,0,0,
LRAT,RDH10,0,0,0,
RPE65,RDH10,0,0,0,
AWAT2,RDH10,0,0,0,
RDH10,RDH10,-1,0,0,
CYP26A1,RDH12,0,0,0,
RETSAT,RDH12,0,0,0,
BCO1,RDH12,0,0,0,
RDH12,RDH12,-1,0,0,
PPP2R5A-PPP2CA,REC8,1,0,0,
ESPL1,REC8,-1,0,0,
REC8,REC8,-1,0,0,
TBK1,REL,1,0,0,
REL,REL,-1,0,0,
RELB-NFKB2,RELB-NFKB2,-1,0,0,
RELN,RELN,-1,0,0,
REN,REN,-1,0,0,
CREB1,REN,1,0,0,
RENBP,RENBP,-1,0,0,
NAGK,RENBP,0,0,0,
HEXA,RENBP,0,0,0,
CHIT1,RENBP,0,0,0,
RETSAT,RETSAT,-1,0,0,
SDR16C5,RETSAT,0,0,0,
BLVRB,RFK,0,0,0,
RFK,RFK,-1,0,0,
RFX5,RFX5,-1,0,0,
CIITA,RFX5,1,0,0,
RRAS2,RGL1,1,0,0,
RGL1,RGL1,-1,0,0,
RRAS2,RGL2,1,0,0,
RGL2,RGL2,-1,0,0,
RGMA,RGMA,-1,0,0,
RGMB,RGMB,-1,0,0,
IDNK,RGN,0,0,0,
RGN,RGN,-1,0,0,
RAP1A,RGS14,1,0,0,
RGS14,RGS14,-1,0,0,
NFATC1,RGS2,1,0,0,
PRKG1,RGS2,1,0,0,
RGS2,RGS2,-1,0,0,
EFNB1,RGS3,0,0,0,
RGS3,RGS3,-1,0,0,
RGS9,RGS9,-1,0,0,
TSC2-TSC1,RHEB,-1,0,0,
TSC1-TSC2,RHEB,-1,0,0,
TSC1-107080638,RHEB,-1,0,0,
TSC2,RHEB,-1,0,0,
TSC1,RHEB,-1,0,0,
RHEB,RHEB,-1,0,0,
BNIP3,RHEB,-1,0,0,
RHO,RHO,-1,0,0,
C00376,RHO,0,0,0,
GRK7,RHO,-1,0,0,
SAG,RHO,-1,0,0,
ICAM1,RHOA,0,0,0,
ARHGAP35,RHOA,-1,0,0,
FYN,RHOA,-1,0,0,
C05981,RHOA,1,0,0,
ARHGEF2,RHOA,1,0,0,
PTK2,RHOA,1,0,0,
RHOA,RHOA,-1,0,0,
MTOR,RHOA,1,0,0,
RAP2C,RHOA,-1,0,0,
GNA13,RHOA,1,0,0,
RAP1A,RHOA,-1,0,0,
TGFBR2,RHOA,1,0,0,
VAV3,RHOA,1,0,0,
NGEF,RHOA,1,0,0,
ARAP3,RHOA,-1,0,0,
ARHGEF12,RHOA,1,0,0,
ARHGEF18,RHOA,1,0,0,
PRKACA,RHOA,-1,0,0,
NGFR,RHOA,-1,0,0,
ARHGDIA,RHOA,1,0,0,
RASGRF1,RHOA,1,0,0,
RND1,RHOA,1,0,0,
PTK2B,RHOA,1,0,0,
RRAS,RHOA,1,0,0,
OXTR,RHOA,1,0,0,
RAC1,RHOA,1,0,0,
CTNND1,RHOA,-1,0,0,
RHOD,RHOD,-1,0,0,
RHOQ,RHOQ,-1,0,0,
CRK,RHOQ,1,0,0,
TRIP10,RHOQ,0,0,0,
RAPGEF1,RHOQ,1,0,0,
EXOC7,RHOQ,0,0,0,
MTOR,RICTOR,0,0,0,
RICTOR,RICTOR,-1,0,0,
RIMKLA,RIMKLA,-1,0,0,
FOLH1,RIMKLA,0,0,0,
NAT8L,RIMKLA,0,0,0,
RAB3A,RIMS1,0,0,0,
RIMS1,RIMS1,-1,0,0,
RIMS2-PCLO,RIMS2-PCLO,-1,0,0,
RAPGEF4,RIMS2-PCLO,1,0,0,
HRAS,RIN1,1,0,0,
RIN1,RIN1,-1,0,0,
RRAS2,RIN1,1,0,0,
RIPK1,RIPK1,-1,0,0,
ZBP1,RIPK1,0,0,0,
BIRC2,RIPK1,1,0,0,
RIPK1-TRAF6,RIPK1-TRAF6,-1,0,0,
TICAM2-TICAM1,RIPK1-TRAF6,1,0,0,
NOD1,RIPK2,1,0,0,
NOD2,RIPK2,1,0,0,
RIPK2,RIPK2,-1,0,0,
CARD9,RIPK2,1,0,0,
CARD6,RIPK2,1,0,0,
RBCK1,RIPK2,1,0,0,
TRIP6,RIPK2,1,0,0,
TNFAIP3,RIPK2,1,0,0,
NGFR,RIPK2,0,0,0,
XIAP,RIPK2,1,0,0,
TRAF2,RIPK2,1,0,0,
BIRC2,RIPK2,1,0,0,
RIPK1,RIPK3,0,0,0,
RIPK3,RIPK3,-1,0,0,
ZBP1,RIPK3,0,0,0,
RNASEL,RNASEL,-1,0,0,
PLXNA1,RND1,0,0,0,
PLXNB2,RND1,0,0,0,
RHOD,RND1,-1,0,0,
RND1,RND1,-1,0,0,
RNF125,RNF125,-1,0,0,
RNF152,RNF152,-1,0,0,
RNF41,RNF41,-1,0,0,
RSPO1,RNF43,-1,0,0,
RNF43,RNF43,-1,0,0,
RNPS1,RNPS1,-1,0,0,
SAP18,RNPS1,0,0,0,
SLIT1,ROBO1,1,0,0,
SLIT2,ROBO1,1,0,0,
ABL1,ROBO1,1,0,0,
ROBO1,ROBO1,-1,0,0,
ROBO3,ROBO1,-1,0,0,
SLIT1,ROBO2,1,0,0,
SLIT2,ROBO2,1,0,0,
ABL1,ROBO2,1,0,0,
ROBO2,ROBO2,-1,0,0,
ROBO3,ROBO3,-1,0,0,
MAPK1,ROCK1,-1,0,0,
RHOA,ROCK1,1,0,0,
ROCK1,ROCK1,-1,0,0,
RHOA,ROCK2,1,0,0,
ROCK2,ROCK2,-1,0,0,
FZD10,ROR1,0,0,0,
ROR1,ROR1,-1,0,0,
ARNTL-NPAS2,RORA,1,0,0,
RORA,RORA,-1,0,0,
RPA4,RPA4,-1,0,0,
BLM-RMI1,RPA4,0,0,0,
RPIA,RPE,0,0,0,
TKT,RPE,0,0,0,
RPE,RPE,-1,0,0,
PNPLA4,RPE65,0,0,0,
AWAT2,RPE65,0,0,0,
RPE65,RPE65,-1,0,0,
LRAT,RPE65,0,0,0,
PGM2,RPIA,0,0,0,
PRPS1L1,RPIA,0,0,0,
TKT,RPIA,0,0,0,
RBKS,RPIA,0,0,0,
RPIA,RPIA,-1,0,0,
TP53,RPRM,1,0,0,
RPRM,RPRM,-1,0,0,
RPS6,RPS6,-1,0,0,
RPS6KB1,RPS6,1,0,0,
MAPK1,RPS6KA4,0,0,0,
MAPK14,RPS6KA4,0,0,0,
RPS6KA4,RPS6KA4,-1,0,0,
PRKACA,RPS6KA5,1,0,0,
MAPK1,RPS6KA5,1,0,0,
RPS6KA5,RPS6KA5,-1,0,0,
MAPK7,RPS6KA6,1,0,0,
MAPK1,RPS6KA6,1,0,0,
RPS6KA6,RPS6KA6,-1,0,0,
RPTOR-DEPTOR,RPS6KB1,1,0,0,
AKT3,RPS6KB1,1,0,0,
PPP2CA,RPS6KB1,1,0,0,
PDPK1,RPS6KB1,1,0,0,
MTOR,RPS6KB1,1,0,0,
RPS6KB1,RPS6KB1,-1,0,0,
AKT1S1,RPTOR,-1,0,0,
RPTOR,RPTOR,-1,0,0,
PRKAA1,RPTOR,-1,0,0,
MTOR,RPTOR,0,0,0,
RRAGB-RRAGD,RPTOR-DEPTOR,1,0,0,
RPTOR-DEPTOR,RPTOR-DEPTOR,-1,0,0,
RHEB,RPTOR-DEPTOR,1,0,0,
RPTOR-MTOR,RPTOR-MTOR,-1,0,0,
RHEB,RPTOR-MTOR,1,0,0,
RRAGB,RRAGB,-1,0,0,
NPRL2,RRAGB,-1,0,0,
RNF152,RRAGB,-1,0,0,
SKP2,RRAGB,-1,0,0,
LAMTOR5,RRAGB-RRAGD,1,0,0,
RRAGB-RRAGD,RRAGB-RRAGD,-1,0,0,
FLCN-FNIP2,RRAGB-RRAGD,1,0,0,
RRAGB,RRAGD,0,0,0,
RRAGD,RRAGD,-1,0,0,
RASGRF1,RRAS,1,0,0,
RRAS,RRAS,-1,0,0,
PLXNB2,RRAS,-1,0,0,
C00044,RRAS2,0,0,0,
SHOC2,RRAS2,0,0,0,
RASGRF1,RRAS2,1,0,0,
RASA2,RRAS2,-1,0,0,
RASA1,RRAS2,-1,0,0,
NF1,RRAS2,1,0,0,
RRAS2,RRAS2,-1,0,0,
SOS1,RRAS2,1,0,0,
RAPGEF2,RRAS2,1,0,0,
RAPGEF3,RRAS2,1,0,0,
C00035,RRAS2,0,0,0,
RASA4B,RRAS2,1,0,0,
PRKCA,RRAS2,0,0,0,
RASGRP1,RRAS2,1,0,0,
IGF1R-INS,RRAS2,1,0,0,
CMPK1,RRM2B,0,0,0,
CMPK2,RRM2B,0,0,0,
GUK1,RRM2B,0,0,0,
HDDC3,RRM2B,0,0,0,
TP53,RRM2B,1,0,0,
ENTPD8,RRM2B,0,0,0,
AK3,RRM2B,0,0,0,
AK6,RRM2B,0,0,0,
CANT1,RRM2B,0,0,0,
NME6,RRM2B,0,0,0,
DTYMK,RRM2B,0,0,0,
RRM2B,RRM2B,-1,0,0,
RSPO1,RSPO1,-1,0,0,
UVRAG,RUBCN,1,0,0,
RUBCN,RUBCN,-1,0,0,
RUFY1,RUFY1,-1,0,0,
RAB4A,RUFY1,0,0,0,
RUNX1,RUNX1,-1,0,0,
CDK4-SYMPK,RUNX1,-1,0,0,
RUVBL1,RUVBL1,-1,0,0,
RXFP2,RXFP2,-1,0,0,
INSL5,RXFP2,1,0,0,
NR1H4,RXRA,0,0,0,
NR4A1,RXRA,-1,0,0,
C15493,RXRA,1,0,0,
RXRA,RXRA,-1,0,0,
FZD10,RYK,0,0,0,
WNT5A,RYK,1,0,0,
RYK,RYK,-1,0,0,
C13050,RYR1,1,0,0,
RYR1,RYR1,-1,0,0,
CD38,RYR1,0,0,0,
C13050,RYR2,1,0,0,
PPP2R3B,RYR2,-1,0,0,
CAMK2A,RYR2,1,0,0,
RYR2,RYR2,-1,0,0,
PRKACA,RYR2,1,0,0,
RAPGEF4,RYR2,1,0,0,
PPP1CA,RYR2,-1,0,0,
C00076,RYR2,1,0,0,
C13050,RYR3,1,0,0,
RYR3,RYR3,-1,0,0,
VDR,S100G,1,0,0,
C00076,S100G,0,0,0,
S100G,S100G,-1,0,0,
FOXO6,S1PR1,1,0,0,
C06124,S1PR1,1,0,0,
S1PR1,S1PR1,-1,0,0,
C06124,S1PR2,1,0,0,
S1PR2,S1PR2,-1,0,0,
C06124,S1PR3,1,0,0,
S1PR3,S1PR3,-1,0,0,
C06124,S1PR4,1,0,0,
S1PR4,S1PR4,-1,0,0,
C06124,S1PR5,1,0,0,
S1PR5,S1PR5,-1,0,0,
SAG,SAG,-1,0,0,
SAP18,SAP18,-1,0,0,
PREB,SAR1B,1,0,0,
SEC31A,SAR1B,0,0,0,
SAR1B,SAR1B,-1,0,0,
GATM,SARDH,0,0,0,
SHMT1,SARDH,0,0,0,
DMGDH,SARDH,0,0,0,
AGXT,SARDH,0,0,0,
SARDH,SARDH,-1,0,0,
SARS2,SARS2,-1,0,0,
AOC1,SAT2,0,0,0,
ODC1,SAT2,0,0,0,
SAT2,SAT2,-1,0,0,
SRM,SAT2,0,0,0,
WTIP,SAV1,-1,0,0,
SAV1,SAV1,-1,0,0,
EIF6,SBDS,0,0,0,
SBDS,SBDS,-1,0,0,
SC5D,SC5D,-1,0,0,
DHCR7,SC5D,0,0,0,
SCD,SCD,-1,0,0,
PPARG-RXRA,SCD,1,0,0,
SREBF1,SCD,1,0,0,
PPARA-RXRA,SCD,1,0,0,
SEPHS2,SCLY,0,0,0,
TXNRD2,SCLY,0,0,0,
SCLY,SCLY,-1,0,0,
PRKACA,SCN1A,-1,0,0,
SCN1A,SCN1A,-1,0,0,
GNB5,SCN1A,-1,0,0,
PRKACA,SCN1B,1,0,0,
SCN1B,SCN1B,-1,0,0,
CAMK2A,SCN1B,1,0,0,
SCN2A,SCN2A,-1,0,0,
NEDD4L,SCNN1A,0,0,0,
SCNN1A,SCNN1A,-1,0,0,
NR3C2,SCNN1A,1,0,0,
SCP2,SCP2,-1,0,0,
PPARA-RXRA,SCP2,1,0,0,
ACOT8,SCP2,0,0,0,
HSD17B4,SCP2,0,0,0,
SCRIB,SCRIB,-1,0,0,
LLGL2,SCRIB,0,0,0,
SCT,SCT,-1,0,0,
SCT,SCTR,1,0,0,
SCTR,SCTR,-1,0,0,
FN1,SDC1,1,0,0,
COMP,SDC1,1,0,0,
SDC1,SDC1,-1,0,0,
TNC,SDC1,1,0,0,
COL1A1,SDC1,1,0,0,
FH,SDHA,0,0,0,
SDHA,SDHA,-1,0,0,
LRAT,SDR16C5,0,0,0,
CYP26A1,SDR16C5,0,0,0,
SDR16C5,SDR16C5,-1,0,0,
PNPLA4,SDR16C5,0,0,0,
AWAT2,SDR16C5,0,0,0,
SDS,SDS,-1,0,0,
PSPH,SDS,0,0,0,
SHMT1,SDS,0,0,0,
AGXT,SDS,0,0,0,
CBSL,SDS,0,0,0,
SEC13,SEC13,-1,0,0,
SEC22B,SEC22B,-1,0,0,
SEC22B-GOSR2,SEC22B-GOSR2,-1,0,0,
BET1,SEC22B-GOSR2,1,0,0,
SEC31A,SEC24B,0,0,0,
SEC24B,SEC24B,-1,0,0,
SEC31A,SEC31A,-1,0,0,
SEH1L,SEH1L,-1,0,0,
SELPLG,SELE,1,0,0,
SELE,SELE,-1,0,0,
SELENBP1,SELENBP1,-1,0,0,
CD34,SELL,0,0,0,
SELL,SELL,-1,0,0,
SELPLG,SELP,1,0,0,
SELP,SELP,-1,0,0,
SELPLG,SELPLG,-1,0,0,
SELP,SELPLG,0,0,0,
SEMA3A,SEMA3A,-1,0,0,
SEMA4F,SEMA4F,-1,0,0,
SEMA7A,SEMA7A,-1,0,0,
NUP153,SENP2,0,0,0,
SENP2,SENP2,-1,0,0,
SEPHS2,SEPHS2,-1,0,0,
SEPSECS,SEPHS2,0,0,0,
TXNRD2,SEPHS2,0,0,0,
SEPSECS,SEPSECS,-1,0,0,
PSTK,SEPSECS,0,0,0,
SEPTIN4,SEPTIN4,-1,0,0,
SERPINA1,SERPINA1,-1,0,0,
SERPINA5,SERPINA5,-1,0,0,
TP53,SERPINB5,1,0,0,
SERPINB5,SERPINB5,-1,0,0,
SERPINC1,SERPINC1,-1,0,0,
SERPIND1,SERPIND1,-1,0,0,
SERPINE1,SERPINE1,-1,0,0,
TP53,SERPINE1,1,0,0,
ARNT-CREBBP,SERPINE1,1,0,0,
PROC,SERPINE1,-1,0,0,
SMAD4-YAP1,SERPINE1,1,0,0,
SERPINF1,SERPINF1,-1,0,0,
SERPINF2,SERPINF2,-1,0,0,
SERPING1,SERPING1,-1,0,0,
C00123,SESN2,-1,0,0,
SESN2,SESN2,-1,0,0,
TP53,SESN3,1,0,0,
SESN3,SESN3,-1,0,0,
SETD7,SETD7,-1,0,0,
SFN,SFN,-1,0,0,
TP53,SFN,1,0,0,
SFRP1,SFRP1,-1,0,0,
MTOR,SGK1,1,0,0,
NR3C2,SGK1,1,0,0,
SGK1,SGK1,-1,0,0,
PDPK1,SGK1,1,0,0,
SGMS2,SGMS2,-1,0,0,
CERS1,SGMS2,0,0,0,
ACER1,SGMS2,0,0,0,
BUB1,SGO1,0,0,0,
SGO1,SGO1,-1,0,0,
SGPL1,SGPL1,-1,0,0,
PLPP1,SGPL1,0,0,0,
SPHK2,SGPL1,0,0,0,
SGPP2,SGPL1,0,0,0,
SGMS2,SGPP2,0,0,0,
CERS6,SGPP2,0,0,0,
SGPP2,SGPP2,-1,0,0,
IDUA,SGSH,0,0,0,
SGSH,SGSH,-1,0,0,
INSR,SH2B2,1,0,0,
SH2B2,SH2B2,-1,0,0,
NTRK3,SH2B2,1,0,0,
NTRK1,SH2B2,1,0,0,
NTRK2,SH2B2,1,0,0,
SH2B3,SH2B3,-1,0,0,
NTRK3,SH2B3,1,0,0,
NTRK1,SH2B3,1,0,0,
NTRK2,SH2B3,1,0,0,
CD244,SH2D1A,1,0,0,
SH2D1A,SH2D1A,-1,0,0,
CD244,SH2D1B,1,0,0,
SH2D1B,SH2D1B,-1,0,0,
PLCG1,SH2D2A,0,0,0,
KDR,SH2D2A,1,0,0,
SH2D2A,SH2D2A,-1,0,0,
SH3BP2,SH3BP2,-1,0,0,
SH3GLB1,SH3GLB1,-1,0,0,
SH3KBP1-SH3GLB1,SH3KBP1-SH3GLB1,-1,0,0,
DLGAP1,SHANK2,0,0,0,
SHANK2,SHANK2,-1,0,0,
ERBB2-ERBB2,SHC2,1,0,0,
ERBB3-ERBB2,SHC2,1,0,0,
EGFR,SHC2,1,0,0,
JAK2,SHC2,1,0,0,
CSF1R,SHC2,1,0,0,
PTPRF,SHC2,0,0,0,
SYK,SHC2,1,0,0,
SHC2,SHC2,-1,0,0,
KDR,SHC2,1,0,0,
NTRK3,SHC2,1,0,0,
PTK2,SHC2,1,0,0,
INSR,SHC2,1,0,0,
ERBB4-ERBB4,SHC2,1,0,0,
ERBB4-ERBB2,SHC2,1,0,0,
ZAP70,SHC2,1,0,0,
FGR,SHC2,1,0,0,
NTRK1,SHC2,1,0,0,
NTRK2,SHC2,1,0,0,
FYN,SHC2,1,0,0,
SHH,SHH,-1,0,0,
SHISA5,SHISA5,-1,0,0,
TP53,SHISA5,1,0,0,
ATIC,SHMT1,0,0,0,
AGXT,SHMT1,0,0,0,
DLD,SHMT1,0,0,0,
TYMS,SHMT1,0,0,0,
PSPH,SHMT1,0,0,0,
DHFR,SHMT1,0,0,0,
GART,SHMT1,0,0,0,
FTCD,SHMT1,0,0,0,
MTHFD1L,SHMT1,0,0,0,
MTHFD2,SHMT1,0,0,0,
SHMT1,SHMT1,-1,0,0,
CBSL,SHMT1,0,0,0,
GART,SHMT1,1,0,0,
SHOC2,SHOC2,-1,0,0,
GBA3,SI,0,0,0,
SI,SI,-1,0,0,
GAA,SI,0,0,0,
AMY1A,SI,0,0,0,
MGAM,SI,0,0,0,
GLA,SI,0,0,0,
SIAH1,SIAH1,-1,0,0,
TP53,SIAH1,0,0,0,
SIGLEC1,SIGLEC1,-1,0,0,
SPN,SIGLEC1,0,0,0,
CREB3-CRTC2,SIK1B,1,0,0,
SIK1B,SIK1B,-1,0,0,
SIK2,SIK2,-1,0,0,
PRKACA,SIK2,-1,0,0,
SIKE1,SIKE1,-1,0,0,
AFDN,SIPA1,-1,0,0,
SIPA1,SIPA1,-1,0,0,
RAP1A,SIPA1,-1,0,0,
SIPA1L1,SIPA1L1,-1,0,0,
SIPA1L2,SIPA1L2,-1,0,0,
SIRPB1-TYROBP,SIRPB1-TYROBP,-1,0,0,
HDAC1,SIRT1,-1,0,0,
SIRT1,SIRT1,-1,0,0,
C00003,SIRT1,1,0,0,
C03582,SIRT1,1,0,0,
SIRT2,SIRT2,-1,0,0,
BST1,SIRT2,0,0,0,
PNP,SIRT2,0,0,0,
NAMPT,SIRT2,0,0,0,
SIVA1,SIVA1,-1,0,0,
TP53,SIVA1,1,0,0,
CACYBP,SKP1,0,0,0,
SKP1,SKP1,-1,0,0,
FBXW11,SKP1,0,0,0,
APC2,SKP1,0,0,0,
SKP1-CUL1,SKP1-CUL1,-1,0,0,
SKP1-FBXW11,SKP1-FBXW11,-1,0,0,
SKP1-SKP2,SKP1-SKP2,-1,0,0,
SKP2,SKP2,-1,0,0,
SLC10A1,SLC10A1,-1,0,0,
NR0B2,SLC10A1,-1,0,0,
PPARA-RXRA,SLC27A4,1,0,0,
SLC27A4,SLC27A4,-1,0,0,
PPARG-RXRA,SLC27A4,1,0,0,
CYP27A1,SLC27A5,0,0,0,
SLC27A5,SLC27A5,-1,0,0,
BAAT,SLC27A5,0,0,0,
SCP2,SLC27A5,0,0,0,
ARNT-CREBBP,SLC2A1,1,0,0,
SLC2A1,SLC2A1,-1,0,0,
PRKAG2,SLC2A1,1,0,0,
HIF1A,SLC2A1,1,0,0,
STAT1,SLC2A2,1,0,0,
PRKCB,SLC2A2,1,0,0,
SLC2A2,SLC2A2,-1,0,0,
PPARGC1A,SLC2A4,1,0,0,
AKT3,SLC2A4,0,0,0,
EXOC7,SLC2A4,0,0,0,
PRKCI,SLC2A4,1,0,0,
TRIP10,SLC2A4,0,0,0,
RAB10,SLC2A4,1,0,0,
SLC2A4,SLC2A4,-1,0,0,
AKT3,SLC2A5,1,0,0,
SLC2A5,SLC2A5,-1,0,0,
SLC33A1,SLC33A1,-1,0,0,
ST8SIA5,SLC33A1,0,0,0,
ST8SIA1,SLC33A1,0,0,0,
SLC34A2,SLC34A2,-1,0,0,
VDR,SLC34A2,1,0,0,
SLC38A9,SLC38A9,-1,0,0,
SLC7A5,SLC3A2,0,0,0,
SLC3A2,SLC3A2,-1,0,0,
SLC40A1,SLC40A1,-1,0,0,
NR1H4,SLC51A-SLC51B,1,0,0,
SLC51A-SLC51B,SLC51A-SLC51B,-1,0,0,
SLC6A3,SLC6A3,-1,0,0,
DRD2,SLC6A3,1,0,0,
SLC7A5,SLC7A5,-1,0,0,
ESR1,SLC8A2,1,0,0,
PRKACA,SLC8A2,1,0,0,
ATP1B4,SLC8A2,1,0,0,
SLC8A2,SLC8A2,-1,0,0,
PRKG1,SLC8A2,1,0,0,
VDR,SLC8A2,1,0,0,
PRKACA,SLC9A1,1,0,0,
SLC9A1,SLC9A1,-1,0,0,
ROCK1,SLC9A1,0,0,0,
PRKCA,SLC9A1,1,0,0,
SLC9A3R1,SLC9A3R1,-1,0,0,
CFTR,SLC9A3R1,0,0,0,
NR0B2,SLCO1B1,-1,0,0,
SLCO1B1,SLCO1B1,-1,0,0,
SLIT1,SLIT1,-1,0,0,
SLIT2,SLIT2,-1,0,0,
CDK1-CCNB2,SLK,1,0,0,
SLK,SLK,-1,0,0,
SLURP2,SLURP2,-1,0,0,
BMPR1A,SMAD1,1,0,0,
SMAD6,SMAD1,-1,0,0,
SMAD2,SMAD1,1,0,0,
SMAD1,SMAD1,-1,0,0,
MAPK1,SMAD1,-1,0,0,
SMAD1-SMAD4,SMAD1-SMAD4,-1,0,0,
TGFB1,SMAD2,1,0,0,
TGFBR1,SMAD2,1,0,0,
SMAD7-YAP1,SMAD2,-1,0,0,
ACVR1C,SMAD2,1,0,0,
ZFYVE9,SMAD2,0,0,0,
SMAD6,SMAD2,-1,0,0,
SMAD2,SMAD2,-1,0,0,
TGIF2,SMAD2,-1,0,0,
ACVR1,SMAD2,1,0,0,
MAPK1,SMAD2,-1,0,0,
SKP1-CUL1,SMAD2,-1,0,0,
TGFBR1,SMAD3,1,0,0,
SMAD4,SMAD3,1,0,0,
SMAD3,SMAD3,-1,0,0,
SMAD4,SMAD4,-1,0,0,
SMAD2,SMAD4,0,0,0,
SMAD1,SMAD4,0,0,0,
SMAD4-SMAD1,SMAD4-SMAD1,-1,0,0,
SMAD4-SMAD2,SMAD4-SMAD2,-1,0,0,
TGFBR1,SMAD4-SMAD3,0,0,0,
SMAD4-SMAD3,SMAD4-SMAD3,-1,0,0,
SMAD4-YAP1,SMAD4-YAP1,-1,0,0,
IFNG,SMAD6,1,0,0,
SMAD6,SMAD6,-1,0,0,
TNF,SMAD6,1,0,0,
SMAD7,SMAD7,-1,0,0,
SMAD4-YAP1,SMAD7,1,0,0,
SMAD7-YAP1,SMAD7-YAP1,-1,0,0,
SMC3-STAG1,SMC3-STAG1,-1,0,0,
ESPL1,SMC3-STAG1,-1,0,0,
TBK1-TANK,SMCR8,1,0,0,
ULK1,SMCR8,1,0,0,
SMCR8,SMCR8,-1,0,0,
SMG1,SMG1,-1,0,0,
PPP2R3B,SMG5,0,0,0,
SMG5,SMG5,-1,0,0,
SMG7,SMG5,0,0,0,
PPP2R3B,SMG6,0,0,0,
SMG6,SMG6,-1,0,0,
SMG1,SMG7,0,0,0,
SMG7,SMG7,-1,0,0,
DDX20,SMN1,0,0,0,
SMN1,SMN1,-1,0,0,
MEGF8,SMO,-1,0,0,
MOSMO,SMO,-1,0,0,
TPTEP2-CSNK1E,SMO,1,0,0,
MGRN1,SMO,-1,0,0,
SMO,SMO,-1,0,0,
GRK2,SMO,1,0,0,
BOC,SMO,1,0,0,
EVC2,SMO,0,0,0,
PTCH1,SMO,1,0,0,
MGRN1,SMO,1,0,0,
AOC2,SMOX,0,0,0,
ALDH2,SMOX,0,0,0,
ALDH3A1,SMOX,0,0,0,
SMOX,SMOX,-1,0,0,
SMPD1,SMPD1,-1,0,0,
C16845,SMPD1,1,0,0,
SMPD2,SMPD2,-1,0,0,
NSMAF,SMPD2,1,0,0,
AMD1,SMS,0,0,0,
SMS,SMS,-1,0,0,
SRM,SMS,0,0,0,
SMURF1,SMURF1,-1,0,0,
SMAD6,SMURF1,0,0,0,
SNAI1,SNAI1,-1,0,0,
TGFBR1,SNAI1,0,0,0,
FGFR1,SNAI1,0,0,0,
SNAI2,SNAI2,-1,0,0,
LEF1-TEAD1,SNAI2,1,0,0,
MAPK1,SNAI2,0,0,0,
VAMP1,SNAP23-STX1B,1,0,0,
VAMP4,SNAP23-STX1B,1,0,0,
SNAP23-STX1B,SNAP23-STX1B,-1,0,0,
SNAP25,SNAP25,-1,0,0,
STX1B,SNAP25,0,0,0,
SNUPN,SNUPN,-1,0,0,
KPNB1,SNUPN,0,0,0,
SNW1,SNW1,-1,0,0,
RBPJL,SNW1,0,0,0,
SOAT1,SOAT1,-1,0,0,
DHCR7,SOAT1,0,0,0,
SOCS1,SOCS1,-1,0,0,
STAT3,SOCS3,1,0,0,
SOCS3,SOCS3,-1,0,0,
NFKB1,SOCS3,1,0,0,
SOCS4,SOCS4,-1,0,0,
STAT1-STAT1,SOCS4,1,0,0,
EIF4EBP2,SOD1,1,0,0,
FOXO3,SOD1,1,0,0,
SOD1,SOD1,-1,0,0,
SOD1,SOD1,1,0,0,
FOXA2,SOD2,1,0,0,
FOXO1,SOD2,1,0,0,
FOXO3,SOD2,1,0,0,
FOXO6,SOD2,1,0,0,
SOD2,SOD2,-1,0,0,
PPARG-RXRA,SORBS1,1,0,0,
SORBS1,SORBS1,-1,0,0,
VCL,SORBS1,0,0,0,
AKR1B1,SORD,0,0,0,
SORD,SORD,-1,0,0,
NGFR,SORT1,0,0,0,
SORT1,SORT1,-1,0,0,
SHC2,SOS1,1,0,0,
PTPN11,SOS1,1,0,0,
EGFR,SOS1,1,0,0,
PTPN11-GRB2,SOS1,1,0,0,
SOS1,SOS1,-1,0,0,
GAB1,SOS1,1,0,0,
GRB2,SOS1,1,0,0,
SOST,SOST,-1,0,0,
SOX17,SOX17,-1,0,0,
SOX2,SOX2,-1,0,0,
LEF1-TEAD1,SOX2,1,0,0,
POU5F1,SOX2,1,0,0,
KLF4,SOX2,1,0,0,
SOX9,SOX9,-1,0,0,
PRKACA,SOX9,1,0,0,
SP1-CREBBP,SP1-CREBBP,-1,0,0,
SPATA13,SPATA13,-1,0,0,
APC2,SPATA13,1,0,0,
SPDYE2B,SPDYE2B,-1,0,0,
SPDYE2B-CDK1,SPDYE2B-CDK1,-1,0,0,
PLPP1,SPHK2,0,0,0,
DEGS2,SPHK2,0,0,0,
PLD1,SPHK2,1,0,0,
SPHK2,SPHK2,-1,0,0,
TRAF2,SPHK2,1,0,0,
CERS1,SPHK2,0,0,0,
ACER1,SPHK2,0,0,0,
KDSR,SPHK2,0,0,0,
ASAH1,SPHK2,0,0,0,
C00416,SPHK2,1,0,0,
PRKCE,SPHK2,1,0,0,
PRKCA,SPHK2,1,0,0,
SGPP2,SPHK2,0,0,0,
MAPK1,SPHK2,1,0,0,
SPN,SPN,-1,0,0,
CUL3,SPOPL,0,0,0,
SPOPL,SPOPL,-1,0,0,
SPOPL-CUL3,SPOPL-CUL3,-1,0,0,
SPP1,SPP1,-1,0,0,
DHFR,SPR,0,0,0,
AKR1B1,SPR,0,0,0,
CBR1,SPR,0,0,0,
AKR1C3,SPR,0,0,0,
PTS,SPR,0,0,0,
SPR,SPR,-1,0,0,
SPTA1,SPTA1,-1,0,0,
CASP3,SPTA1,-1,0,0,
SPTLC1,SPTLC1,-1,0,0,
SQLE,SQLE,-1,0,0,
FDFT1,SQLE,0,0,0,
SQOR,SQOR,-1,0,0,
SELENBP1,SQOR,0,0,0,
SQSTM1,SQSTM1,-1,0,0,
CYLD,SQSTM1,0,0,0,
RAB39B,SQSTM1,1,0,0,
ITGB1,SRC,1,0,0,
ESR1,SRC,1,0,0,
PRKCA,SRC,0,0,0,
PRKCD,SRC,1,0,0,
GNAI1,SRC,1,0,0,
MAPK8,SRC,1,0,0,
SHC2,SRC,1,0,0,
KDR,SRC,1,0,0,
ITGA11,SRC,1,0,0,
PTK2,SRC,0,0,0,
ITGB3-ITGAV,SRC,1,0,0,
EGFR-EGFR,SRC,1,0,0,
GNA13,SRC,1,0,0,
EGFR,SRC,1,0,0,
NECTIN3,SRC,0,0,0,
GNAS,SRC,1,0,0,
SRC,SRC,-1,0,0,
SRC-FARP2,SRC-FARP2,-1,0,0,
RAP1A,SRC-FARP2,1,0,0,
AKR1C1,SRD5A1,0,0,0,
HSD3B1,SRD5A1,0,0,0,
AKR1D1,SRD5A1,0,0,0,
CYP19A1,SRD5A1,0,0,0,
CYP21A2,SRD5A1,0,0,0,
SRD5A1,SRD5A1,-1,0,0,
CYP17A1,SRD5A1,0,0,0,
CYP11B1,SRD5A1,0,0,0,
SRD5A3,SRD5A3,-1,0,0,
PRKAG2,SREBF1,-1,0,0,
PRKCI,SREBF1,0,0,0,
SREBF1,SREBF1,-1,0,0,
SRF,SRF,-1,0,0,
SRF-ELK4,SRF-ELK4,-1,0,0,
SRGAP2,SRGAP2,-1,0,0,
ROBO2,SRGAP2,1,0,0,
ROBO1,SRGAP2,1,0,0,
AMD1,SRM,0,0,0,
SMOX,SRM,0,0,0,
SMS,SRM,0,0,0,
AOC1,SRM,0,0,0,
ODC1,SRM,0,0,0,
SRM,SRM,-1,0,0,
PSPH,SRR,0,0,0,
SDS,SRR,0,0,0,
SHMT1,SRR,0,0,0,
AGXT,SRR,0,0,0,
CBSL,SRR,0,0,0,
SRR,SRR,-1,0,0,
SSH1,SSH1,-1,0,0,
PPP3CA,SSH1,1,0,0,
SST,SST,-1,0,0,
SSTR1,SSTR1,-1,0,0,
CORT,SSTR1,1,0,0,
SST,SSTR2,1,0,0,
SSTR2,SSTR2,-1,0,0,
ACTN4,SSX2IP,0,0,0,
SSX2IP,SSX2IP,-1,0,0,
MTHFD2,ST20-MTHFS,0,0,0,
ST20-MTHFS,ST20-MTHFS,-1,0,0,
ST3GAL1,ST3GAL1,-1,0,0,
ST8SIA5,ST3GAL1,0,0,0,
ST6GALNAC3,ST3GAL1,0,0,0,
ST6GALNAC4,ST3GAL1,0,0,0,
ST6GALNAC6,ST3GAL1,0,0,0,
ST6GALNAC1,ST3GAL1,0,0,0,
GLB1,ST3GAL1,0,0,0,
B3GALT5,ST3GAL1,0,0,0,
B3GALT4,ST3GAL1,0,0,0,
ST3GAL3,ST3GAL3,-1,0,0,
B3GALT5,ST3GAL3,0,0,0,
B3GALT1,ST3GAL3,0,0,0,
B3GALT2,ST3GAL3,0,0,0,
ST3GAL4,ST3GAL4,-1,0,0,
B3GALT5,ST3GAL4,0,0,0,
B3GALT1,ST3GAL4,0,0,0,
B3GALT2,ST3GAL4,0,0,0,
ST3GAL5,ST3GAL5,-1,0,0,
ST8SIA1,ST3GAL5,0,0,0,
HEXA,ST3GAL5,0,0,0,
ST3GAL6,ST3GAL6,-1,0,0,
B4GALT2,ST3GAL6,0,0,0,
B4GALT3,ST3GAL6,0,0,0,
B4GALT4,ST3GAL6,0,0,0,
ST8SIA1,ST3GAL6,0,0,0,
FUT4,ST3GAL6,0,0,0,
FUT3,ST3GAL6,0,0,0,
FUT9,ST3GAL6,0,0,0,
B4GALT1,ST6GAL1,0,0,0,
ST6GAL1,ST6GAL1,-1,0,0,
ST6GALNAC1,ST6GALNAC1,-1,0,0,
GCNT1,ST6GALNAC1,0,0,0,
ST8SIA5,ST6GALNAC3,0,0,0,
ST6GALNAC3,ST6GALNAC3,-1,0,0,
ST8SIA5,ST6GALNAC4,0,0,0,
ST6GALNAC4,ST6GALNAC4,-1,0,0,
ST8SIA5,ST6GALNAC5,0,0,0,
ST3GAL1,ST6GALNAC5,0,0,0,
ST6GALNAC5,ST6GALNAC5,-1,0,0,
ST8SIA5,ST6GALNAC6,0,0,0,
ST3GAL1,ST6GALNAC6,0,0,0,
ST6GALNAC6,ST6GALNAC6,-1,0,0,
ST8SIA1,ST8SIA1,-1,0,0,
ST8SIA5,ST8SIA1,0,0,0,
FUT4,ST8SIA1,0,0,0,
HEXA,ST8SIA1,0,0,0,
ST3GAL1,ST8SIA1,0,0,0,
ST8SIA5,ST8SIA5,-1,0,0,
ST6GALNAC6,ST8SIA5,0,0,0,
ST3GAL1,ST8SIA5,0,0,0,
HGS,STAM2,0,0,0,
STAM2,STAM2,-1,0,0,
PRKACA,STAR,1,0,0,
STAR,STAR,-1,0,0,
CREB3,STAR,1,0,0,
NR4A1,STAR,1,0,0,
NR4A2,STAR,1,0,0,
IFNGR1,STAT1,1,0,0,
JAK2,STAT1,1,0,0,
JAK1,STAT1,1,0,0,
IRF9,STAT1,0,0,0,
STAT1,STAT1,-1,0,0,
MAPK1,STAT1,1,0,0,
SOCS4,STAT1,-1,0,0,
CISH,STAT1,-1,0,0,
IFNAR1,STAT1,1,0,0,
PIAS3,STAT1-STAT1,-1,0,0,
STAT1-STAT1,STAT1-STAT1,-1,0,0,
PTPN2,STAT1-STAT1,-1,0,0,
STAT1,STAT1-STAT1,0,0,0,
FHL1,STAT1-STAT1,0,0,0,
CREBBP,STAT1-STAT1,1,0,0,
IL10,STAT3,1,0,0,
JAK2,STAT3,1,0,0,
JAK1,STAT3,1,0,0,
STAT3,STAT3,-1,0,0,
IL6,STAT3,1,0,0,
IL6R,STAT3,1,0,0,
STAT5A,STAT5A,-1,0,0,
ERBB4,STAT5A,1,0,0,
EGFR,STAT5A,1,0,0,
EGFR-EGFR,STAT5A,1,0,0,
STEAP3,STEAP3,-1,0,0,
TP53,STEAP3,1,0,0,
STIM1,STIM1,-1,0,0,
STIM2,STIM2,-1,0,0,
STING1,STING1,-1,0,0,
IFI16,STING1,1,0,0,
PRKCI,STK11,1,0,0,
STK11,STK11,-1,0,0,
C00008,STK11,1,0,0,
PRAP1,STK11,1,0,0,
C00020,STK11,1,0,0,
STK11-STRADB,STK11-STRADB,-1,0,0,
RASSF6,STK3,-1,0,0,
RASSF1,STK3,1,0,0,
WWC1-NF2,STK3,1,0,0,
PPP2CA,STK3,-1,0,0,
CASP3,STK3,1,0,0,
ACTB,STK3,1,0,0,
STK3,STK3,-1,0,0,
RASSF5,STK4,1,0,0,
RASSF1,STK4,1,0,0,
STK4,STK4,-1,0,0,
STMN1,STMN1,-1,0,0,
MAPK1,STMN1,0,0,0,
STRADB-CAB39,STRADB-CAB39,-1,0,0,
STRAP,STRAP,-1,0,0,
DDX20,STRAP,0,0,0,
STS,STS,-1,0,0,
CYP7B1,STS,0,0,0,
HSD3B1,STS,0,0,0,
SULT2B1,STS,0,0,0,
CYP21A2,STS,0,0,0,
VAMP4,STX16-STX6,1,0,0,
STX16-STX6,STX16-STX6,-1,0,0,
STX17,STX17,-1,0,0,
ATG14,STX17-SNAP29,1,0,0,
STX17-SNAP29,STX17-SNAP29,-1,0,0,
STX1B,STX1B,-1,0,0,
VAMP2,STX1B,0,0,0,
STXBP1,STX1B,0,0,0,
VAMP2,STX4,0,0,0,
STX4,STX4,-1,0,0,
STXBP1,STXBP1,-1,0,0,
SUCLG2,SUCLG2,-1,0,0,
SDHA,SUCLG2,0,0,0,
MMUT,SUCLG2,0,0,0,
CUL3-SPOPL,SUFU,0,0,0,
SUFU,SUFU,-1,0,0,
GLI1,SUFU,0,0,0,
SUGT1,SUGT1,-1,0,0,
AKR1C3,SULT1E1,0,0,0,
CYP3A4,SULT1E1,0,0,0,
SULT1E1,SULT1E1,-1,0,0,
HSD17B1,SULT1E1,0,0,0,
SULT2A1,SULT2A1,-1,0,0,
CYP2B6,SULT2A1,0,0,0,
SULT2B1,SULT2B1,-1,0,0,
HSD3B1,SULT2B1,0,0,0,
CYP7B1,SULT2B1,0,0,0,
CYP21A2,SULT2B1,0,0,0,
UBE2I,SUMO4,0,0,0,
SUMO4,SUMO4,-1,0,0,
ETHE1,SUOX,0,0,0,
PAPSS2,SUOX,0,0,0,
SUOX,SUOX,-1,0,0,
MPST,SUOX,0,0,0,
SUPT20H,SUPT20H,-1,0,0,
SV2C,SV2C,-1,0,0,
LAMC3,SV2C,1,0,0,
SVIP,SVIP,-1,0,0,
SIRPB1-TYROBP,SYK,0,0,0,
TYROBP,SYK,1,0,0,
IGH,SYK,0,0,0,
CD247,SYK,1,0,0,
FCGR3A,SYK,0,0,0,
FCGR2A,SYK,0,0,0,
SYK,SYK,-1,0,0,
FCGR1A,SYK,0,0,0,
FCER1G,SYK,1,0,0,
LYN,SYK,1,0,0,
FCER1A,SYK,1,0,0,
102725035-FCGR1A,SYK,0,0,0,
PTPN6,SYK,-1,0,0,
SYMPK,SYMPK,-1,0,0,
MAGI1,SYNPO,0,0,0,
SYNPO,SYNPO,-1,0,0,
ACTB,SYNPO,0,0,0,
SYT1,SYT1,-1,0,0,
C00076,SYT1,0,0,0,
TAAR9,TAAR9,-1,0,0,
C00483,TAAR9,1,0,0,
RIPK2,TAB1,1,0,0,
TAB1,TAB1,-1,0,0,
TRAF6,TAB1,0,0,0,
TRAF2,TAB1,1,0,0,
CD14,TAB1,0,0,0,
MAP3K14,TAB1-MAP3K7,1,0,0,
RIPK1-TRAF6,TAB1-MAP3K7,1,0,0,
IRAK1-TRAF6,TAB1-MAP3K7,1,0,0,
TRAF6-TRAF2,TAB1-MAP3K7,1,0,0,
TAB1-MAP3K7,TAB1-MAP3K7,-1,0,0,
TRAF2,TAB1-MAP3K7,1,0,0,
TRAF6,TAB1-MAP3K7,1,0,0,
TRAF3-TRAF6,TAB1-MAP3K7,1,0,0,
TRAF2-RIPK1,TAB1-MAP3K7,1,0,0,
IRAK1-MYD88,TAB1-MAP3K7,1,0,0,
TAB2,TAB2,-1,0,0,
TAB1,TAB2,0,0,0,
TAC1,TAC1,-1,0,0,
TAC3,TAC3,-1,0,0,
TAC4,TAC4,-1,0,0,
TACR1,TACR1,-1,0,0,
TAC4,TACR1,1,0,0,
TAC1,TACR2,1,0,0,
TACR2,TACR2,-1,0,0,
TAC3,TACR3,1,0,0,
TACR3,TACR3,-1,0,0,
TALDO1,TALDO1,-1,0,0,
FBP1,TALDO1,0,0,0,
TKT,TALDO1,0,0,0,
PFKL,TALDO1,0,0,0,
DERA,TALDO1,0,0,0,
GPI,TALDO1,0,0,0,
ALDOA,TALDO1,0,0,0,
TRADD,TANK,0,0,0,
TANK,TANK,-1,0,0,
TRAF3,TANK,0,0,0,
IKBKE,TANK,0,0,0,
TANK-AZI2,TANK-AZI2,-1,0,0,
TAOK3,TAOK3,-1,0,0,
TAPBP,TAP1,0,0,0,
TAP1,TAP1,-1,0,0,
TAPBP,TAPBP,-1,0,0,
TAS1R1,TAS1R1,-1,0,0,
C00130,TAS1R1-TAS1R3,1,0,0,
C00144,TAS1R1-TAS1R3,1,0,0,
C00025,TAS1R1-TAS1R3,1,0,0,
TAS1R1-TAS1R3,TAS1R1-TAS1R3,-1,0,0,
TAS1R2,TAS1R2,-1,0,0,
TAS1R2-TAS1R3,TAS1R2-TAS1R3,-1,0,0,
TAS1R2,TAS1R3,0,0,0,
TAS1R1,TAS1R3,0,0,0,
TAS1R3,TAS1R3,-1,0,0,
C02265,TAS1R3-TAS1R2,1,0,0,
C00089,TAS1R3-TAS1R2,1,0,0,
C12284,TAS1R3-TAS1R2,1,0,0,
TAS1R3-TAS1R2,TAS1R3-TAS1R2,-1,0,0,
BHMT2,TAT,0,0,0,
TH,TAT,0,0,0,
MTR,TAT,0,0,0,
TYR,TAT,0,0,0,
PAH,TAT,0,0,0,
MIF,TAT,0,0,0,
TPO,TAT,0,0,0,
TAT,TAT,-1,0,0,
HPD,TAT,0,0,0,
DDC,TAT,0,0,0,
BHMT,TAT,0,0,0,
PRKAG2,TBC1D1,-1,0,0,
TBC1D1,TBC1D1,-1,0,0,
TBC1D4,TBC1D4,-1,0,0,
AKT3,TBC1D4,1,0,0,
STING1,TBK1,1,0,0,
TBK1,TBK1,-1,0,0,
EXOC2,TBK1,1,0,0,
ZBP1,TBK1,1,0,0,
TMEM173,TBK1,1,0,0,
IKBKE,TBK1,0,0,0,
DDX3X,TBK1,0,0,0,
TRAF3,TBK1-IKBKE,1,0,0,
TBK1-IKBKE,TBK1-IKBKE,-1,0,0,
TBK1-TANK,TBK1-TANK,-1,0,0,
TBL1X,TBL1X,-1,0,0,
SKP1,TBL1X,0,0,0,
MAPK1,TBX3,-1,0,0,
TBX3,TBX3,-1,0,0,
TBXA2R,TBXA2R,-1,0,0,
C02198,TBXA2R,1,0,0,
PTGIS,TBXAS1,0,0,0,
TBXAS1,TBXAS1,-1,0,0,
PTGES3,TBXAS1,0,0,0,
PTGS1,TBXAS1,0,0,0,
CTNNB1,TCF3,-1,0,0,
TCF3,TCF3,-1,0,0,
APC2-AXIN1,TCF7,1,0,0,
TCF7,TCF7,-1,0,0,
TCIRG1,TCIRG1,-1,0,0,
KYNU,TDO2,0,0,0,
TDO2,TDO2,-1,0,0,
DDC,TDO2,0,0,0,
AFMID,TDO2,0,0,0,
IL4I1,TDO2,0,0,0,
TECR,TECR,-1,0,0,
HACD2,TECR,0,0,0,
TEK,TEK,-1,0,0,
ARNT-CREBBP,TEK,1,0,0,
FAAP24,TELO2,0,0,0,
MTOR,TELO2,0,0,0,
TELO2,TELO2,-1,0,0,
TF,TF,-1,0,0,
C14819,TF,0,0,0,
ARNT-CREBBP,TF,1,0,0,
RB1,TFDP1-E2F1,0,0,0,
TFDP1-E2F1,TFDP1-E2F1,-1,0,0,
TFDP1-E2F4,TFDP1-E2F4,-1,0,0,
SMAD4-SMAD2,TFDP1-E2F4,1,0,0,
RBL1,TFDP1-E2F4,0,0,0,
TFF1,TFF1,-1,0,0,
NCOA2-ESR1,TFF1,1,0,0,
TFPI,TFPI,-1,0,0,
TFRC,TFRC,-1,0,0,
ARNT-CREBBP,TFRC,1,0,0,
TTF2,TG,1,0,0,
TTF1,TG,1,0,0,
LRP2,TG,0,0,0,
PAX8,TG,1,0,0,
C01829,TG,0,0,0,
TG,TG,-1,0,0,
CREB3,TG,1,0,0,
C02465,TG,0,0,0,
ASGR1,TG,0,0,0,
C02515,TG,0,0,0,
C01060,TG,0,0,0,
TGFA,TGFA,-1,0,0,
NCOA2-ESR1,TGFA,1,0,0,
LEFTY1,TGFB1,-1,0,0,
LTBP1,TGFB1,-1,0,0,
TGFB1,TGFB1,-1,0,0,
FMOD,TGFB1,-1,0,0,
DCN,TGFB1,-1,0,0,
INHBA,TGFB1,-1,0,0,
BAMBI,TGFBR1,-1,0,0,
TGFBR1,TGFBR1,-1,0,0,
SMAD7-YAP1,TGFBR1,-1,0,0,
TGFB1,TGFBR1,1,0,0,
MSTN,TGFBR1-ACVR2B,1,0,0,
TGFBR1-ACVR2B,TGFBR1-ACVR2B,-1,0,0,
TGFBR2,TGFBR2,-1,0,0,
TGFB1,TGFBR2,1,0,0,
SMURF1,TGFBR2-TGFBR1,-1,0,0,
TGFBR2-TGFBR1,TGFBR2-TGFBR1,-1,0,0,
TGIF2,TGIF2,-1,0,0,
GOT1L1,TH,0,0,0,
TH,TH,-1,0,0,
DHFR,TH,0,0,0,
TYR,TH,0,0,0,
QDPR,TH,0,0,0,
DRD2,TH,-1,0,0,
STAT1,TH,1,0,0,
PCBD1,TH,0,0,0,
AKR1B1,TH,0,0,0,
TPO,TH,0,0,0,
DDC,TH,0,0,0,
SPR,TH,0,0,0,
F2,THBD,1,0,0,
PROCR,THBD,1,0,0,
THBD,THBD,-1,0,0,
TP53,THBS1,1,0,0,
ID1,THBS1,-1,0,0,
THBS1,THBS1,-1,0,0,
THEM4,THEM4,-1,0,0,
THOC1,THOC1,-1,0,0,
THOC1,THOC2,0,0,0,
THOC2,THOC2,-1,0,0,
ALYREF,THOC5,0,0,0,
NXF1,THOC5,0,0,0,
THOC1,THOC5,0,0,0,
THOC5,THOC5,-1,0,0,
THOC1,THOC6,0,0,0,
THOC6,THOC6,-1,0,0,
THOC1,THOC7,0,0,0,
THOC7,THOC7,-1,0,0,
THPO,THPO,-1,0,0,
C01829,THRA,0,0,0,
C02465,THRA,0,0,0,
PIK3CA,THRA,1,0,0,
THRA,THRA,-1,0,0,
KAT2A-NCOA2,THRA-RXRA,0,0,0,
NCOR1-SIN3A,THRA-RXRA,0,0,0,
MED16-MED1,THRA-RXRA,0,0,0,
THRA-RXRA,THRA-RXRA,-1,0,0,
C02465,THRB,0,0,0,
MAPK1,THRB,1,0,0,
THRB,THRB,-1,0,0,
THTPA,THTPA,-1,0,0,
TPK1,THTPA,0,0,0,
THY1,THY1,-1,0,0,
RAP1A,TIAM1,1,0,0,
PARD3,TIAM1,-1,0,0,
HRAS,TIAM1,1,0,0,
RRAS2,TIAM1,1,0,0,
C05981,TIAM1,1,0,0,
RASSF1,TIAM1,1,0,0,
TIAM1,TIAM1,-1,0,0,
TICAM2,TICAM1,1,0,0,
TICAM1,TICAM1,-1,0,0,
TLR4,TICAM1,1,0,0,
TLR3,TICAM1,1,0,0,
TICAM2,TICAM2,-1,0,0,
TLR4,TICAM2,1,0,0,
TICAM2-TICAM1,TICAM2-TICAM1,-1,0,0,
TLR4,TICAM2-TICAM1,1,0,0,
NECTIN2,TIGIT,1,0,0,
NECTIN3,TIGIT,1,0,0,
PVR,TIGIT,1,0,0,
TIGIT,TIGIT,-1,0,0,
TIMP1,TIMP1,-1,0,0,
ARNT-CREBBP,TIMP1,1,0,0,
TIRAP-MYD88,TIRAP-MYD88,-1,0,0,
TLR4,TIRAP-MYD88,1,0,0,
TJAP1,TJAP1,-1,0,0,
TJP1,TJAP1,0,0,0,
ACTB,TJP1,0,0,0,
MARVELD2,TJP1,0,0,0,
F11R,TJP1,0,0,0,
CLDN24,TJP1,0,0,0,
BVES,TJP1,0,0,0,
SRC,TJP1,1,0,0,
HSPA4,TJP1,-1,0,0,
F11R-F11R,TJP1,0,0,0,
CFTR,TJP1,0,0,0,
TJP1,TJP1,-1,0,0,
AFDN,TJP1,0,0,0,
OCLN,TJP1,0,0,0,
CTNNA1,TJP1,0,0,0,
GJA1,TJP1,0,0,0,
CLDN24,TJP3,0,0,0,
TJP3,TJP3,-1,0,0,
ENTPD8,TK1,0,0,0,
DTYMK,TK1,0,0,0,
TK1,TK1,-1,0,0,
TYMS,TK1,0,0,0,
TYMP,TK1,0,0,0,
DUT,TK1,0,0,0,
DCTD,TK1,0,0,0,
TPI1,TKFC,0,0,0,
ALDOA,TKFC,0,0,0,
TKFC,TKFC,-1,0,0,
TALDO1,TKT,0,0,0,
RPE,TKT,0,0,0,
PGM2,TKT,0,0,0,
TKT,TKT,-1,0,0,
DERA,TKT,0,0,0,
ALDOA,TKT,0,0,0,
RBKS,TKT,0,0,0,
PRPS1L1,TKT,0,0,0,
TLN1,TLN1,-1,0,0,
APBB1IP,TLN1,1,0,0,
VCL,TLN1,0,0,0,
CAPN2,TLN1,-1,0,0,
TLR1,TLR1,-1,0,0,
TLR2,TLR2,-1,0,0,
TLR1,TLR2,0,0,0,
TLR6,TLR2,0,0,0,
TLR3,TLR3,-1,0,0,
TLR4,TLR4,-1,0,0,
LY96,TLR4,0,0,0,
CD14,TLR4,1,0,0,
C00338,TLR4,1,0,0,
TLR5,TLR5,-1,0,0,
TLR6,TLR6,-1,0,0,
TLR7,TLR7,-1,0,0,
TLR9,TLR9,-1,0,0,
TM7SF2,TM7SF2,-1,0,0,
CYP51A1,TM7SF2,0,0,0,
TMEM173,TMEM173,-1,0,0,
C20640,TMEM173,1,0,0,
MAVS,TMEM173,0,0,0,
TMEM189,TMEM189,-1,0,0,
TMEM86B,TMEM86B,-1,0,0,
GDPD1,TMEM86B,0,0,0,
ACTB,TMSB4X,0,0,0,
TMSB4X,TMSB4X,-1,0,0,
TNC,TNC,-1,0,0,
NFKB1,TNF,1,0,0,
FOS,TNF,1,0,0,
IRF5,TNF,1,0,0,
MAPK1,TNF,0,0,0,
NFATC1,TNF,1,0,0,
TNF,TNF,-1,0,0,
NFKB1-RELA,TNF,1,0,0,
JUN,TNF,1,0,0,
NFKB1-RELA,TNFAIP3,1,0,0,
TNFAIP3,TNFAIP3,-1,0,0,
TNFSF10,TNFRSF10B,1,0,0,
TP53,TNFRSF10B,1,0,0,
TNFRSF10B,TNFRSF10B,-1,0,0,
TNFSF10,TNFRSF10C,1,0,0,
TNFRSF10C,TNFRSF10C,-1,0,0,
TNFSF10,TNFRSF10D,1,0,0,
TNFRSF10D,TNFRSF10D,-1,0,0,
TNFRSF11A,TNFRSF11A,-1,0,0,
TNFSF11,TNFRSF11A,1,0,0,
TNFRSF11B,TNFRSF11B,-1,0,0,
TNFSF11,TNFRSF11B,1,0,0,
TNFRSF12A,TNFRSF12A,-1,0,0,
TNFSF12,TNFRSF12A,1,0,0,
TNFSF13B,TNFRSF13B,1,0,0,
TNFSF13,TNFRSF13B,1,0,0,
TNFRSF13B,TNFRSF13B,-1,0,0,
TNFSF13B,TNFRSF13C,1,0,0,
TNFRSF13C,TNFRSF13C,-1,0,0,
LTA,TNFRSF14,1,0,0,
TNFSF14,TNFRSF14,1,0,0,
TNFRSF14,TNFRSF14,-1,0,0,
TNFSF13B,TNFRSF17,1,0,0,
TNFSF13,TNFRSF17,1,0,0,
TNFRSF17,TNFRSF17,-1,0,0,
TNFSF18,TNFRSF18,1,0,0,
TNFRSF18,TNFRSF18,-1,0,0,
TNF,TNFRSF1A,1,0,0,
LTA,TNFRSF1A,1,0,0,
TNFRSF1A,TNFRSF1A,-1,0,0,
TNF,TNFRSF1B,1,0,0,
LTA,TNFRSF1B,1,0,0,
TNFRSF1B,TNFRSF1B,-1,0,0,
TNFSF15,TNFRSF25,1,0,0,
TNFRSF25,TNFRSF25,-1,0,0,
TNFSF4,TNFRSF4,1,0,0,
TNFRSF4,TNFRSF4,-1,0,0,
FASLG,TNFRSF6B,1,0,0,
TNFRSF6B,TNFRSF6B,-1,0,0,
TNFSF14,TNFRSF6B,1,0,0,
TNFSF15,TNFRSF6B,1,0,0,
TNFSF8,TNFRSF8,1,0,0,
TNFRSF8,TNFRSF8,-1,0,0,
TNFSF9,TNFRSF9,1,0,0,
TNFRSF9,TNFRSF9,-1,0,0,
IFNAR1,TNFSF10,0,0,0,
TNFSF10,TNFSF10,-1,0,0,
FOXO6,TNFSF10,1,0,0,
TNFSF11,TNFSF11,-1,0,0,
STAT1,TNFSF11,1,0,0,
TNFRSF11B,TNFSF11,-1,0,0,
TNFSF12,TNFSF12,-1,0,0,
TNFSF13,TNFSF13,-1,0,0,
TNFSF13B,TNFSF13B,-1,0,0,
RELB-NFKB2,TNFSF13B,1,0,0,
TNFSF14,TNFSF14,-1,0,0,
TNFSF15,TNFSF15,-1,0,0,
TNFSF18,TNFSF18,-1,0,0,
TNFSF4,TNFSF4,-1,0,0,
TNFSF8,TNFSF8,-1,0,0,
TNFSF9,TNFSF9,-1,0,0,
TNNC1,TNNC1,-1,0,0,
TNNT2,TNNC1,0,0,0,
C00076,TNNC1,0,0,0,
TNNT2,TNNI3,0,0,0,
TNNC1,TNNI3,0,0,0,
PRKACA,TNNI3,1,0,0,
PPP2R3B,TNNI3,-1,0,0,
TNNI3,TNNI3,-1,0,0,
TNNT2,TNNT2,-1,0,0,
TNNC1,TNNT2,0,0,0,
TNNI3,TNNT2,0,0,0,
TOB1,TOB1,-1,0,0,
PABPC4L,TOB1,0,0,0,
MDM2,TP53,-1,0,0,
TP53,TP53,-1,0,0,
MAPK8,TP53,1,0,0,
MAPK1,TP53,1,0,0,
CHEK1,TP53,1,0,0,
CHEK2,TP53,1,0,0,
TP73,TP53,-1,0,0,
CREBBP,TP53,1,0,0,
MDM4,TP53,-1,0,0,
SIRT1,TP53,-1,0,0,
BCL2,TP53,0,0,0,
JUN,TP53,1,0,0,
FOS,TP53,1,0,0,
PRKDC,TP53,1,0,0,
BBC3,TP53,1,0,0,
ATM,TP53,1,0,0,
ATR,TP53,1,0,0,
MAPK14,TP53,0,0,0,
TP53AIP1,TP53AIP1,-1,0,0,
TP53,TP53AIP1,1,0,0,
BBC3,TP53AIP1,1,0,0,
TP53BP1,TP53BP1,-1,0,0,
TP53INP2,TP53INP2,-1,0,0,
TP53,TP73,1,0,0,
TP73,TP73,-1,0,0,
C13051,TPCN2,1,0,0,
TPCN2,TPCN2,-1,0,0,
CD38,TPCN2,0,0,0,
AKR1B1,TPH2,0,0,0,
PCBD1,TPH2,0,0,0,
TPH2,TPH2,-1,0,0,
DDC,TPH2,0,0,0,
SPR,TPH2,0,0,0,
IL4I1,TPH2,0,0,0,
TDO2,TPH2,0,0,0,
QDPR,TPH2,0,0,0,
DHFR,TPH2,0,0,0,
IDO2,TPH2,0,0,0,
ALDOA,TPI1,0,0,0,
TPI1,TPI1,-1,0,0,
ACP1,TPK1,0,0,0,
TPK1,TPK1,-1,0,0,
ALPI,TPK1,0,0,0,
TNNT2,TPM1,0,0,0,
TNNI3,TPM1,0,0,0,
TPM1,TPM1,-1,0,0,
ITPA,TPMT,0,0,0,
HPRT1,TPMT,0,0,0,
IMPDH1,TPMT,0,0,0,
GMPS,TPMT,0,0,0,
TPMT,TPMT,-1,0,0,
TPO,TPO,-1,0,0,
TPTEP2-CSNK1E,TPTEP2-CSNK1E,-1,0,0,
WWTR1-YWHAQ,TPTEP2-CSNK1E,-1,0,0,
PRKACA,TPTEP2-CSNK1E,0,0,0,
AXIN1,TPTEP2-CSNK1E,0,0,0,
GRK2,TPTEP2-CSNK1E,0,0,0,
TPTEP2-CSNK1E-DVL1,TPTEP2-CSNK1E-DVL1,-1,0,0,
TNFRSF1A,TRADD,1,0,0,
MAVS,TRADD,0,0,0,
TRADD,TRADD,-1,0,0,
NFKB1,TRAF1,1,0,0,
TRAF1,TRAF1,-1,0,0,
NFKB1-RELA,TRAF1,1,0,0,
FHL2,TRAF2,-1,0,0,
TNFRSF1B,TRAF2,1,0,0,
TNFRSF1A,TRAF2,1,0,0,
SQSTM1,TRAF2,0,0,0,
ERN1,TRAF2,1,0,0,
TNFRSF11A,TRAF2,1,0,0,
DDX58,TRAF2,1,0,0,
TRAF2,TRAF2,-1,0,0,
STAT1,TRAF2,-1,0,0,
MAVS,TRAF2,0,0,0,
TRADD,TRAF2,1,0,0,
CYLD,TRAF2,-1,0,0,
IL1R1,TRAF2,1,0,0,
TRAF2-ERN1,TRAF2-ERN1,-1,0,0,
TNFRSF1A,TRAF2-RIPK1,1,0,0,
TRAF2-RIPK1,TRAF2-RIPK1,-1,0,0,
CD40,TRAF2-TRAF3,0,0,0,
TNFRSF13C,TRAF2-TRAF3,0,0,0,
LTBR,TRAF2-TRAF3,0,0,0,
TRAF2-TRAF3,TRAF2-TRAF3,-1,0,0,
LTBR,TRAF2-TRAF5,0,0,0,
TRAF2-TRAF5,TRAF2-TRAF5,-1,0,0,
RIPK2,TRAF3,1,0,0,
MAVS,TRAF3,0,0,0,
OTUD5,TRAF3,-1,0,0,
BIRC2,TRAF3,0,0,0,
TRAF3,TRAF3,-1,0,0,
TICAM1,TRAF3,1,0,0,
TRADD,TRAF3,0,0,0,
TRAF3-TRAF6,TRAF3-TRAF6,-1,0,0,
EDA2R,TRAF3-TRAF6,0,0,0,
RIPK1,TRAF6,-1,0,0,
IRAK1-IRAK4,TRAF6,1,0,0,
CD40,TRAF6,0,0,0,
MAVS,TRAF6,0,0,0,
ECSIT,TRAF6,0,0,0,
EDARADD,TRAF6,0,0,0,
TRAF6,TRAF6,-1,0,0,
IRAK4,TRAF6,0,0,0,
IRAK1,TRAF6,1,0,0,
NGFR,TRAF6,0,0,0,
TAB2,TRAF6,0,0,0,
CYLD,TRAF6,-1,0,0,
AMBRA1,TRAF6,1,0,0,
MYD88-TIRAP,TRAF6,1,0,0,
TICAM1,TRAF6-RIPK1,1,0,0,
TRAF6-RIPK1,TRAF6-RIPK1,-1,0,0,
TRAF6-TRAF2,TRAF6-TRAF2,-1,0,0,
TNFRSF11A,TRAF6-TRAF2,0,0,0,
TRAK2,TRAK2,-1,0,0,
HRC,TRDN,0,0,0,
TRDN,TRDN,-1,0,0,
CASQ1,TRDN-ASPH,0,0,0,
TRDN-ASPH,TRDN-ASPH,-1,0,0,
TRH,TRH,-1,0,0,
TRHR,TRHR,-1,0,0,
TRH,TRHR,1,0,0,
TRIM25,TRIM25,-1,0,0,
TRIP10,TRIP10,-1,0,0,
TRIP6,TRIP6,-1,0,0,
C00903,TRPA1,1,0,0,
C00076,TRPA1,1,0,0,
C07600,TRPA1,1,0,0,
PRKCE,TRPA1,1,0,0,
C19317,TRPA1,1,0,0,
TRPA1,TRPA1,-1,0,0,
C20171,TRPA1,1,0,0,
C00076,TRPC1,1,0,0,
GRM1,TRPC1,1,0,0,
TRPC1,TRPC1,-1,0,0,
PRKG1,TRPC6,-1,0,0,
TRPC6,TRPC6,-1,0,0,
ADRA1D,TRPC6,1,0,0,
NFATC1,TRPC6,1,0,0,
TRPM2,TRPM2,-1,0,0,
C13050,TRPM2,1,0,0,
TRPM4,TRPM4,-1,0,0,
C00002,TRPM4,-1,0,0,
TRPM5,TRPM5,-1,0,0,
C00076,TRPM5,1,0,0,
C00219,TRPM8,-1,0,0,
TRPM8,TRPM8,-1,0,0,
PRKACA,TRPM8,-1,0,0,
PPP1CA,TRPM8,-1,0,0,
C06254,TRPM8,1,0,0,
C09844,TRPM8,1,0,0,
C00400,TRPM8,1,0,0,
C20171,TRPM8,1,0,0,
C00469,TRPV1,1,0,0,
C16512,TRPV1,1,0,0,
PRKACA,TRPV1,1,0,0,
C00076,TRPV1,1,0,0,
C00080,TRPV1,1,0,0,
MAPK14,TRPV1,1,0,0,
C09179,TRPV1,1,0,0,
PRKCE,TRPV1,1,0,0,
C05965,TRPV1,1,0,0,
C06866,TRPV1,1,0,0,
TRPV1,TRPV1,-1,0,0,
C11695,TRPV1,1,0,0,
C12272,TRPV1,1,0,0,
C12271,TRPV1,1,0,0,
SRC,TRPV1,1,0,0,
CAMK2A,TRPV1,1,0,0,
TRPV2,TRPV2,-1,0,0,
IGF1,TRPV2,1,0,0,
C00808,TRPV3,1,0,0,
TRPV3,TRPV3,-1,0,0,
C20698,TRPV3,1,0,0,
PRKACA,TRPV4,1,0,0,
C09155,TRPV4,1,0,0,
PRKCA,TRPV4,1,0,0,
TRPV4,TRPV4,-1,0,0,
C14768,TRPV4,1,0,0,
ESR1,TRPV5,1,0,0,
PRKACA,TRPV5,1,0,0,
PRKCA,TRPV5,1,0,0,
VDR,TRPV5,1,0,0,
KL,TRPV5,1,0,0,
TRPV5,TRPV5,-1,0,0,
RAB11A,TRPV5,0,0,0,
VDR,TRPV6,1,0,0,
TRPV6,TRPV6,-1,0,0,
AKT3,TSC1,-1,0,0,
TSC1,TSC1,-1,0,0,
DDIT4,TSC1-107080638,1,0,0,
IKBKB,TSC1-107080638,-1,0,0,
PRKAA1,TSC1-107080638,1,0,0,
RPS6KA6,TSC1-107080638,-1,0,0,
TSC1-107080638,TSC1-107080638,-1,0,0,
AKT3,TSC1-107080638,-1,0,0,
MAPK1,TSC1-107080638,-1,0,0,
GSK3B,TSC1-107080638,1,0,0,
AKT3,TSC1-TSC2,-1,0,0,
TSC1-TSC2,TSC1-TSC2,-1,0,0,
PRKAG2,TSC1-TSC2,1,0,0,
AKT3,TSC2,-1,0,0,
TP53,TSC2,1,0,0,
TSC2,TSC2,-1,0,0,
TSC2-TSC1,TSC2-TSC1,-1,0,0,
PRKAG2,TSC2-TSC1,1,0,0,
AKT3,TSC2-TSC1,-1,0,0,
DDIT4,TSC2-TSC1,1,0,0,
MAPK1,TSC2-TSC1,1,0,0,
PRKAA1,TSC2-TSC1,1,0,0,
TSHR,TSHR,-1,0,0,
CGA,TSHR,1,0,0,
TSLP,TSLP,-1,0,0,
C05113,TSPO,1,0,0,
TSPO,TSPO,-1,0,0,
PRKCA,TTF1,1,0,0,
PRKACA,TTF1,1,0,0,
TTF1,TTF1,-1,0,0,
PRKCA,TTF2,1,0,0,
PRKACA,TTF2,1,0,0,
TTF2,TTF2,-1,0,0,
TELO2,TTI1,0,0,0,
MTOR,TTI1,0,0,0,
TTI1,TTI1,-1,0,0,
TTK,TTK,-1,0,0,
MARVELD2,TUBA1B,0,0,0,
GJA1,TUBA1B,0,0,0,
TUBA1B,TUBA1B,-1,0,0,
GZMB,TUBA1B,-1,0,0,
TJP1,TUBA1B,0,0,0,
DYNC1H1-RAB7B,TUBA1B-TUBB3,0,0,0,
TUBA1B-TUBB3,TUBA1B-TUBB3,-1,0,0,
TUBA1B,TUBB3,0,0,0,
TUBB3,TUBB3,-1,0,0,
GJA1,TUBB3,0,0,0,
TXNIP,TXN2,0,0,0,
TXN2,TXN2,-1,0,0,
TXNDC12,TXNDC12,-1,0,0,
GSTO2,TXNDC12,0,0,0,
GSS,TXNDC12,0,0,0,
GGT6,TXNDC12,0,0,0,
CHAC2,TXNDC12,0,0,0,
TXNIP,TXNIP,-1,0,0,
CTH,TXNRD2,0,0,0,
KYAT3,TXNRD2,0,0,0,
TXNRD2,TXNRD2,-1,0,0,
JAK1,TYK2,0,0,0,
IFNAR1,TYK2,1,0,0,
TYK2,TYK2,-1,0,0,
NT5C1B-RDH14,TYMP,0,0,0,
CDA,TYMP,0,0,0,
UMPS,TYMP,0,0,0,
TK1,TYMP,0,0,0,
CYP2A6,TYMP,0,0,0,
TYMP,TYMP,-1,0,0,
UPP2,TYMP,0,0,0,
UPRT,TYMP,0,0,0,
DPYD,TYMP,0,0,0,
DCTD,TYMS,0,0,0,
DTYMK,TYMS,0,0,0,
TK1,TYMS,0,0,0,
TYMS,TYMS,-1,0,0,
DUT,TYMS,0,0,0,
GOT1L1,TYR,0,0,0,
MITF,TYR,1,0,0,
TH,TYR,0,0,0,
TYR,TYR,-1,0,0,
PRKCB,TYR,1,0,0,
TPO,TYR,0,0,0,
DDC,TYR,0,0,0,
TNFRSF11A,TYROBP,1,0,0,
LCK,TYROBP,1,0,0,
TYROBP,TYROBP,-1,0,0,
FYN,TYROBP,1,0,0,
DCT,TYRP1,0,0,0,
MITF,TYRP1,1,0,0,
TYRP1,TYRP1,-1,0,0,
PGM3,UAP1,0,0,0,
UAP1,UAP1,-1,0,0,
PPARD-RXRA,UBC,1,0,0,
UBC,UBC,-1,0,0,
UBE2I,UBE2I,-1,0,0,
UBXN2A,UBXN2A,-1,0,0,
SVIP,UBXN2A,-1,0,0,
UPP2,UCKL1,0,0,0,
CMPK2,UCKL1,0,0,0,
CMPK1,UCKL1,0,0,0,
UPRT,UCKL1,0,0,0,
UCKL1,UCKL1,-1,0,0,
ENTPD8,UCKL1,0,0,0,
CANT1,UCKL1,0,0,0,
UCN3,UCN3,-1,0,0,
PPARA-RXRA,UCP1,1,0,0,
UCP1,UCP1,-1,0,0,
PPARD-RXRA,UCP1,1,0,0,
PPARG-RXRA,UCP1,1,0,0,
UFD1,UFD1,-1,0,0,
NPLOC4,UFD1,0,0,0,
GLB1,UGCG,0,0,0,
UGT8,UGCG,0,0,0,
UGCG,UGCG,-1,0,0,
SGPP2,UGCG,0,0,0,
DEGS2,UGCG,0,0,0,
SGMS2,UGCG,0,0,0,
ENPP7,UGCG,0,0,0,
CERS1,UGCG,0,0,0,
CERK,UGCG,0,0,0,
PLPP1,UGCG,0,0,0,
UXS1,UGDH,0,0,0,
UGT2B11,UGDH,0,0,0,
UGP2,UGDH,0,0,0,
UGDH,UGDH,-1,0,0,
PGM1,UGP2,0,0,0,
PGM2L1,UGP2,0,0,0,
UGP2,UGP2,-1,0,0,
UGDH,UGP2,0,0,0,
GALE,UGP2,0,0,0,
CYP3A4,UGT2B11,0,0,0,
AKR1C3,UGT2B11,0,0,0,
AKR1C1,UGT2B11,0,0,0,
AKR1C4,UGT2B11,0,0,0,
CBR1,UGT2B11,0,0,0,
AKR1D1,UGT2B11,0,0,0,
GUSB,UGT2B11,0,0,0,
ALDH1A1,UGT2B11,0,0,0,
CYP2A6,UGT2B11,0,0,0,
SULT1E1,UGT2B11,0,0,0,
SRD5A1,UGT2B11,0,0,0,
BLVRA,UGT2B11,0,0,0,
UGDH,UGT2B11,0,0,0,
CYP1A1,UGT2B11,0,0,0,
CYP4A11,UGT2B11,0,0,0,
CYP1B1,UGT2B11,0,0,0,
CYP2E1,UGT2B11,0,0,0,
CES1,UGT2B11,0,0,0,
CYP19A1,UGT2B11,0,0,0,
HSD17B1,UGT2B11,0,0,0,
CYP3A7-CYP3A51P,UGT2B11,0,0,0,
CYP2A13,UGT2B11,0,0,0,
MIOX,UGT2B11,0,0,0,
AOX1,UGT2B11,0,0,0,
HSD11B1,UGT2B11,0,0,0,
CYP26A1,UGT2B11,0,0,0,
UGT2B11,UGT2B11,-1,0,0,
COMT,UGT2B11,0,0,0,
107987478,UGT2B11,0,0,0,
NEU3,UGT8,0,0,0,
UGT8,UGT8,-1,0,0,
DEGS2,UGT8,0,0,0,
SGPP2,UGT8,0,0,0,
ENPP7,UGT8,0,0,0,
GLA,UGT8,0,0,0,
SGMS2,UGT8,0,0,0,
GAL3ST1,UGT8,0,0,0,
CERS1,UGT8,0,0,0,
PLPP1,UGT8,0,0,0,
CERS6,UGT8,0,0,0,
CERK,UGT8,0,0,0,
ULBP3,ULBP3,-1,0,0,
ULK1,ULK1,-1,0,0,
MTOR,ULK1,-1,0,0,
PPP2CA,ULK1,-1,0,0,
TRAF6,ULK1,1,0,0,
C9orf72,ULK1,0,0,0,
PRKACA,ULK1,-1,0,0,
RPTOR-DEPTOR,ULK1,-1,0,0,
MTOR,ULK1-RB1CC1,-1,0,0,
ULK1-RB1CC1,ULK1-RB1CC1,-1,0,0,
DPYD,UMPS,0,0,0,
CYP2A6,UMPS,0,0,0,
CANT1,UMPS,0,0,0,
UMPS,UMPS,-1,0,0,
CMPK1,UMPS,0,0,0,
CMPK2,UMPS,0,0,0,
ENTPD8,UMPS,0,0,0,
TYMP,UMPS,0,0,0,
UCKL1,UMPS,0,0,0,
NT5C1B-RDH14,UMPS,0,0,0,
UPRT,UMPS,0,0,0,
PTK2,UNC5D,1,0,0,
UNC5D,UNC5D,-1,0,0,
SRC,UNC5D,1,0,0,
UPB1,UPB1,-1,0,0,
GADL1,UPB1,0,0,0,
DPYS,UPB1,0,0,0,
ABAT,UPB1,0,0,0,
CARNS1,UPB1,0,0,0,
ALDH2,UPB1,0,0,0,
ALDH3A1,UPB1,0,0,0,
GAD1,UPB1,0,0,0,
SMG7,UPF1,0,0,0,
SMG5,UPF1,0,0,0,
SMG6,UPF1,0,0,0,
SMG1,UPF1,1,0,0,
UPF1,UPF1,-1,0,0,
NCBP1,UPF1,0,0,0,
ETF1,UPF1-UPF2,0,0,0,
UPF1-UPF2,UPF1-UPF2,-1,0,0,
UPF2,UPF2,-1,0,0,
UPF1,UPF2,0,0,0,
UPF3B,UPF3B,-1,0,0,
NXF1,UPF3B,0,0,0,
UPF2,UPF3B,0,0,0,
UPRT,UPP2,0,0,0,
CYP2A6,UPP2,0,0,0,
DPYD,UPP2,0,0,0,
CDA,UPP2,0,0,0,
UMPS,UPP2,0,0,0,
TK1,UPP2,0,0,0,
NT5C1B-RDH14,UPP2,0,0,0,
TYMP,UPP2,0,0,0,
UCKL1,UPP2,0,0,0,
UPP2,UPP2,-1,0,0,
UPRT,UPRT,-1,0,0,
CANT1,UPRT,0,0,0,
CMPK2,UPRT,0,0,0,
ENTPD8,UPRT,0,0,0,
UPP2,UPRT,0,0,0,
URM1,URM1,-1,0,0,
AMDHD1,UROC1,0,0,0,
UROC1,UROC1,-1,0,0,
CPOX,UROD,0,0,0,
UROD,UROD,-1,0,0,
UROD,UROS,0,0,0,
UROS,UROS,-1,0,0,
USP1-WDR48,USP1-WDR48,-1,0,0,
USP7,USP7,-1,0,0,
UTS2,UTS2,-1,0,0,
UTS2,UTS2R,1,0,0,
UTS2R,UTS2R,-1,0,0,
UVRAG,UVRAG,-1,0,0,
SH3GLB1,UVRAG,1,0,0,
UXS1,UXS1,-1,0,0,
VAMP1,VAMP1,-1,0,0,
STX1B,VAMP2,0,0,0,
VAMP2,VAMP2,-1,0,0,
PRKACA,VAMP2,0,0,0,
VAMP4,VAMP4,-1,0,0,
VAMP8,VAMP8,-1,0,0,
STX17-SNAP29,VAMP8,0,0,0,
VANGL2,VANGL2,-1,0,0,
PRICKLE1,VANGL2,0,0,0,
DVL1,VANGL2,0,0,0,
VASP,VASP,-1,0,0,
TJP1,VASP,0,0,0,
PRKACA,VASP,1,0,0,
PRKG1,VASP,1,0,0,
PTPN6,VAV3,-1,0,0,
PLCG1,VAV3,1,0,0,
ITGB2-ITGAL,VAV3,1,0,0,
ITK,VAV3,1,0,0,
PTK2B,VAV3,0,0,0,
VAV3,VAV3,-1,0,0,
RAP1A,VAV3,1,0,0,
ITGAL-ITGB2,VAV3,1,0,0,
PTPN11,VAV3,-1,0,0,
CD19,VAV3,1,0,0,
SYK,VAV3,1,0,0,
PIK3CA,VAV3,0,0,0,
SH3BP2,VAV3,0,0,0,
LCP2,VAV3,1,0,0,
RAP1A,VAV3-TIAM1,1,0,0,
VAV3-TIAM1,VAV3-TIAM1,-1,0,0,
ITGA9-ITGB1,VCAM1,1,0,0,
NFKB1-RELA,VCAM1,1,0,0,
ITGB1-ITGA4,VCAM1,1,0,0,
VCAM1,VCAM1,-1,0,0,
PXN,VCL,0,0,0,
PIKFYVE,VCL,0,0,0,
CTNNA1,VCL,0,0,0,
VCL,VCL,-1,0,0,
PIP5K1C,VCL,0,0,0,
ACTB,VCL,0,0,0,
NPLOC4,VCP,0,0,0,
SVIP,VCP,0,0,0,
UBXN2A,VCP,0,0,0,
VCP,VCP,-1,0,0,
C01673,VDR,0,0,0,
VDR,VDR,-1,0,0,
VEGFA,VEGFA,-1,0,0,
ARNT-CREBBP,VEGFA,1,0,0,
VHL-RBX1,VHL-RBX1,-1,0,0,
VIP,VIP,-1,0,0,
VIPR1,VIPR1,-1,0,0,
VIP,VIPR1,1,0,0,
NQO1,VKORC1L1,0,0,0,
VKORC1L1,VKORC1L1,-1,0,0,
GGCX,VKORC1L1,0,0,0,
TP53INP2,VMP1,1,0,0,
VMP1,VMP1,-1,0,0,
ATG13,VMP1,1,0,0,
VNN3,VNN3,-1,0,0,
PANK1,VNN3,0,0,0,
VPS45,VPS45,-1,0,0,
VPS4A,VPS4A,-1,0,0,
CHMP5,VPS4A,0,0,0,
VPS4A-VTA1,VPS4A-VTA1,-1,0,0,
CHMP1A,VPS4A-VTA1,0,0,0,
VSIR,VSIR,-1,0,0,
VPS4A,VTA1,0,0,0,
VTA1,VTA1,-1,0,0,
VTI1B-STX8,VTI1B-STX8,-1,0,0,
YKT6,VTI1B-STX8,1,0,0,
VTN,VTN,-1,0,0,
VWF,VWF,-1,0,0,
WAS,WAS,-1,0,0,
C04637,WAS,1,0,0,
CDC42,WAS,1,0,0,
WAS-VASP,WAS-VASP,-1,0,0,
CDC42,WAS-VASP,1,0,0,
WASF1-BRK1,WASF1-BRK1,-1,0,0,
ABI2-NCKAP1,WASF1-BRK1,-1,0,0,
BAIAP2,WASF2,1,0,0,
RAC1,WASF2,1,0,0,
WASF2,WASF2,-1,0,0,
RAC1,WASF2-BAIAP2,1,0,0,
WASF2-BAIAP2,WASF2-BAIAP2,-1,0,0,
CDC42,WASL,1,0,0,
WASL,WASL,-1,0,0,
FIP1L1-CPSF3,WDR33-WDR82,0,0,0,
WDR33-WDR82,WDR33-WDR82,-1,0,0,
WEE2,WEE2,-1,0,0,
WFS1,WFS1,-1,0,0,
CTTN,WHAMM,0,0,0,
CDC42,WHAMM,1,0,0,
WHAMM,WHAMM,-1,0,0,
WIF1,WIF1,-1,0,0,
ATG2A,WIPI2,0,0,0,
C04549,WIPI2,1,0,0,
WIPI2,WIPI2,-1,0,0,
WNT11,WNT11,-1,0,0,
SFRP1,WNT16,-1,0,0,
NOTUM,WNT16,-1,0,0,
PORCN,WNT16,1,0,0,
WIF1,WNT16,-1,0,0,
WNT16,WNT16,-1,0,0,
CER1,WNT16,-1,0,0,
THRB,WNT4,1,0,0,
THRA,WNT4,1,0,0,
WNT4,WNT4,-1,0,0,
WNT5A,WNT5A,-1,0,0,
WTIP,WTIP,-1,0,0,
WWC1-NF2,WWC1-NF2,-1,0,0,
WWTR1-YWHAQ,WWTR1-YWHAQ,-1,0,0,
XBP1,XBP1,-1,0,0,
ERN1,XBP1,1,0,0,
XCL1,XCL1,-1,0,0,
XCL2,XCL2,-1,0,0,
XCR1,XCR1,-1,0,0,
XCL1,XCR1,1,0,0,
XCL2,XCR1,1,0,0,
NAT2,XDH,0,0,0,
TPMT,XDH,0,0,0,
HPRT1,XDH,0,0,0,
XDH,XDH,-1,0,0,
PNP,XDH,0,0,0,
CYP1A2,XDH,0,0,0,
NFKB1-RELA,XIAP,1,0,0,
XIAP,XIAP,-1,0,0,
XPO1,XPO1,-1,0,0,
RAN,XPO1,0,0,0,
XPO5,XPO5,-1,0,0,
RAN,XPO5,0,0,0,
XPOT,XPOT,-1,0,0,
RAN,XPOT,0,0,0,
XYLB,XYLB,-1,0,0,
RPE,XYLB,0,0,0,
XYLT1,XYLT1,-1,0,0,
TPTEP2-CSNK1E,YAP1,-1,0,0,
FBXW11,YAP1,-1,0,0,
LLGL2-SCRIB,YAP1,-1,0,0,
PPP2CA,YAP1,1,0,0,
AMOT,YAP1,0,0,0,
YAP1,YAP1,-1,0,0,
YWHAQ,YAP1,0,0,0,
PPP1CA-TP53BP2,YAP1,1,0,0,
LATS2,YAP1,-1,0,0,
YAP1-TEAD1,YAP1-TEAD1,-1,0,0,
YAP1-TP73,YAP1-TP73,-1,0,0,
TJP1,YBX3,-1,0,0,
YBX3,YBX3,-1,0,0,
YES1,YES1,-1,0,0,
YKT6,YKT6,-1,0,0,
BEX3,YWHAE,0,0,0,
YWHAE,YWHAE,-1,0,0,
CTNNA1,YWHAQ,1,0,0,
YWHAQ,YWHAQ,-1,0,0,
CD247,ZAP70,1,0,0,
TYROBP,ZAP70,1,0,0,
LCK,ZAP70,1,0,0,
CBLB,ZAP70,-1,0,0,
PTPN6,ZAP70,-1,0,0,
FYN,ZAP70,1,0,0,
ZAP70,ZAP70,-1,0,0,
FCER1G,ZAP70,1,0,0,
ZBP1,ZBP1,-1,0,0,
ZBTB17,ZBTB17,-1,0,0,
MYC,ZBTB17,-1,0,0,
ZFYVE1,ZFYVE1,-1,0,0,
C04549,ZFYVE1,1,0,0,
ZFYVE9,ZFYVE9,-1,0,0,
ZMAT3,ZMAT3,-1,0,0,
TP53,ZMAT3,1,0,0,
ICMT,ZMPSTE24,0,0,0,
ZMPSTE24,ZMPSTE24,-1,0,0,
ZNF274,ZNF274,-1,0,0,
NGFR,ZNF274,0,0,0,
TRAF6,ZNF274,0,0,0,
RSPO1,ZNRF3,-1,0,0,
ZNRF3,ZNRF3,-1,0,0,
ZYX,ZYX,-1,0,0,
